0.04 -0.102511 -0.638429 4 1 0
0.0406671 -0.102209 -0.638378 3 1 0
0.0408845 -0.103762 -0.637457 3 1 0
0.0399734 -0.107316 -0.636823 4 1 0
0.0399701 -0.107331 -0.636824 4 1 0
0.039995 -0.107057 -0.637162 4 1 0
0.0397033 -0.106336 -0.637505 4 1 0
0.0397715 -0.106744 -0.638333 4 1 0
0.0398909 -0.107832 -0.639634 4 1 0
0.0398456 -0.109937 -0.641312 4 1 0
0.0397203 -0.110884 -0.6427 3 1 0
0.0388183 -0.112161 -0.644335 3 1 0
0.0379322 -0.107859 -0.644135 4 1 0
0.0381365 -0.111369 -0.645907 4 1 0
0.0381363 -0.11184 -0.646 4 1 0
0.037795 -0.110788 -0.647766 3 1 0
0.0373687 -0.108347 -0.64852 3 1 0
0.0371242 -0.109879 -0.649197 3 1 0
0.0372562 -0.11271 -0.650115 4 1 0
0.0369766 -0.120318 -0.650583 3 1 0
0.036717 -0.108302 -0.650014 3 1 0
0.0374828 -0.106645 -0.650913 4 1 0
0.037308 -0.100338 -0.650695 3 1 0
0.0373047 -0.1003 -0.650692 3 1 0
0.03738 -0.100385 -0.651117 3 1 0
0.0373514 -0.100807 -0.651062 3 1 0
0.0376 -0.107717 -0.650843 4 1 0
0.0382675 -0.110381 -0.650903 4 1 0
0.0389684 -0.103282 -0.651134 4 1 0
0.0394708 -0.0993338 -0.651466 4 1 0
0.0395366 -0.107301 -0.649758 4 1 0
0.0400951 -0.0989122 -0.649643 4 1 0
0.040595 -0.0951319 -0.650195 4 1 0
0.0411335 -0.0954524 -0.649671 4 1 0
0.0415739 -0.0939062 -0.649804 4 1 0
0.041644 -0.0963202 -0.649559 3 1 0
0.0418782 -0.0997826 -0.646847 4 1 0
0.0425405 -0.100101 -0.646285 4 1 0
0.0429494 -0.103736 -0.646356 4 1 0
0.0395988 -0.100932 -0.649789 4 1 0
0.0412363 -0.0988932 -0.649519 4 1 0
0.0412585 -0.0984877 -0.649456 4 1 0
0.0405781 -0.10313 -0.650588 4 1 0
0.0403968 -0.100889 -0.650574 4 1 0
0.0400425 -0.100721 -0.650445 4 1 0
0.0395286 -0.103382 -0.650251 4 1 0
0.0390054 -0.102879 -0.650944 4 1 0
0.0384737 -0.105972 -0.652145 4 1 0
0.0381966 -0.113232 -0.650944 4 1 0
0.0376781 -0.100811 -0.651559 4 1 0
0.0372684 -0.101428 -0.651697 4 1 0
0.0372613 -0.102795 -0.651599 3 1 0
0.0373585 -0.112343 -0.651165 3 1 0
0.0373664 -0.113967 -0.651012 3 1 0
0.037448 -0.110399 -0.650707 4 1 0
0.0373234 -0.107846 -0.650524 4 1 0
0.0371501 -0.106765 -0.650237 4 1 0
0.0373597 -0.109464 -0.650002 4 1 0
0.0372008 -0.108703 -0.649128 4 1 0
0.0370468 -0.109381 -0.648247 4 1 0
0.0369303 -0.112978 -0.648234 3 1 0
0.0372896 -0.112765 -0.647947 3 1 0
0.0376804 -0.109189 -0.647715 3 1 0
0.0378204 -0.109594 -0.646474 3 1 0
0.0379939 -0.113447 -0.645892 3 1 0
0.0380091 -0.11478 -0.645675 4 1 0
0.0378183 -0.113722 -0.644796 3 1 0
0.0391033 -0.111086 -0.641533 3 1 0
0.0402998 -0.108383 -0.640533 3 1 0
0.0397287 -0.106724 -0.639316 3 1 0
0.0395463 -0.109108 -0.639891 3 1 0
0.0392206 -0.116849 -0.640752 3 1 0
0.0387702 -0.113328 -0.643706 3 1 0
0.0377825 -0.109981 -0.644316 3 1 0
0.0376347 -0.110132 -0.644584 4 1 0
0.0379494 -0.114513 -0.645301 3 1 0
0.0374557 -0.109026 -0.646576 3 1 0
0.0371592 -0.109534 -0.647654 3 1 0
0.0374189 -0.108614 -0.648403 4 1 0
0.0371936 -0.113368 -0.649258 3 1 0
0.0369472 -0.12135 -0.64958 3 1 0
0.0372979 -0.108717 -0.648697 4 1 0
0.0375877 -0.112798 -0.650078 3 1 0
0.0372923 -0.103309 -0.649638 3 1 0
0.037312 -0.108973 -0.649214 3 1 0
0.0376948 -0.113823 -0.64936 4 1 0
0.0384132 -0.107947 -0.649882 4 1 0
0.0387436 -0.108412 -0.649733 4 1 0
0.0392442 -0.113088 -0.64959 4 1 0
0.0397639 -0.105414 -0.649679 4 1 0
0.040369 -0.102082 -0.648863 4 1 0
0.0407463 -0.0986615 -0.649124 4 1 0
0.0410019 -0.0998001 -0.649338 4 1 0
0.0413517 -0.100353 -0.64931 4 1 0
0.0415644 -0.107969 -0.648508 4 1 0
0.0419394 -0.104229 -0.647222 4 1 0
0.0424854 -0.100456 -0.645727 4 1 0
0.0433977 -0.101089 -0.644567 4 1 0
0.0441453 -0.103855 -0.644401 4 1 0
0.0443688 -0.101029 -0.644935 4 1 0
0.0439156 -0.107051 -0.645127 4 1 0
0.0439045 -0.10698 -0.645134 4 1 0
0.042956 -0.102378 -0.645314 4 1 0
0.0418706 -0.10062 -0.646058 4 1 0
0.0415693 -0.102735 -0.647629 3 1 0
0.0413907 -0.0980359 -0.648527 4 1 0
0.0409646 -0.105369 -0.647763 4 1 0
0.0402506 -0.114519 -0.647055 4 1 0
0.0397527 -0.102357 -0.648509 4 1 0
0.0389806 -0.103377 -0.648479 4 1 0
0.0383833 -0.113104 -0.648193 4 1 0
0.0383809 -0.108462 -0.648469 4 1 0
0.038184 -0.106448 -0.648253 4 1 0
0.0381352 -0.108805 -0.64803 3 1 0
0.0377857 -0.109033 -0.646472 4 1 0
0.0380817 -0.113131 -0.646223 3 1 0
0.0383861 -0.108997 -0.64557 3 1 0
0.038415 -0.116224 -0.644289 3 1 0
0.0384182 -0.117377 -0.644189 4 1 0
0.0381952 -0.11197 -0.643197 4 1 0
0.0381297 -0.110523 -0.643007 4 1 0
0.0387802 -0.110529 -0.642529 3 1 0
0.0401266 -0.111633 -0.641189 3 1 0
0.0404145 -0.109993 -0.637811 3 1 0
0.0405113 -0.10957 -0.636264 3 1 0
0.0407479 -0.10796 -0.634666 3 1 0
0.0419088 -0.104151 -0.632522 3 1 0
0.0427611 -0.0996395 -0.629924 4 1 0
0.0427694 -0.0996049 -0.629892 3 1 0
0.0434389 -0.101525 -0.629561 3 1 0
0.0436688 -0.109795 -0.629242 4 1 0
0.0439729 -0.106503 -0.630334 3 1 0
0.0450943 -0.0961843 -0.632247 3 1 0
0.0452376 -0.0993809 -0.63261 4 1 0
0.0449557 -0.101845 -0.633925 4 1 0
0.0455311 -0.0950097 -0.634819 4 1 0
0.0453618 -0.104788 -0.636192 4 1 0
0.0453628 -0.105486 -0.63633 4 1 0
0.0452207 -0.0950173 -0.63875 4 1 0
0.0451475 -0.0966903 -0.639776 3 1 0
0.0453363 -0.101319 -0.640342 3 1 0
0.0455933 -0.0957451 -0.63996 4 1 0
0.045702 -0.0963228 -0.639256 4 1 0
0.0457442 -0.100292 -0.63861 4 1 0
0.045941 -0.108346 -0.63791 4 1 0
0.045705 -0.0999231 -0.636369 3 1 0
0.045347 -0.0922323 -0.635231 3 1 0
0.0450921 -0.104959 -0.635413 3 1 0
0.0453956 -0.0937527 -0.633491 3 1 0
0.0449942 -0.0937265 -0.632306 3 1 0
0.0442893 -0.0989192 -0.631198 3 1 0
0.0439471 -0.106577 -0.630458 3 1 0
0.0437902 -0.111757 -0.629868 3 1 0
0.0434231 -0.10925 -0.629008 3 1 0
0.0434098 -0.10589 -0.628837 3 1 0
0.0427776 -0.102269 -0.631109 3 1 0
0.041803 -0.107182 -0.63241 3 1 0
0.0408786 -0.111563 -0.633905 3 1 0
0.0407758 -0.110231 -0.635548 4 1 0
0.0406185 -0.110861 -0.636908 4 1 0
0.0407009 -0.108449 -0.638969 3 1 0
0.0406545 -0.111089 -0.636983 4 1 0
0.0405999 -0.110128 -0.63618 4 1 0
0.0414826 -0.107338 -0.634122 3 1 0
0.0424887 -0.10666 -0.632158 3 1 0
0.043306 -0.101713 -0.629884 3 1 0
0.0436735 -0.102433 -0.628631 3 1 0
0.0438166 -0.105263 -0.628252 3 1 0
0.0438911 -0.110647 -0.628512 3 1 0
0.044576 -0.103388 -0.629359 3 1 0
0.0452942 -0.0987492 -0.630062 3 1 0
0.0457012 -0.0972855 -0.63044 3 1 0
0.0459973 -0.0983456 -0.630653 3 1 0
0.0460374 -0.0997151 -0.630713 4 1 0
0.0463361 -0.0968479 -0.630681 3 1 0
0.0465986 -0.0996451 -0.631164 3 1 0
0.0467384 -0.103707 -0.6316 3 1 0
0.0469422 -0.106089 -0.632095 3 1 0
0.047011 -0.108899 -0.632343 4 1 0
0.0469387 -0.10442 -0.632549 4 1 0
0.0465436 -0.102785 -0.632264 3 1 0
0.0465539 -0.103977 -0.632427 3 1 0
0.0466639 -0.1095 -0.633297 3 1 0
0.0468763 -0.0991875 -0.633852 4 1 0
0.0467154 -0.106108 -0.632436 3 1 0
0.0466591 -0.106508 -0.631841 4 1 0
0.0465459 -0.102156 -0.631357 4 1 0
0.0465629 -0.0995301 -0.630716 4 1 0
0.046571 -0.0980768 -0.630495 4 1 0
0.0461438 -0.101154 -0.630713 3 1 0
0.0460652 -0.0991325 -0.630498 3 1 0
0.0460346 -0.0980223 -0.63027 3 1 0
0.0458319 -0.0989858 -0.630113 3 1 0
0.0457951 -0.0990796 -0.629751 3 1 0
0.0457294 -0.100597 -0.629317 3 1 0
0.0456116 -0.101595 -0.628739 3 1 0
0.0454769 -0.104734 -0.628636 3 1 0
0.0452716 -0.109711 -0.628469 3 1 0
0.0452635 -0.112136 -0.628597 3 1 0
0.0450702 -0.110489 -0.628329 3 1 0
0.0448627 -0.108246 -0.628138 3 1 0
0.0446618 -0.106941 -0.627889 3 1 0
0.0444868 -0.106445 -0.628512 3 1 0
0.0443912 -0.107132 -0.629103 3 1 0
0.0444368 -0.109701 -0.63023 3 1 0
0.0442243 -0.112821 -0.630862 3 1 0
0.0439613 -0.109901 -0.631325 3 1 0
0.0437572 -0.109253 -0.6316 4 1 0
0.0441457 -0.110796 -0.631654 4 1 0
0.044468 -0.110837 -0.631633 4 1 0
0.044 -0.108358 -0.632129 4 1 0
0.0444228 -0.108942 -0.632274 4 1 0
0.0446949 -0.111088 -0.632391 4 1 0
0.0441517 -0.109226 -0.631608 4 1 0
0.0438168 -0.108743 -0.631396 4 1 0
0.0437712 -0.108281 -0.631327 4 1 0
0.0440894 -0.112798 -0.63191 4 1 0
0.0441659 -0.111597 -0.631851 3 1 0
0.0438375 -0.102036 -0.631708 3 1 0
0.0436368 -0.109165 -0.632937 4 1 0
0.0437671 -0.111814 -0.633036 4 1 0
0.0437643 -0.111709 -0.633046 4 1 0
0.0439539 -0.107142 -0.634232 3 1 0
0.0435172 -0.105975 -0.63496 4 1 0
0.0431769 -0.104601 -0.634588 4 1 0
0.0437635 -0.106692 -0.635049 3 1 0
0.0436543 -0.106733 -0.635592 4 1 0
0.0436426 -0.107407 -0.635972 4 1 0
0.0435434 -0.102171 -0.635027 3 1 0
0.0434092 -0.110851 -0.634588 3 1 0
0.0433811 -0.11489 -0.634571 3 1 0
0.0440666 -0.105679 -0.635708 4 1 0
0.04456 -0.110505 -0.635739 4 1 0
0.0445523 -0.107463 -0.634632 4 1 0
0.0447352 -0.112308 -0.635727 3 1 0
0.0443465 -0.107657 -0.634936 3 1 0
0.044344 -0.107597 -0.634801 3 1 0
0.0453514 -0.110597 -0.633796 3 1 0
0.0452838 -0.105977 -0.633565 3 1 0
0.0452723 -0.103642 -0.633008 3 1 0
0.0457171 -0.107646 -0.633888 4 1 0
0.0457853 -0.106778 -0.63346 3 1 0
0.0458197 -0.106954 -0.633762 3 1 0
0.0458399 -0.104133 -0.634614 4 1 0
0.045954 -0.104475 -0.634824 4 1 0
0.0460694 -0.105277 -0.63501 4 1 0
0.0463369 -0.105931 -0.635384 4 1 0
0.0464479 -0.106547 -0.635893 4 1 0
0.0465045 -0.106099 -0.636316 4 1 0
0.0463139 -0.106573 -0.635891 3 1 0
0.046283 -0.107278 -0.636248 4 1 0
0.0460672 -0.106943 -0.635999 4 1 0
0.045931 -0.108735 -0.636175 3 1 0
0.0453165 -0.107298 -0.635338 4 1 0
0.0448602 -0.112502 -0.63528 4 1 0
0.0452267 -0.107438 -0.636484 4 1 0
0.0445843 -0.107652 -0.63671 4 1 0
0.0437276 -0.113507 -0.637148 4 1 0
0.044419 -0.105274 -0.637157 4 1 0
0.0444119 -0.105423 -0.637162 4 1 0
0.043901 -0.112005 -0.637139 4 1 0
0.0433572 -0.110676 -0.637517 4 1 0
0.0427993 -0.108213 -0.637812 4 1 0
0.0427322 -0.104897 -0.637859 3 1 0
0.0426992 -0.109517 -0.63749 4 1 0
0.0422339 -0.107028 -0.637905 4 1 0
0.0422288 -0.106207 -0.637963 4 1 0
0.0425938 -0.105724 -0.636998 4 1 0
0.0426389 -0.103694 -0.636844 4 1 0
0.0424453 -0.102733 -0.636269 3 1 0
0.0426308 -0.114904 -0.637416 3 1 0
0.0426133 -0.113288 -0.637435 4 1 0
0.0426044 -0.113248 -0.637457 4 1 0
0.0427454 -0.112851 -0.637578 4 1 0
0.0435881 -0.10659 -0.63779 4 1 0
0.0442375 -0.106078 -0.638386 4 1 0
0.0442161 -0.103224 -0.638136 3 1 0
0.0440785 -0.106174 -0.638473 3 1 0
0.0439961 -0.110908 -0.638067 4 1 0
0.0439389 -0.10812 -0.637865 4 1 0
0.0446922 -0.107393 -0.637292 4 1 0
0.0454427 -0.110001 -0.637006 4 1 0
0.0455904 -0.115176 -0.636306 4 1 0
0.0455101 -0.106196 -0.636728 4 1 0
0.0454021 -0.103469 -0.636782 3 1 0
0.0463256 -0.106314 -0.63587 4 1 0
0.0463299 -0.106837 -0.635594 3 1 0
0.0462885 -0.100404 -0.63561 3 1 0
0.0462611 -0.0973075 -0.636429 3 1 0
0.046227 -0.0964879 -0.636456 3 1 0
0.0462269 -0.0965046 -0.636452 3 1 0
0.0466039 -0.0977542 -0.636363 4 1 0
0.046752 -0.100068 -0.636062 4 1 0
0.0468621 -0.104466 -0.635614 4 1 0
0.0469984 -0.101709 -0.635948 4 1 0
0.0470712 -0.0990666 -0.635949 4 1 0
0.0471467 -0.0972003 -0.636056 4 1 0
0.0471118 -0.105411 -0.635627 4 1 0
0.0471029 -0.104103 -0.635258 4 1 0
0.0470769 -0.100264 -0.634972 3 1 0
0.0470808 -0.0967943 -0.63486 3 1 0
0.0469953 -0.0956837 -0.634744 3 1 0
0.0469156 -0.0960098 -0.634652 3 1 0
0.0467081 -0.0948132 -0.63416 3 1 0
0.0466436 -0.0939923 -0.634116 3 1 0
0.046534 -0.0952884 -0.633973 3 1 0
0.0460953 -0.0962643 -0.633443 3 1 0
0.0458274 -0.100552 -0.633506 3 1 0
0.0455628 -0.103516 -0.633283 3 1 0
0.0451803 -0.10078 -0.632611 3 1 0
0.0449128 -0.100866 -0.631799 3 1 0
0.0447428 -0.101615 -0.631062 3 1 0
0.0448402 -0.102169 -0.631124 3 1 0
0.0436662 -0.102301 -0.630465 3 1 0
0.0433541 -0.109764 -0.629646 3 1 0
0.0424308 -0.108561 -0.63074 3 1 0
0.0417711 -0.112939 -0.632319 4 1 0
0.0417667 -0.112922 -0.632338 3 1 0
0.0418176 -0.115156 -0.634535 3 1 0
0.0409077 -0.108444 -0.636796 3 1 0
0.040154 -0.103992 -0.63866 3 1 0
0.039958 -0.107324 -0.640072 4 1 0
0.039952 -0.106963 -0.640275 3 1 0
0.0394931 -0.108926 -0.641697 3 1 0
0.0387116 -0.110314 -0.642879 4 1 0
0.0387424 -0.110661 -0.644485 3 1 0
0.0384923 -0.11075 -0.645091 4 1 0
0.0382406 -0.107969 -0.64583 4 1 0
0.0382388 -0.107343 -0.645925 4 1 0
0.038067 -0.10805 -0.645593 4 1 0
0.0377672 -0.112732 -0.643985 4 1 0
0.0380608 -0.108012 -0.643983 3 1 0
0.0385689 -0.108539 -0.643913 3 1 0
0.0386198 -0.107161 -0.643046 3 1 0
0.0391722 -0.107486 -0.642283 3 1 0
0.0395228 -0.11209 -0.641235 3 1 0
0.0396819 -0.104684 -0.639867 3 1 0
0.0403048 -0.108686 -0.638497 3 1 0
0.0406316 -0.115287 -0.636943 3 1 0
0.0410832 -0.11094 -0.635659 4 1 0
0.0412883 -0.112561 -0.633719 3 1 0
0.0412964 -0.111886 -0.633547 4 1 0
0.0421738 -0.112134 -0.629785 3 1 0
0.0426892 -0.102956 -0.63088 3 1 0
0.0431774 -0.0998001 -0.631662 3 1 0
0.0436308 -0.0997555 -0.632047 3 1 0
0.0436866 -0.100063 -0.632043 3 1 0
0.0437324 -0.100432 -0.632244 3 1 0
0.0440826 -0.10724 -0.633144 3 1 0
0.0430818 -0.0970084 -0.630727 4 1 0
0.0422627 -0.0964762 -0.628991 3 1 0
0.042054 -0.0990422 -0.630013 4 1 0
0.041538 -0.10681 -0.63284 3 1 0
0.0415482 -0.106382 -0.632806 3 1 0
0.0403935 -0.113347 -0.636576 3 1 0
0.0398684 -0.107142 -0.638887 3 1 0
0.0395612 -0.105602 -0.641061 3 1 0
0.0390949 -0.1051 -0.642589 3 1 0
0.0390391 -0.105957 -0.642677 3 1 0
0.0389798 -0.106939 -0.642765 3 1 0
0.0382619 -0.110697 -0.643442 3 1 0
0.0382734 -0.109996 -0.644855 4 1 0
0.0382895 -0.109467 -0.645032 4 1 0
0.0375625 -0.109886 -0.645125 4 1 0
0.0376612 -0.109415 -0.64664 4 1 0
0.0376621 -0.109437 -0.64662 4 1 0
0.0378176 -0.111135 -0.648154 3 1 0
0.0372549 -0.114658 -0.648708 4 1 0
0.0370548 -0.110194 -0.648264 3 1 0
0.0375065 -0.105409 -0.647502 4 1 0
0.0374069 -0.110769 -0.647498 4 1 0
0.0374006 -0.112266 -0.647461 4 1 0
0.0374304 -0.108779 -0.647756 4 1 0
0.0374044 -0.108396 -0.647651 4 1 0
0.0377047 -0.112181 -0.647731 4 1 0
0.0377526 -0.112495 -0.647676 4 1 0
0.0380702 -0.103433 -0.647165 4 1 0
0.0383938 -0.10073 -0.646379 4 1 0
0.0390786 -0.113015 -0.647328 4 1 0
0.0395773 -0.105659 -0.647517 4 1 0
0.0400914 -0.101802 -0.647808 4 1 0
0.0403017 -0.107316 -0.6469 4 1 0
0.0411233 -0.100742 -0.647645 4 1 0
0.0414743 -0.100167 -0.647873 4 1 0
0.0415697 -0.108442 -0.646745 4 1 0
0.0419994 -0.105279 -0.64511 4 1 0
0.0427081 -0.104403 -0.644136 4 1 0
0.0435352 -0.107155 -0.643656 4 1 0
0.0442075 -0.113294 -0.643702 4 1 0
0.0445851 -0.104461 -0.643571 4 1 0
0.0448439 -0.102357 -0.642155 4 1 0
0.0455075 -0.10277 -0.641199 4 1 0
0.0455208 -0.102802 -0.64118 4 1 0
0.0457236 -0.103498 -0.640731 4 1 0
0.0457924 -0.0990971 -0.640328 4 1 0
0.0460764 -0.0982273 -0.639817 4 1 0
0.0467763 -0.0995694 -0.638788 4 1 0
0.0467928 -0.102692 -0.637826 4 1 0
0.0467888 -0.102882 -0.637788 3 1 0
0.0466415 -0.098069 -0.636324 3 1 0
0.0466365 -0.0976382 -0.636222 3 1 0
0.0467905 -0.0976797 -0.63586 4 1 0
0.0466303 -0.101413 -0.634377 3 1 0
0.0467297 -0.104296 -0.634673 3 1 0
0.0467107 -0.10384 -0.634496 3 1 0
0.0472061 -0.106653 -0.635906 3 1 0
0.0471541 -0.100931 -0.636492 4 1 0
0.0466978 -0.102039 -0.636809 4 1 0
0.0464297 -0.0987972 -0.638212 4 1 0
0.0464333 -0.101553 -0.638476 4 1 0
0.0464334 -0.1016 -0.638475 4 1 0
0.0458185 -0.105269 -0.638292 4 1 0
0.0451795 -0.109235 -0.639128 4 1 0
0.0449857 -0.104964 -0.639703 3 1 0
0.0448583 -0.109387 -0.639838 4 1 0
0.0448353 -0.108781 -0.639843 4 1 0
0.0452936 -0.1049 -0.638445 4 1 0
0.045989 -0.101182 -0.63862 4 1 0
0.0461662 -0.104666 -0.637468 4 1 0
0.0463266 -0.110297 -0.635888 4 1 0
0.0467982 -0.107203 -0.635243 4 1 0
0.0472674 -0.10151 -0.635083 4 1 0
0.0472626 -0.100166 -0.635154 3 1 0
0.0467782 -0.0991059 -0.635372 3 1 0
0.046988 -0.102892 -0.635808 3 1 0
0.0470678 -0.108788 -0.635822 3 1 0
0.0460659 -0.104698 -0.637416 4 1 0
0.0454127 -0.103672 -0.638595 4 1 0
0.0453599 -0.104128 -0.639173 3 1 0
0.0455107 -0.110393 -0.638829 4 1 0
0.044935 -0.106216 -0.639494 4 1 0
0.0442655 -0.104073 -0.640612 4 1 0
0.0442817 -0.108716 -0.640987 4 1 0
0.0436588 -0.105392 -0.641261 4 1 0
0.042993 -0.104156 -0.642439 4 1 0
0.0425031 -0.10529 -0.643607 3 1 0
0.0425585 -0.109491 -0.644666 3 1 0
0.0425798 -0.106768 -0.645011 3 1 0
0.0420442 -0.111133 -0.643875 4 1 0
0.0416502 -0.114712 -0.644247 4 1 0
0.0412371 -0.113681 -0.644659 4 1 0
0.0411429 -0.107093 -0.644915 4 1 0
0.0407785 -0.109869 -0.645252 4 1 0
0.0403982 -0.113165 -0.645648 4 1 0
0.0401399 -0.111153 -0.645483 4 1 0
0.0398072 -0.114796 -0.645928 4 1 0
0.0394671 -0.109252 -0.646373 4 1 0
0.0392122 -0.104742 -0.646887 4 1 0
0.0388657 -0.103108 -0.647139 4 1 0
0.0385085 -0.103315 -0.647282 4 1 0
0.0382695 -0.107778 -0.647112 4 1 0
0.0379604 -0.112393 -0.647065 4 1 0
0.0377686 -0.113163 -0.647017 4 1 0
0.037894 -0.111939 -0.647567 3 1 0
0.0380675 -0.112596 -0.647119 4 1 0
0.0380945 -0.107702 -0.647118 4 1 0
0.0384061 -0.101927 -0.647819 4 1 0
0.0384109 -0.102159 -0.648091 4 1 0
0.0383878 -0.103752 -0.648297 4 1 0
0.038295 -0.109338 -0.648024 4 1 0
0.0384031 -0.106296 -0.648668 4 1 0
0.0385262 -0.103944 -0.649359 4 1 0
0.0385074 -0.107206 -0.649718 3 1 0
0.0385532 -0.10915 -0.649381 3 1 0
0.0385519 -0.106727 -0.649098 3 1 0
0.0389633 -0.107643 -0.649808 3 1 0
0.0389987 -0.109868 -0.649332 3 1 0
0.0390263 -0.109031 -0.649162 3 1 0
0.041327 -0.104902 -0.646583 4 1 0
0.0414247 -0.10503 -0.646519 4 1 0
0.0403423 -0.105197 -0.647879 4 1 0
0.0399233 -0.104281 -0.647299 4 1 0
0.0396733 -0.106332 -0.647911 4 1 0
0.0398351 -0.107529 -0.648519 3 1 0
0.0401691 -0.103427 -0.648866 3 1 0
0.0400981 -0.103709 -0.648157 4 1 0
0.0397147 -0.108389 -0.647258 4 1 0
0.0393741 -0.112865 -0.646057 4 1 0
0.0391281 -0.108154 -0.646239 4 1 0
0.0388175 -0.103661 -0.646355 4 1 0
0.0386448 -0.105561 -0.646322 4 1 0
0.0384161 -0.112536 -0.645801 4 1 0
0.0384037 -0.112942 -0.64544 3 1 0
0.0385924 -0.108657 -0.645201 4 1 0
0.038669 -0.114805 -0.644424 4 1 0
0.0391526 -0.111073 -0.643403 4 1 0
0.0387735 -0.109229 -0.64377 3 1 0
0.0390212 -0.108286 -0.642604 3 1 0
0.0395766 -0.110066 -0.641399 3 1 0
0.0400084 -0.115246 -0.640156 3 1 0
0.0401924 -0.111726 -0.639199 4 1 0
0.0400368 -0.10818 -0.638082 4 1 0
0.0410051 -0.103968 -0.636326 3 1 0
0.0416674 -0.105471 -0.634557 3 1 0
0.0419474 -0.111939 -0.632938 3 1 0
0.0421045 -0.105553 -0.631105 4 1 0
0.0422511 -0.105392 -0.630403 3 1 0
0.0424537 -0.105605 -0.629902 3 1 0
0.0430474 -0.105622 -0.629379 3 1 0
0.0434069 -0.105832 -0.628863 3 1 0
0.0422558 -0.115522 -0.633827 3 1 0
0.0418148 -0.118376 -0.635882 3 1 0
0.0411105 -0.11015 -0.637665 4 1 0
0.0405354 -0.10568 -0.639181 3 1 0
0.0406274 -0.109504 -0.640264 3 1 0
0.0400423 -0.112594 -0.641545 3 1 0
0.0393495 -0.108361 -0.641969 4 1 0
0.0395761 -0.109029 -0.642507 3 1 0
0.0395358 -0.108802 -0.642567 3 1 0
0.039733 -0.109142 -0.644797 3 1 0
0.0396075 -0.114772 -0.644843 4 1 0
0.0401397 -0.103725 -0.645252 4 1 0
0.0401576 -0.102308 -0.645255 3 1 0
0.0397943 -0.112616 -0.644586 4 1 0
0.0407475 -0.108935 -0.644811 4 1 0
0.0417633 -0.103099 -0.64556 4 1 0
0.0416869 -0.114881 -0.644241 4 1 0
0.0423281 -0.107292 -0.644465 4 1 0
0.0430208 -0.099527 -0.644922 4 1 0
0.042802 -0.10043 -0.644505 4 1 0
0.0431708 -0.108251 -0.644673 4 1 0
0.0435967 -0.105103 -0.643563 4 1 0
0.0445645 -0.107391 -0.642912 4 1 0
0.0446812 -0.100489 -0.642514 4 1 0
0.0446914 -0.100466 -0.6425 4 1 0
0.0457452 -0.102667 -0.64083 4 1 0
0.0460641 -0.109878 -0.639585 3 1 0
0.0460836 -0.109911 -0.639507 3 1 0
0.0463676 -0.104331 -0.639726 4 1 0
0.0457971 -0.101843 -0.640394 4 1 0
0.0463252 -0.102816 -0.639709 4 1 0
0.0463203 -0.0983913 -0.638569 4 1 0
0.0463942 -0.0984248 -0.638153 4 1 0
0.0463974 -0.0984431 -0.638142 4 1 0
0.0466459 -0.104333 -0.634585 4 1 0
0.0470499 -0.0995089 -0.633411 4 1 0
0.0470998 -0.099133 -0.633603 3 1 0
0.046663 -0.100168 -0.635136 3 1 0
0.04701 -0.1065 -0.635337 3 1 0
0.047223 -0.103382 -0.636028 3 1 0
0.0467482 -0.0984581 -0.636946 3 1 0
0.0467509 -0.0984901 -0.636936 3 1 0
0.046803 -0.0997 -0.636748 3 1 0
0.047079 -0.106939 -0.636311 4 1 0
0.0463401 -0.0999705 -0.631084 3 1 0
0.0462101 -0.0947808 -0.629943 3 1 0
0.046643 -0.108813 -0.631615 3 1 0
0.0469285 -0.0995578 -0.63315 3 1 0
0.047051 -0.0973554 -0.63445 3 1 0
0.0468829 -0.100267 -0.63418 3 1 0
0.0469111 -0.100617 -0.634154 3 1 0
0.04689 -0.100514 -0.634059 3 1 0
0.0467394 -0.103647 -0.636113 4 1 0
0.0466702 -0.103425 -0.636202 4 1 0
0.0465691 -0.10326 -0.636337 4 1 0
0.0461696 -0.103251 -0.637264 4 1 0
0.0461344 -0.101404 -0.637595 4 1 0
0.0461177 -0.100408 -0.637875 4 1 0
0.0461005 -0.10414 -0.637698 4 1 0
0.045585 -0.104704 -0.638136 4 1 0
0.0451799 -0.106239 -0.638674 4 1 0
0.0453203 -0.108294 -0.637796 4 1 0
0.0446899 -0.105105 -0.638833 4 1 0
0.0443305 -0.104992 -0.640344 4 1 0
0.0439591 -0.110978 -0.641224 4 1 0
0.0437688 -0.103685 -0.640932 4 1 0
0.0437723 -0.103648 -0.640913 4 1 0
0.0434454 -0.111309 -0.640442 4 1 0
0.0427032 -0.10426 -0.64107 4 1 0
0.0420291 -0.10295 -0.641313 4 1 0
0.0416873 -0.102798 -0.641214 4 1 0
0.0416657 -0.102648 -0.641173 3 1 0
0.041493 -0.103732 -0.641617 3 1 0
0.0412317 -0.102856 -0.642445 3 1 0
0.0411447 -0.102869 -0.642771 3 1 0
0.041022 -0.103664 -0.643042 3 1 0
0.0405425 -0.104945 -0.643093 3 1 0
0.0404391 -0.107266 -0.643274 3 1 0
0.0404022 -0.107968 -0.643308 3 1 0
0.0402279 -0.109446 -0.643762 3 1 0
0.0401734 -0.107363 -0.643707 3 1 0
0.0405521 -0.101999 -0.643251 4 1 0
0.0412546 -0.107508 -0.643541 4 1 0
0.0417833 -0.114604 -0.643141 4 1 0
0.0423014 -0.107512 -0.642961 4 1 0
0.0426223 -0.108781 -0.643423 3 1 0
0.0426333 -0.109202 -0.643286 3 1 0
0.0428732 -0.10539 -0.642512 4 1 0
0.0433187 -0.105857 -0.641985 4 1 0
0.0439598 -0.105762 -0.640725 4 1 0
0.0446067 -0.108015 -0.639663 4 1 0
0.0451363 -0.110545 -0.63956 4 1 0
0.0456143 -0.106096 -0.63954 4 1 0
0.0457336 -0.102214 -0.63914 4 1 0
0.0462161 -0.10609 -0.637355 4 1 0
0.0465406 -0.10727 -0.636408 4 1 0
0.0465645 -0.105821 -0.636411 3 1 0
0.0468225 -0.106719 -0.635755 4 1 0
0.0468559 -0.105952 -0.635378 3 1 0
0.0467865 -0.107274 -0.634921 3 1 0
0.0470379 -0.106529 -0.634742 4 1 0
0.0468914 -0.107067 -0.634478 3 1 0
0.0467105 -0.102354 -0.634023 3 1 0
0.0467877 -0.100769 -0.633829 3 1 0
0.0467523 -0.0999102 -0.633869 3 1 0
0.0469995 -0.103068 -0.634512 3 1 0
0.0472172 -0.109663 -0.635019 3 1 0
0.0470416 -0.108071 -0.633041 3 1 0
0.0468728 -0.102603 -0.63146 3 1 0
0.0461921 -0.0959102 -0.631148 3 1 0
0.0459586 -0.101278 -0.630008 3 1 0
0.0458145 -0.11441 -0.628608 3 1 0
0.0453541 -0.103596 -0.62889 3 1 0
0.0451017 -0.102479 -0.628868 3 1 0
0.0442904 -0.110686 -0.628925 3 1 0
0.0435118 -0.110458 -0.629801 3 1 0
0.0429088 -0.109986 -0.631553 3 1 0
0.0427283 -0.109214 -0.632588 3 1 0
0.0424285 -0.105821 -0.633812 3 1 0
0.0420865 -0.107659 -0.634457 3 1 0
0.0420656 -0.107292 -0.634541 3 1 0
0.0416941 -0.106463 -0.635172 3 1 0
0.0417948 -0.105445 -0.635214 3 1 0
0.0421122 -0.110269 -0.634504 3 1 0
0.0424329 -0.110399 -0.633928 4 1 0
0.0424879 -0.110482 -0.633383 3 1 0
0.0426492 -0.108359 -0.632737 3 1 0
0.043051 -0.112671 -0.631675 4 1 0
0.0437022 -0.113385 -0.630929 4 1 0
0.043732 -0.112991 -0.630873 3 1 0
0.0439125 -0.108979 -0.629625 3 1 0
0.0440473 -0.10551 -0.628633 3 1 0
0.0442635 -0.10475 -0.628244 3 1 0
0.0446407 -0.104782 -0.628562 3 1 0
0.0448698 -0.10515 -0.628045 3 1 0
0.045168 -0.107544 -0.628124 3 1 0
0.0455341 -0.104815 -0.628538 3 1 0
0.045744 -0.106009 -0.628557 3 1 0
0.0457803 -0.108984 -0.628743 3 1 0
0.0456798 -0.110392 -0.628786 3 1 0
0.0456495 -0.106298 -0.628843 3 1 0
0.0454637 -0.105008 -0.62916 3 1 0
0.045429 -0.10984 -0.629304 3 1 0
0.044605 -0.108184 -0.629416 3 1 0
0.0440519 -0.107092 -0.628977 3 1 0
0.0439824 -0.10765 -0.628834 3 1 0
0.0441871 -0.110292 -0.629674 4 1 0
0.0442833 -0.11386 -0.630128 4 1 0
0.0442655 -0.117084 -0.631249 3 1 0
0.0437852 -0.107475 -0.632146 4 1 0
0.04332 -0.102949 -0.632654 3 1 0
0.0427838 -0.111624 -0.633709 4 1 0
0.0437959 -0.105068 -0.633855 4 1 0
0.0435944 -0.105648 -0.633834 3 1 0
0.0434476 -0.113133 -0.633656 3 1 0
0.0434276 -0.10445 -0.633868 4 1 0
0.0431818 -0.108591 -0.633681 4 1 0
0.0440473 -0.113748 -0.632865 4 1 0
0.0436335 -0.108025 -0.632405 4 1 0
0.0433087 -0.107508 -0.632003 4 1 0
0.0439467 -0.102383 -0.630612 4 1 0
0.0439101 -0.102347 -0.630633 3 1 0
0.043667 -0.10536 -0.630554 3 1 0
0.0436382 -0.10882 -0.632696 4 1 0
0.043636 -0.108786 -0.632693 4 1 0
0.0437746 -0.105594 -0.632213 3 1 0
0.0438398 -0.111995 -0.631045 3 1 0
0.0438492 -0.112161 -0.631029 3 1 0
0.0437682 -0.104985 -0.630886 3 1 0
0.0442434 -0.111929 -0.63116 4 1 0
0.0444614 -0.113549 -0.631184 4 1 0
0.0446604 -0.112712 -0.631201 4 1 0
0.0445167 -0.10789 -0.63165 4 1 0
0.044604 -0.107991 -0.63164 4 1 0
0.0447065 -0.108884 -0.631585 4 1 0
0.0446591 -0.110762 -0.631809 3 1 0
0.0447221 -0.112706 -0.631788 3 1 0
0.0447801 -0.115037 -0.63174 3 1 0
0.045506 -0.114954 -0.631337 3 1 0
0.0455605 -0.111112 -0.631168 3 1 0
0.0455748 -0.107766 -0.630978 3 1 0
0.0455206 -0.107645 -0.630875 3 1 0
0.045602 -0.106101 -0.630755 3 1 0
0.0457042 -0.112953 -0.63209 4 1 0
0.0455559 -0.110071 -0.633115 4 1 0
0.0453379 -0.106534 -0.63374 4 1 0
0.0453349 -0.106516 -0.633745 4 1 0
0.0451138 -0.110061 -0.63414 4 1 0
0.0451304 -0.112469 -0.634353 3 1 0
0.0449078 -0.110357 -0.635486 4 1 0
0.0442304 -0.10908 -0.636655 4 1 0
0.044022 -0.106648 -0.637245 4 1 0
0.0438204 -0.107516 -0.637588 4 1 0
0.0439029 -0.114391 -0.637948 4 1 0
0.0438179 -0.114987 -0.638441 4 1 0
0.0437356 -0.115155 -0.638916 4 1 0
0.0435306 -0.113174 -0.639296 3 1 0
0.0434377 -0.112048 -0.639811 4 1 0
0.0433385 -0.112122 -0.64033 4 1 0
0.0432472 -0.109884 -0.640729 4 1 0
0.0437552 -0.105641 -0.640346 4 1 0
0.0436297 -0.105354 -0.640517 4 1 0
0.0445789 -0.109543 -0.637448 4 1 0
0.0449599 -0.102099 -0.635168 4 1 0
0.0454154 -0.0996022 -0.632728 4 1 0
0.0455546 -0.107559 -0.634977 4 1 0
0.0463981 -0.101641 -0.633695 4 1 0
0.0466871 -0.109537 -0.631459 3 1 0
0.0469229 -0.105118 -0.630913 4 1 0
0.0467178 -0.106325 -0.631083 4 1 0
0.0464876 -0.107684 -0.631256 4 1 0
0.0465243 -0.101452 -0.630854 3 1 0
0.0465174 -0.103808 -0.631438 3 1 0
0.0464917 -0.105931 -0.631697 3 1 0
0.0462555 -0.112351 -0.631894 4 1 0
0.0460282 -0.111684 -0.632051 4 1 0
0.0457703 -0.11046 -0.632212 4 1 0
0.0457103 -0.104854 -0.631962 3 1 0
0.045632 -0.106114 -0.631977 3 1 0
0.0455644 -0.106419 -0.631983 3 1 0
0.0457381 -0.110315 -0.631954 4 1 0
0.0456199 -0.110653 -0.631835 4 1 0
0.0454985 -0.111064 -0.631731 4 1 0
0.0453343 -0.108032 -0.632116 3 1 0
0.0448702 -0.10733 -0.63291 4 1 0
0.0440063 -0.106685 -0.633588 4 1 0
0.0443965 -0.110684 -0.633008 4 1 0
0.0442978 -0.108208 -0.633154 3 1 0
0.0444175 -0.108511 -0.633933 3 1 0
0.044812 -0.108621 -0.633946 3 1 0
0.0448222 -0.107619 -0.633809 4 1 0
0.0440391 -0.11175 -0.632228 4 1 0
0.0437508 -0.11141 -0.632868 4 1 0
0.0440652 -0.105406 -0.633629 3 1 0
0.0445868 -0.103852 -0.632922 4 1 0
0.0441092 -0.103017 -0.63186 4 1 0
0.0443212 -0.10648 -0.631571 4 1 0
0.0445853 -0.116971 -0.631763 4 1 0
0.044582 -0.10293 -0.631144 4 1 0
0.0447566 -0.108914 -0.631185 3 1 0
0.0446042 -0.109689 -0.631595 4 1 0
0.0441865 -0.10809 -0.632064 3 1 0
0.044122 -0.108646 -0.63239 3 1 0
0.0440654 -0.109682 -0.632702 3 1 0
0.0439935 -0.108613 -0.63286 4 1 0
0.043798 -0.108161 -0.633291 4 1 0
0.0436177 -0.10778 -0.633661 4 1 0
0.0428469 -0.106846 -0.630937 4 1 0
0.042873 -0.104155 -0.631066 3 1 0
0.0430395 -0.117879 -0.634008 4 1 0
0.0430889 -0.10512 -0.635631 4 1 0
0.0431867 -0.102595 -0.63616 4 1 0
0.0429241 -0.102295 -0.637128 3 1 0
0.0428712 -0.103232 -0.636486 4 1 0
0.0426001 -0.105659 -0.635743 4 1 0
0.0424708 -0.111264 -0.635394 4 1 0
0.0430388 -0.106247 -0.635778 3 1 0
0.0429197 -0.112531 -0.63552 4 1 0
0.0425998 -0.108783 -0.635032 4 1 0
0.0431814 -0.112532 -0.634206 3 1 0
0.0432006 -0.112279 -0.634147 3 1 0
0.0431991 -0.108571 -0.634062 3 1 0
0.0431089 -0.107259 -0.633543 4 1 0
0.0431279 -0.107319 -0.633321 3 1 0
0.0432769 -0.109071 -0.633171 3 1 0
0.0437521 -0.106629 -0.63288 4 1 0
0.043824 -0.110264 -0.632634 3 1 0
0.0441339 -0.115555 -0.632416 3 1 0
0.044175 -0.105819 -0.631921 3 1 0
0.0442838 -0.107291 -0.631852 3 1 0
0.0444877 -0.109511 -0.631976 3 1 0
0.0450191 -0.105903 -0.63197 3 1 0
0.045266 -0.107584 -0.631924 3 1 0
0.0455108 -0.108689 -0.631824 3 1 0
0.0455455 -0.111044 -0.631652 3 1 0
0.045824 -0.10573 -0.631509 3 1 0
0.0460314 -0.103112 -0.631324 3 1 0
0.0461684 -0.107749 -0.631224 3 1 0
0.0462378 -0.111398 -0.630989 3 1 0
0.0462388 -0.110077 -0.630895 4 1 0
0.0455736 -0.10603 -0.630977 3 1 0
0.0458004 -0.105072 -0.631356 3 1 0
0.0461726 -0.104674 -0.631747 3 1 0
0.0462134 -0.106064 -0.630921 3 1 0
0.046405 -0.104854 -0.631289 3 1 0
0.0467763 -0.104477 -0.631715 3 1 0
0.0466335 -0.104502 -0.631422 3 1 0
0.0469768 -0.104256 -0.631834 3 1 0
0.0474565 -0.105761 -0.632129 3 1 0
0.046939 -0.103871 -0.631567 4 1 0
0.0472378 -0.105417 -0.631791 4 1 0
0.0472393 -0.105427 -0.631791 4 1 0
0.0473256 -0.108207 -0.631426 4 1 0
0.0473262 -0.108211 -0.631428 3 1 0
0.0477048 -0.108308 -0.632784 3 1 0
0.0470136 -0.102796 -0.633688 4 1 0
0.0471527 -0.104153 -0.634352 3 1 0
0.0473843 -0.107758 -0.635689 3 1 0
0.0475778 -0.10311 -0.637315 4 1 0
0.0469864 -0.105083 -0.638935 4 1 0
0.0462698 -0.104774 -0.639957 4 1 0
0.0459728 -0.105687 -0.640692 4 1 0
0.0452451 -0.10425 -0.641616 4 1 0
0.0446124 -0.103899 -0.6427 4 1 0
0.0440655 -0.104531 -0.643662 4 1 0
0.0437156 -0.106986 -0.644626 4 1 0
0.0433999 -0.103539 -0.645775 4 1 0
0.042986 -0.0991355 -0.646071 4 1 0
0.042302 -0.101222 -0.645709 4 1 0
0.0416675 -0.106133 -0.645635 4 1 0
0.0413229 -0.101086 -0.648165 4 1 0
0.0413233 -0.101144 -0.64814 4 1 0
0.0405044 -0.103181 -0.647791 4 1 0
0.0399939 -0.103525 -0.647921 4 1 0
0.0396371 -0.108528 -0.647818 4 1 0
0.0396252 -0.105213 -0.648018 4 1 0
0.0393946 -0.102137 -0.646896 4 1 0
0.0389668 -0.101836 -0.646297 4 1 0
0.0385023 -0.107317 -0.646216 4 1 0
0.0388052 -0.10486 -0.647031 3 1 0
0.0393544 -0.112926 -0.646754 3 1 0
0.0395634 -0.107316 -0.645864 4 1 0
0.039433 -0.11165 -0.64474 3 1 0
0.0398801 -0.110953 -0.643635 3 1 0
0.0398914 -0.110138 -0.643233 4 1 0
0.0398984 -0.116826 -0.643151 3 1 0
0.0398455 -0.114688 -0.64299 3 1 0
0.0398327 -0.114144 -0.642971 4 1 0
0.0399459 -0.115899 -0.643543 3 1 0
0.0399569 -0.116778 -0.643209 3 1 0
0.0399083 -0.113813 -0.642947 4 1 0
0.0400492 -0.112399 -0.64314 3 1 0
0.0400069 -0.108629 -0.642698 3 1 0
0.0399814 -0.106377 -0.642423 3 1 0
0.040236 -0.106197 -0.642618 3 1 0
0.0405851 -0.108696 -0.642557 3 1 0
0.0409312 -0.108203 -0.642185 3 1 0
0.0414154 -0.114125 -0.640986 4 1 0
0.0418825 -0.110867 -0.640668 3 1 0
0.042261 -0.103832 -0.640417 3 1 0
0.0426711 -0.101729 -0.639815 3 1 0
0.0428419 -0.103289 -0.639407 3 1 0
0.0429091 -0.107946 -0.638886 3 1 0
0.043565 -0.105244 -0.638804 3 1 0
0.0442676 -0.104672 -0.638356 3 1 0
0.0447646 -0.107511 -0.637662 3 1 0
0.0450397 -0.10252 -0.636702 4 1 0
0.0454922 -0.107079 -0.635872 3 1 0
0.0456616 -0.107359 -0.634954 3 1 0
0.045878 -0.104309 -0.63412 3 1 0
0.0461881 -0.106009 -0.633329 3 1 0
0.0465754 -0.103213 -0.633139 3 1 0
0.0468285 -0.103131 -0.633558 3 1 0
0.0469519 -0.104724 -0.633356 3 1 0
0.0469553 -0.104645 -0.633215 4 1 0
0.0473069 -0.104238 -0.631704 4 1 0
0.0467586 -0.104992 -0.633735 4 1 0
0.0463826 -0.100385 -0.637143 4 1 0
0.0465606 -0.100402 -0.639859 4 1 0
0.046066 -0.0988998 -0.640644 4 1 0
0.0452229 -0.103239 -0.641267 4 1 0
0.0446572 -0.0985548 -0.644379 4 1 0
0.0438483 -0.105589 -0.645554 4 1 0
0.0426105 -0.105114 -0.646416 4 1 0
0.0419473 -0.10339 -0.647612 4 1 0
0.0413288 -0.110747 -0.648864 4 1 0
0.0402355 -0.103328 -0.649464 4 1 0
0.039534 -0.104141 -0.649356 4 1 0
0.0384078 -0.107527 -0.649163 4 1 0
0.0376245 -0.115193 -0.64987 4 1 0
0.0379978 -0.10779 -0.650466 4 1 0
0.0379886 -0.107716 -0.650462 4 1 0
0.0372115 -0.105198 -0.650027 4 1 0
0.0371316 -0.110848 -0.650635 4 1 0
0.0371137 -0.115475 -0.65034 4 1 0
0.0370051 -0.11179 -0.649968 4 1 0
0.0370827 -0.117125 -0.6499 4 1 0
0.0369764 -0.114641 -0.649536 4 1 0
0.0367836 -0.111072 -0.649147 4 1 0
0.036677 -0.115377 -0.648868 4 1 0
0.0365233 -0.111488 -0.648525 4 1 0
0.0364811 -0.108463 -0.64826 4 1 0
0.0369179 -0.105178 -0.648642 3 1 0
0.0383105 -0.104739 -0.648855 3 1 0
0.0383742 -0.103571 -0.648481 4 1 0
0.0374909 -0.100989 -0.646947 3 1 0
0.0382662 -0.109341 -0.646716 4 1 0
0.0382876 -0.109287 -0.646671 3 1 0
0.0388307 -0.107804 -0.645795 4 1 0
0.038634 -0.104672 -0.644972 4 1 0
0.0389964 -0.106619 -0.64487 3 1 0
0.0398193 -0.106957 -0.643963 3 1 0
0.0397754 -0.10703 -0.644015 3 1 0
0.0426272 -0.107727 -0.640011 3 1 0
0.0432568 -0.10581 -0.63942 3 1 0
0.0434573 -0.107374 -0.63842 3 1 0
0.0436141 -0.106466 -0.637466 3 1 0
0.0446661 -0.107018 -0.637035 3 1 0
0.0446846 -0.106249 -0.635053 3 1 0
0.0452625 -0.10423 -0.633976 3 1 0
0.0462172 -0.103554 -0.633075 3 1 0
0.047142 -0.105548 -0.633136 3 1 0
0.0473495 -0.103149 -0.632885 4 1 0
0.0468301 -0.101512 -0.631404 3 1 0
0.0473096 -0.0989288 -0.63383 3 1 0
0.0474513 -0.101678 -0.634794 3 1 0
0.0470157 -0.101729 -0.63625 4 1 0
0.0467463 -0.0989978 -0.636878 4 1 0
0.0465006 -0.0996365 -0.637949 4 1 0
0.0463283 -0.10052 -0.639259 4 1 0
0.045937 -0.103632 -0.640234 4 1 0
0.0456531 -0.108283 -0.641407 4 1 0
0.0453345 -0.10739 -0.642957 4 1 0
0.0447419 -0.10131 -0.644089 4 1 0
0.0439626 -0.0990839 -0.644914 4 1 0
0.0435133 -0.098828 -0.6455 4 1 0
0.0428448 -0.0988218 -0.646135 4 1 0
0.0441829 -0.102141 -0.644547 4 1 0
0.0420395 -0.110518 -0.647292 4 1 0
0.0419926 -0.110327 -0.647337 4 1 0
0.0419273 -0.110161 -0.647397 4 1 0
0.0417366 -0.101567 -0.647116 4 1 0
0.0416353 -0.104134 -0.647346 4 1 0
0.0415226 -0.106727 -0.647525 4 1 0
0.0413473 -0.109849 -0.647759 4 1 0
0.0409412 -0.111158 -0.647963 4 1 0
0.0400622 -0.105145 -0.648011 4 1 0
0.0387239 -0.0975463 -0.645888 3 1 0
0.038734 -0.106934 -0.647589 4 1 0
0.0386851 -0.113599 -0.648208 4 1 0
0.0387687 -0.105332 -0.648002 4 1 0
0.0383077 -0.103782 -0.647969 4 1 0
0.0380745 -0.105002 -0.648004 3 1 0
0.0388264 -0.109913 -0.64774 4 1 0
0.0390417 -0.113124 -0.647323 4 1 0
0.0392071 -0.0995049 -0.645827 4 1 0
0.0392392 -0.102732 -0.647331 4 1 0
0.039083 -0.105234 -0.647772 4 1 0
0.0389612 -0.11041 -0.64795 4 1 0
0.0383007 -0.107637 -0.647877 4 1 0
0.0380797 -0.104814 -0.648076 4 1 0
0.0379764 -0.104135 -0.648215 3 1 0
0.0377596 -0.10618 -0.648009 3 1 0
0.037832 -0.109221 -0.648054 3 1 0
0.0379921 -0.11348 -0.648092 3 1 0
0.0381778 -0.107915 -0.648102 4 1 0
0.0379455 -0.104586 -0.648886 4 1 0
0.0384292 -0.108019 -0.649082 4 1 0
0.0386356 -0.111791 -0.648564 4 1 0
0.0387502 -0.101463 -0.647407 3 1 0
0.0386345 -0.097115 -0.646184 4 1 0
0.0397252 -0.108592 -0.648324 4 1 0
0.0403344 -0.10065 -0.648233 4 1 0
0.0412349 -0.098107 -0.648049 4 1 0
0.0417293 -0.0975942 -0.647529 4 1 0
0.0425822 -0.101597 -0.646694 4 1 0
0.043274 -0.113107 -0.645512 4 1 0
0.044083 -0.101877 -0.645095 4 1 0
0.0448805 -0.111564 -0.643416 4 1 0
0.0454993 -0.104376 -0.641739 4 1 0
0.0462372 -0.102057 -0.640153 4 1 0
0.0465516 -0.100174 -0.638664 4 1 0
0.0469141 -0.103717 -0.637172 4 1 0
0.047121 -0.104601 -0.6364 3 1 0
0.046282 -0.0997872 -0.638631 4 1 0
0.0462795 -0.099816 -0.638634 4 1 0
0.0459874 -0.0998666 -0.639739 4 1 0
0.0457294 -0.101485 -0.640493 4 1 0
0.0455012 -0.103937 -0.641318 4 1 0
0.0452871 -0.107938 -0.642449 4 1 0
0.0449993 -0.106298 -0.643473 4 1 0
0.0446182 -0.101551 -0.644381 4 1 0
0.0441792 -0.103518 -0.644877 4 1 0
0.0437743 -0.0995269 -0.645677 4 1 0
0.0432574 -0.0976178 -0.646291 4 1 0
0.0427628 -0.0975095 -0.646697 4 1 0
0.0421942 -0.0969773 -0.647142 4 1 0
0.0416639 -0.0980957 -0.647507 4 1 0
0.0412337 -0.0974186 -0.647763 4 1 0
0.0408127 -0.100099 -0.648082 4 1 0
0.0405015 -0.104441 -0.648393 4 1 0
0.0400646 -0.101921 -0.648438 4 1 0
0.0397892 -0.107874 -0.648702 4 1 0
0.0393681 -0.109357 -0.648827 4 1 0
0.03851 -0.0951711 -0.647717 4 1 0
0.0383566 -0.098134 -0.648502 4 1 0
0.0380359 -0.104539 -0.649369 4 1 0
0.0377192 -0.110046 -0.649723 4 1 0
0.0371892 -0.107618 -0.650126 4 1 0
0.0365621 -0.103319 -0.650377 4 1 0
0.0363038 -0.108049 -0.650568 3 1 0
0.0361908 -0.112334 -0.651511 4 1 0
0.0359044 -0.105643 -0.651395 4 1 0
0.035598 -0.104834 -0.650505 4 1 0
0.0351094 -0.10815 -0.649784 4 1 0
0.0352165 -0.114776 -0.649907 3 1 0
0.0360631 -0.10452 -0.650479 4 1 0
0.0357896 -0.10566 -0.650111 3 1 0
0.0365035 -0.0996289 -0.650515 3 1 0
0.0364879 -0.100336 -0.650276 3 1 0
0.0367186 -0.103873 -0.64949 3 1 0
0.0372248 -0.112999 -0.648833 4 1 0
0.0375486 -0.111852 -0.648625 4 1 0
0.037553 -0.111609 -0.648619 3 1 0
0.0380427 -0.101725 -0.648433 3 1 0
0.0388107 -0.100497 -0.647992 3 1 0
0.0400448 -0.1021 -0.647739 3 1 0
0.0399529 -0.101433 -0.647746 3 1 0
0.0401431 -0.103527 -0.647574 3 1 0
0.0405075 -0.106114 -0.647572 3 1 0
0.0407765 -0.106188 -0.647483 3 1 0
0.0409058 -0.1077 -0.647184 4 1 0
0.0413149 -0.105578 -0.647167 3 1 0
0.0415979 -0.105674 -0.647018 3 1 0
0.0415885 -0.0981738 -0.646027 4 1 0
0.0420625 -0.102398 -0.646183 3 1 0
0.0424006 -0.105427 -0.646421 3 1 0
0.0427555 -0.105863 -0.646151 3 1 0
0.0428931 -0.107857 -0.64604 3 1 0
0.0429825 -0.104934 -0.645864 3 1 0
0.0434176 -0.104423 -0.645614 4 1 0
0.0437245 -0.103387 -0.645632 3 1 0
0.0439314 -0.104308 -0.645362 3 1 0
0.0441023 -0.104442 -0.644551 3 1 0
0.0441497 -0.104064 -0.643977 3 1 0
0.044113 -0.103488 -0.643207 3 1 0
0.0442112 -0.10393 -0.64335 4 1 0
0.0445905 -0.106871 -0.635668 4 1 0
0.0439007 -0.0986511 -0.636532 4 1 0
0.0436199 -0.0991985 -0.637971 4 1 0
0.0405107 -0.102074 -0.645806 4 1 0
0.0402538 -0.104365 -0.646683 4 1 0
0.0395567 -0.105498 -0.646271 4 1 0
0.0393928 -0.107335 -0.647017 4 1 0
0.0393192 -0.105769 -0.647704 4 1 0
0.0394371 -0.0965568 -0.648184 4 1 0
0.0391263 -0.0966694 -0.648411 4 1 0
0.0387706 -0.0985018 -0.648514 4 1 0
0.0378912 -0.105889 -0.649471 4 1 0
0.0378279 -0.103723 -0.650249 4 1 0
0.0377011 -0.0994878 -0.650593 4 1 0
0.037344 -0.10013 -0.650859 4 1 0
0.0369729 -0.0991824 -0.650678 4 1 0
0.0365524 -0.100757 -0.650326 4 1 0
0.0364223 -0.10195 -0.650931 4 1 0
0.0361175 -0.100887 -0.65076 4 1 0
0.0361183 -0.100886 -0.65076 4 1 0
0.035851 -0.101648 -0.650738 4 1 0
0.0357373 -0.104056 -0.650539 4 1 0
0.0357457 -0.103751 -0.650541 4 1 0
0.0358358 -0.103474 -0.650564 3 1 0
0.0357943 -0.104572 -0.650532 3 1 0
0.0357669 -0.105992 -0.650469 3 1 0
0.0361043 -0.104848 -0.649638 4 1 0
0.0357872 -0.106732 -0.649672 4 1 0
0.0351981 -0.107376 -0.650653 3 1 0
0.0355788 -0.105695 -0.650071 4 1 0
0.0354405 -0.102066 -0.650041 3 1 0
0.0360867 -0.105204 -0.650581 3 1 0
0.0369751 -0.104549 -0.650506 3 1 0
0.0370465 -0.10584 -0.650203 4 1 0
0.0369496 -0.11163 -0.649388 4 1 0
0.0373167 -0.104716 -0.650069 3 1 0
0.0382419 -0.108585 -0.649684 3 1 0
0.0387354 -0.107846 -0.649044 4 1 0
0.039093 -0.108177 -0.648166 4 1 0
0.0390964 -0.108085 -0.64815 3 1 0
0.0395647 -0.104138 -0.647552 3 1 0
0.0403122 -0.104772 -0.648119 4 1 0
0.040319 -0.104789 -0.648126 3 1 0
0.04154 -0.10647 -0.648577 3 1 0
0.0415253 -0.109625 -0.646148 4 1 0
0.0418884 -0.103345 -0.645637 4 1 0
0.041891 -0.103261 -0.645644 3 1 0
0.0425145 -0.104356 -0.645857 4 1 0
0.0425231 -0.104203 -0.645849 3 1 0
0.0432711 -0.0982736 -0.645437 3 1 0
0.0441159 -0.102564 -0.644192 3 1 0
0.044188 -0.10441 -0.643135 3 1 0
0.0443824 -0.100422 -0.642305 3 1 0
0.0449257 -0.103962 -0.640874 4 1 0
0.0448987 -0.106574 -0.639009 4 1 0
0.0446197 -0.0996137 -0.637264 4 1 0
0.0444056 -0.101506 -0.635248 4 1 0
0.0443376 -0.100171 -0.63538 3 1 0
0.0443113 -0.0996949 -0.636208 3 1 0
0.0448558 -0.104043 -0.636505 3 1 0
0.0448408 -0.104028 -0.636381 3 1 0
0.0441703 -0.102284 -0.63671 3 1 0
0.0440836 -0.100447 -0.63635 4 1 0
0.0447046 -0.10793 -0.640655 4 1 0
0.0445849 -0.107658 -0.640937 4 1 0
0.0445767 -0.10357 -0.641052 4 1 0
0.044402 -0.102436 -0.640763 4 1 0
0.0442324 -0.101884 -0.640494 4 1 0
0.0443432 -0.103285 -0.640436 4 1 0
0.0441636 -0.102586 -0.640089 4 1 0
0.0439436 -0.102203 -0.639708 4 1 0
0.0438371 -0.105687 -0.639406 4 1 0
0.0436459 -0.104026 -0.638949 4 1 0
0.0434427 -0.10277 -0.638504 4 1 0
0.043263 -0.107674 -0.637412 3 1 0
0.0431795 -0.105487 -0.637251 3 1 0
0.0432871 -0.101673 -0.635589 4 1 0
0.0427501 -0.102138 -0.636753 4 1 0
0.0423219 -0.107126 -0.637917 4 1 0
0.0423081 -0.111062 -0.639171 4 1 0
0.041419 -0.102986 -0.640566 4 1 0
0.040922 -0.105746 -0.642131 4 1 0
0.0408016 -0.102396 -0.643074 3 1 0
0.0408149 -0.0986703 -0.642405 4 1 0
0.0405568 -0.102492 -0.642388 4 1 0
0.0402683 -0.107322 -0.642522 4 1 0
0.0399293 -0.106453 -0.643263 4 1 0
0.0395518 -0.100479 -0.643523 4 1 0
0.0392407 -0.0969566 -0.643847 4 1 0
0.0391952 -0.0960337 -0.645039 4 1 0
0.0391323 -0.0970168 -0.645733 4 1 0
0.0388717 -0.100803 -0.646218 4 1 0
0.0383312 -0.101987 -0.646015 4 1 0
0.0378666 -0.0989147 -0.646161 4 1 0
0.0377103 -0.0978975 -0.647024 4 1 0
0.0380741 -0.106344 -0.647137 3 1 0
0.0372845 -0.102332 -0.648962 4 1 0
0.0367825 -0.10406 -0.649926 4 1 0
0.0365841 -0.103514 -0.650697 3 1 0
0.0368921 -0.0977603 -0.651447 3 1 0
0.0369388 -0.0978279 -0.651181 3 1 0
0.036524 -0.109859 -0.650383 3 1 0
0.0367808 -0.101901 -0.650681 3 1 0
0.0369672 -0.0972093 -0.651207 3 1 0
0.0369281 -0.0970232 -0.651757 4 1 0
0.0365857 -0.0994793 -0.652281 4 1 0
0.0364455 -0.105699 -0.65245 4 1 0
0.0377341 -0.108113 -0.653549 3 1 0
0.0378252 -0.103473 -0.65295 4 1 0
0.0377598 -0.103677 -0.652173 4 1 0
0.0378678 -0.101177 -0.652524 3 1 0
0.0385778 -0.109176 -0.652762 3 1 0
0.0387749 -0.11003 -0.652615 3 1 0
0.0392769 -0.106033 -0.653292 3 1 0
0.0394638 -0.11329 -0.652556 4 1 0
0.0392809 -0.105834 -0.651589 4 1 0
0.0398939 -0.104822 -0.651928 3 1 0
0.0391203 -0.102699 -0.652609 3 1 0
0.0388961 -0.110231 -0.653013 3 1 0
0.0384249 -0.106663 -0.652904 4 1 0
0.0384333 -0.106308 -0.652914 3 1 0
0.0383816 -0.109752 -0.652336 4 1 0
0.0391014 -0.106887 -0.653366 3 1 0
0.039466 -0.106997 -0.652291 4 1 0
0.0393798 -0.103375 -0.651286 4 1 0
0.0398937 -0.103209 -0.652088 3 1 0
0.0387491 -0.111131 -0.652596 3 1 0
0.040207 -0.104756 -0.65188 3 1 0
0.0403479 -0.105194 -0.651875 3 1 0
0.0412054 -0.0985792 -0.651181 3 1 0
0.0418938 -0.103971 -0.64968 3 1 0
0.0418954 -0.10506 -0.648659 3 1 0
0.0422695 -0.102628 -0.646588 3 1 0
0.0426173 -0.106825 -0.644389 3 1 0
0.0426732 -0.103972 -0.642634 3 1 0
0.0422544 -0.105577 -0.646982 3 1 0
0.0425449 -0.101866 -0.645306 3 1 0
0.0423636 -0.101859 -0.642396 4 1 0
0.042664 -0.104665 -0.640653 3 1 0
0.0430681 -0.105203 -0.639223 4 1 0
0.0431067 -0.107083 -0.637197 3 1 0
0.0430795 -0.10693 -0.637075 4 1 0
0.0429617 -0.105414 -0.638728 3 1 0
0.0429778 -0.100794 -0.641589 4 1 0
0.0429824 -0.100811 -0.641427 4 1 0
0.0430328 -0.102514 -0.639176 3 1 0
0.0431355 -0.106393 -0.639142 3 1 0
0.0432705 -0.108406 -0.636208 3 1 0
0.0432815 -0.108372 -0.636337 3 1 0
0.0431252 -0.107625 -0.635499 4 1 0
0.0429194 -0.105254 -0.634843 4 1 0
0.0426487 -0.103558 -0.634621 4 1 0
0.0421484 -0.102776 -0.634693 4 1 0
0.0418514 -0.101172 -0.63499 4 1 0
0.041662 -0.0998991 -0.635811 4 1 0
0.0410761 -0.101333 -0.640244 4 1 0
0.0419113 -0.0985268 -0.639195 4 1 0
0.0419194 -0.0991969 -0.63905 3 1 0
0.0419913 -0.0976824 -0.638277 3 1 0
0.0419233 -0.102397 -0.637333 4 1 0
0.041882 -0.101757 -0.635767 4 1 0
0.042039 -0.104252 -0.636095 3 1 0
0.0418012 -0.101526 -0.635607 3 1 0
0.0418002 -0.101567 -0.635777 4 1 0
0.0422474 -0.103321 -0.638385 4 1 0
0.042418 -0.105305 -0.640232 4 1 0
0.0423425 -0.112205 -0.641792 3 1 0
0.0423774 -0.102837 -0.64474 4 1 0
0.0419293 -0.102954 -0.646501 3 1 0
0.0413201 -0.108185 -0.647293 4 1 0
0.0409222 -0.107835 -0.64848 3 1 0
0.040901 -0.1073 -0.648665 4 1 0
0.0411231 -0.106186 -0.649564 4 1 0
0.0406378 -0.105036 -0.649681 4 1 0
0.0408446 -0.105225 -0.650244 4 1 0
0.0409768 -0.106752 -0.650887 3 1 0
0.0408588 -0.105658 -0.651601 3 1 0
0.0404817 -0.102027 -0.651681 3 1 0
0.0401152 -0.100917 -0.651599 3 1 0
0.0398569 -0.106322 -0.651315 4 1 0
0.0398966 -0.104131 -0.651428 3 1 0
0.0398072 -0.103069 -0.651496 3 1 0
0.0395778 -0.108246 -0.652157 3 1 0
0.0391703 -0.105728 -0.652296 3 1 0
0.0387008 -0.102514 -0.652294 3 1 0
0.0383744 -0.108672 -0.651476 3 1 0
0.0379114 -0.10485 -0.651096 3 1 0
0.037672 -0.102856 -0.651227 3 1 0
0.037368 -0.102364 -0.651387 3 1 0
0.0373035 -0.102325 -0.651364 3 1 0
0.0371719 -0.104306 -0.65177 3 1 0
0.0355597 -0.0999274 -0.648019 4 1 0
0.0356145 -0.10886 -0.647925 4 1 0
0.0360818 -0.118632 -0.649437 4 1 0
0.0360875 -0.0979836 -0.651561 3 1 0
0.0360101 -0.100716 -0.651307 3 1 0
0.0358543 -0.106999 -0.650877 3 1 0
0.0357183 -0.10662 -0.650822 3 1 0
0.0356117 -0.1032 -0.650948 3 1 0
0.0356108 -0.103071 -0.650961 4 1 0
0.0356803 -0.101022 -0.650927 4 1 0
0.0356747 -0.102019 -0.650944 3 1 0
0.0356169 -0.104648 -0.651217 3 1 0
0.0350558 -0.103769 -0.650779 4 1 0
0.0350178 -0.1047 -0.651258 3 1 0
0.0368041 -0.102539 -0.651072 3 1 0
0.0363772 -0.100572 -0.65079 3 1 0
0.0364204 -0.101572 -0.650786 3 1 0
0.0370243 -0.110563 -0.650881 3 1 0
0.0381122 -0.112509 -0.650859 3 1 0
0.0383734 -0.104169 -0.650546 3 1 0
0.0382807 -0.108243 -0.650715 3 1 0
0.0387871 -0.108649 -0.650336 3 1 0
0.0378774 -0.103637 -0.650398 3 1 0
0.0382329 -0.105647 -0.650519 3 1 0
0.038842 -0.10624 -0.650519 3 1 0
0.0394273 -0.108916 -0.650505 3 1 0
0.0399364 -0.106954 -0.650303 3 1 0
0.040047 -0.101229 -0.650551 3 1 0
0.0405792 -0.103374 -0.650614 3 1 0
0.0409603 -0.107567 -0.650554 3 1 0
0.0411037 -0.102292 -0.649762 3 1 0
0.0410868 -0.102275 -0.649773 3 1 0
0.0413635 -0.104481 -0.649738 3 1 0
0.0414571 -0.103675 -0.649929 4 1 0
0.0413692 -0.104423 -0.649605 4 1 0
0.0412301 -0.105716 -0.649273 4 1 0
0.0413971 -0.101771 -0.650094 3 1 0
0.0415223 -0.101242 -0.650064 3 1 0
0.0416388 -0.1012 -0.650013 3 1 0
0.0414789 -0.105799 -0.649147 4 1 0
0.0413608 -0.107277 -0.64888 4 1 0
0.0413695 -0.10737 -0.648849 3 1 0
0.0421619 -0.10616 -0.648623 4 1 0
0.0421632 -0.106233 -0.648608 3 1 0
0.042103 -0.109102 -0.648017 4 1 0
0.0418876 -0.10706 -0.647499 4 1 0
0.0416467 -0.105775 -0.647106 4 1 0
0.041458 -0.104595 -0.646858 4 1 0
0.042599 -0.102644 -0.644601 4 1 0
0.0426939 -0.102895 -0.643177 4 1 0
0.0427329 -0.103664 -0.642026 4 1 0
0.0429008 -0.105305 -0.640427 3 1 0
0.0429018 -0.105317 -0.64043 3 1 0
0.0428655 -0.101683 -0.643219 4 1 0
0.0427574 -0.106269 -0.645551 4 1 0
0.0421382 -0.108875 -0.646455 4 1 0
0.0419503 -0.101696 -0.647178 4 1 0
0.0416218 -0.105534 -0.647942 3 1 0
0.0414903 -0.105458 -0.648166 3 1 0
0.0421026 -0.101574 -0.647172 3 1 0
0.0424666 -0.102239 -0.644113 4 1 0
0.0426893 -0.106808 -0.641647 3 1 0
0.0429781 -0.105741 -0.640054 3 1 0
0.0429653 -0.106495 -0.639668 4 1 0
0.0429701 -0.109261 -0.638067 4 1 0
0.0428395 -0.105937 -0.63657 4 1 0
0.0426171 -0.104348 -0.635104 4 1 0
0.0423599 -0.101892 -0.635003 4 1 0
0.0421312 -0.0999865 -0.635749 4 1 0
0.0421957 -0.0984724 -0.636775 3 1 0
0.0422223 -0.101231 -0.63913 4 1 0
0.0419469 -0.0999443 -0.640164 4 1 0
0.0418408 -0.0962069 -0.640518 4 1 0
0.0415577 -0.0974733 -0.640527 4 1 0
0.0412147 -0.0999524 -0.640527 4 1 0
0.0411988 -0.0999491 -0.640999 4 1 0
0.0410283 -0.102433 -0.641287 4 1 0
0.0407814 -0.105982 -0.641599 4 1 0
0.0405039 -0.103465 -0.641725 4 1 0
0.040216 -0.10325 -0.641948 4 1 0
0.0399496 -0.0987729 -0.642125 4 1 0
0.0398274 -0.0987617 -0.64233 4 1 0
0.0396112 -0.0963316 -0.643097 4 1 0
0.0395252 -0.0961634 -0.643796 4 1 0
0.0396106 -0.0972707 -0.644505 4 1 0
0.0394157 -0.101301 -0.644979 4 1 0
0.0390609 -0.107218 -0.645334 4 1 0
0.0391676 -0.0964553 -0.64569 4 1 0
0.0389646 -0.101802 -0.64606 4 1 0
0.0389576 -0.101875 -0.646072 4 1 0
0.0388212 -0.102368 -0.646447 4 1 0
0.0385105 -0.108689 -0.646589 4 1 0
0.0382058 -0.102736 -0.646699 4 1 0
0.0383247 -0.0941053 -0.646172 4 1 0
0.0381821 -0.0994641 -0.647351 4 1 0
0.0381118 -0.107564 -0.648457 4 1 0
0.0380945 -0.107149 -0.649304 4 1 0
0.0378179 -0.101352 -0.649801 4 1 0
0.0374972 -0.0984575 -0.650213 4 1 0
0.0377972 -0.0998321 -0.650667 4 1 0
0.0375175 -0.0996904 -0.650485 4 1 0
0.0375069 -0.099718 -0.650497 4 1 0
0.0381601 -0.103435 -0.64981 4 1 0
0.0382127 -0.105663 -0.649589 4 1 0
0.0382823 -0.109725 -0.649197 4 1 0
0.0385205 -0.108436 -0.648727 4 1 0
0.0388692 -0.102525 -0.647624 4 1 0
0.0390015 -0.0936462 -0.645964 4 1 0
0.0394581 -0.0985558 -0.645577 4 1 0
0.0396085 -0.0946623 -0.645223 3 1 0
0.0395176 -0.0965087 -0.64415 3 1 0
0.0401164 -0.094522 -0.643423 4 1 0
0.0400166 -0.0977752 -0.64204 3 1 0
0.0400178 -0.0981219 -0.641959 3 1 0
0.0404423 -0.0957401 -0.640967 4 1 0
0.040799 -0.101534 -0.639342 4 1 0
0.0409557 -0.104024 -0.638181 4 1 0
0.0411549 -0.103962 -0.637602 4 1 0
0.0411682 -0.101517 -0.637082 3 1 0
0.0411521 -0.0991131 -0.63632 3 1 0
0.0412271 -0.106671 -0.636296 4 1 0
0.0412688 -0.10634 -0.63595 4 1 0
0.0413013 -0.105982 -0.63567 4 1 0
0.0412143 -0.104615 -0.635729 3 1 0
0.0411362 -0.0961766 -0.637661 4 1 0
0.0407801 -0.0971217 -0.638254 4 1 0
0.04115 -0.0953082 -0.639644 4 1 0
0.0407589 -0.100291 -0.640889 4 1 0
0.0402633 -0.106886 -0.641962 4 1 0
0.0401528 -0.0964942 -0.642753 4 1 0
0.0400835 -0.100245 -0.643355 3 1 0
0.0399657 -0.0984671 -0.643358 4 1 0
0.0400118 -0.0956549 -0.643452 3 1 0
0.0399114 -0.0947381 -0.643352 4 1 0
0.0398147 -0.0944184 -0.643351 4 1 0
0.040002 -0.0960783 -0.643654 3 1 0
0.0400545 -0.0954763 -0.642088 4 1 0
0.0401055 -0.0978712 -0.641567 4 1 0
0.04026 -0.0961705 -0.641285 4 1 0
0.0404166 -0.0985444 -0.640708 4 1 0
0.040546 -0.102749 -0.640105 4 1 0
0.0405612 -0.105627 -0.640003 4 1 0
0.040701 -0.103151 -0.639786 4 1 0
0.040816 -0.100744 -0.639601 4 1 0
0.041016 -0.0984768 -0.63973 4 1 0
0.0411922 -0.0981009 -0.639778 4 1 0
0.0412559 -0.0989789 -0.639812 4 1 0
0.041321 -0.0976834 -0.639469 3 1 0
0.0413176 -0.0995373 -0.639421 3 1 0
0.0413165 -0.103514 -0.639202 3 1 0
0.041391 -0.100972 -0.638497 3 1 0
0.04139 -0.104486 -0.638193 3 1 0
0.0414006 -0.104028 -0.638348 3 1 0
0.0415084 -0.0983286 -0.639467 4 1 0
0.0414034 -0.0976682 -0.639966 4 1 0
0.0412477 -0.099166 -0.640443 4 1 0
0.0408895 -0.099888 -0.641181 4 1 0
0.0404248 -0.102788 -0.64177 4 1 0
0.0400607 -0.103731 -0.642439 4 1 0
0.0397762 -0.104128 -0.642851 4 1 0
0.0394604 -0.101349 -0.643398 4 1 0
0.0393286 -0.0973209 -0.644571 4 1 0
0.0390802 -0.0964665 -0.645871 4 1 0
0.0386908 -0.0992031 -0.646723 4 1 0
0.0380825 -0.104812 -0.647346 4 1 0
0.0378247 -0.0981015 -0.647951 4 1 0
0.0375871 -0.104775 -0.648594 4 1 0
0.0372474 -0.110847 -0.648944 4 1 0
0.0371201 -0.10362 -0.649186 4 1 0
0.0368361 -0.110298 -0.649469 4 1 0
0.0364585 -0.107755 -0.649622 4 1 0
0.0362645 -0.0953975 -0.648798 3 1 0
0.0361948 -0.101568 -0.649358 4 1 0
0.0359148 -0.112229 -0.650215 4 1 0
0.0356477 -0.102582 -0.650814 4 1 0
0.0353827 -0.101892 -0.650868 4 1 0
0.0351657 -0.101675 -0.650904 4 1 0
0.0356777 -0.104149 -0.651459 4 1 0
0.0355399 -0.103152 -0.651404 4 1 0
0.0354035 -0.10279 -0.6513 4 1 0
0.0354743 -0.102845 -0.651346 4 1 0
0.0353861 -0.103189 -0.651211 4 1 0
0.0353652 -0.103651 -0.651153 4 1 0
0.0354424 -0.103115 -0.651121 4 1 0
0.0354759 -0.103041 -0.651087 4 1 0
0.0355573 -0.103809 -0.651071 4 1 0
0.0357561 -0.109471 -0.651928 3 1 0
0.0352644 -0.112125 -0.650918 3 1 0
0.0347326 -0.102023 -0.646221 4 1 0
0.0357634 -0.112093 -0.650332 4 1 0
0.0362552 -0.100298 -0.65005 4 1 0
0.0368551 -0.0963349 -0.649626 4 1 0
0.0368696 -0.105788 -0.649772 4 1 0
0.0369178 -0.102671 -0.649605 4 1 0
0.0369898 -0.100199 -0.649429 4 1 0
0.0372089 -0.102495 -0.649349 4 1 0
0.0373201 -0.0999293 -0.64912 4 1 0
0.037503 -0.0980474 -0.648899 4 1 0
0.0378019 -0.0976942 -0.64872 4 1 0
0.0380986 -0.0969804 -0.648473 4 1 0
0.0383866 -0.0972815 -0.648154 4 1 0
0.0386764 -0.0979855 -0.648218 4 1 0
0.0388985 -0.099912 -0.648182 4 1 0
0.0390857 -0.103196 -0.648059 4 1 0
0.0394888 -0.102899 -0.648206 4 1 0
0.0397256 -0.107544 -0.64802 4 1 0
0.0399553 -0.10668 -0.64781 4 1 0
0.0404682 -0.106577 -0.647899 4 1 0
0.0407817 -0.106872 -0.647585 4 1 0
0.0410882 -0.103923 -0.647299 4 1 0
0.0415085 -0.102636 -0.647092 4 1 0
0.0418656 -0.100575 -0.646918 4 1 0
0.0422815 -0.0992397 -0.646844 4 1 0
0.0427772 -0.0987798 -0.647225 4 1 0
0.0431028 -0.101079 -0.647012 4 1 0
0.043329 -0.105631 -0.64654 4 1 0
0.0438088 -0.0997995 -0.646005 4 1 0
0.0439865 -0.104847 -0.645316 4 1 0
0.0441506 -0.104796 -0.644316 4 1 0
0.0443386 -0.107277 -0.643325 4 1 0
0.0446257 -0.10928 -0.641907 4 1 0
0.0451125 -0.107458 -0.640469 4 1 0
0.0457593 -0.104672 -0.639396 4 1 0
0.04634 -0.10421 -0.638101 4 1 0
0.0467789 -0.103692 -0.637265 4 1 0
0.0469013 -0.101896 -0.6365 4 1 0
0.0473719 -0.10134 -0.635422 4 1 0
0.0475569 -0.105208 -0.634432 4 1 0
0.0476713 -0.102218 -0.633353 4 1 0
0.0476558 -0.0993373 -0.632121 4 1 0
0.0476554 -0.0993352 -0.632119 3 1 0
0.0471771 -0.110887 -0.632535 3 1 0
0.0468353 -0.107135 -0.63208 3 1 0
0.0466706 -0.104739 -0.631582 3 1 0
0.0470081 -0.104806 -0.630975 4 1 0
0.0470662 -0.103981 -0.631449 4 1 0
0.0470696 -0.104805 -0.631786 3 1 0
0.0469534 -0.104241 -0.632157 3 1 0
0.0466807 -0.103475 -0.632195 3 1 0
0.0464285 -0.10407 -0.632186 3 1 0
0.0466087 -0.106991 -0.632034 3 1 0
0.0464477 -0.109701 -0.632224 3 1 0
0.0461267 -0.110004 -0.632283 3 1 0
0.0457948 -0.102141 -0.632338 3 1 0
0.0453988 -0.100686 -0.632594 3 1 0
0.0450476 -0.102991 -0.632842 3 1 0
0.0452403 -0.102594 -0.633194 4 1 0
0.0447249 -0.103287 -0.633331 4 1 0
0.044601 -0.103777 -0.633455 3 1 0
0.0455568 -0.107427 -0.632116 4 1 0
0.0454209 -0.106944 -0.632736 3 1 0
0.0454145 -0.106891 -0.632758 3 1 0
0.0447866 -0.102437 -0.633413 3 1 0
0.0445676 -0.103971 -0.634029 3 1 0
0.0449744 -0.100976 -0.633589 3 1 0
0.0456281 -0.108391 -0.633681 3 1 0
0.0459371 -0.106825 -0.633237 3 1 0
0.0460134 -0.105693 -0.632668 3 1 0
0.0463298 -0.0990768 -0.632027 4 1 0
0.0466272 -0.101661 -0.631376 3 1 0
0.0466833 -0.10632 -0.63134 3 1 0
0.0464801 -0.103661 -0.631281 4 1 0
0.0465548 -0.104351 -0.63167 3 1 0
0.0468334 -0.102945 -0.6321 3 1 0
0.0468662 -0.107498 -0.630938 3 1 0
0.0469124 -0.105547 -0.631094 3 1 0
0.0470755 -0.103449 -0.632341 3 1 0
0.0474493 -0.103821 -0.633344 3 1 0
0.047703 -0.103831 -0.634329 3 1 0
0.0477357 -0.103146 -0.634869 4 1 0
0.0475711 -0.104412 -0.634165 3 1 0
0.0474514 -0.108469 -0.633657 3 1 0
0.0472508 -0.107544 -0.63312 3 1 0
0.0473203 -0.107536 -0.632866 3 1 0
0.0470461 -0.109752 -0.633039 3 1 0
0.0467629 -0.107512 -0.633062 3 1 0
0.0467599 -0.105991 -0.632406 3 1 0
0.0466217 -0.105051 -0.633045 4 1 0
0.0464543 -0.103444 -0.633829 3 1 0
0.0461471 -0.102997 -0.634952 3 1 0
0.0459035 -0.10322 -0.63595 3 1 0
0.0456731 -0.10242 -0.636919 3 1 0
0.0454172 -0.102602 -0.638076 3 1 0
0.0450675 -0.102614 -0.639055 3 1 0
0.0447294 -0.103889 -0.640007 3 1 0
0.0447207 -0.103138 -0.641044 4 1 0
0.0445156 -0.103415 -0.642582 3 1 0
0.044142 -0.10243 -0.64374 3 1 0
0.0430969 -0.102636 -0.643221 3 1 0
0.0427116 -0.105579 -0.644295 3 1 0
0.0423793 -0.111597 -0.645282 3 1 0
0.0419281 -0.105402 -0.646563 3 1 0
0.0409469 -0.10486 -0.646898 3 1 0
0.0399894 -0.110508 -0.647067 3 1 0
0.0396014 -0.103548 -0.647894 3 1 0
0.0391655 -0.104447 -0.648503 3 1 0
0.0388544 -0.108782 -0.649046 3 1 0
0.0383491 -0.11215 -0.649589 3 1 0
0.0378365 -0.109581 -0.64954 3 1 0
0.0371216 -0.100808 -0.649129 3 1 0
0.0363242 -0.102657 -0.649727 4 1 0
0.0359857 -0.112508 -0.649495 3 1 0
0.0359758 -0.114022 -0.649495 4 1 0
0.0362485 -0.11083 -0.649907 3 1 0
0.0361693 -0.108484 -0.650072 3 1 0
0.0361528 -0.108241 -0.650079 3 1 0
0.036365 -0.106928 -0.650443 3 1 0
0.036581 -0.101002 -0.650291 3 1 0
0.0370222 -0.100048 -0.650086 3 1 0
0.037836 -0.0994666 -0.649793 3 1 0
0.0385159 -0.103513 -0.649432 3 1 0
0.0388975 -0.111476 -0.648755 3 1 0
0.0389652 -0.10469 -0.648431 3 1 0
0.0394111 -0.106726 -0.648293 3 1 0
0.0401638 -0.107076 -0.648059 3 1 0
0.0408115 -0.106015 -0.647927 3 1 0
0.041634 -0.109297 -0.64726 3 1 0
0.0421688 -0.105173 -0.646228 3 1 0
0.0425237 -0.101714 -0.645236 3 1 0
0.0431958 -0.10141 -0.644544 3 1 0
0.0439531 -0.102179 -0.643752 3 1 0
0.0446349 -0.111708 -0.642338 3 1 0
0.0449486 -0.105305 -0.6408 4 1 0
0.044447 -0.111569 -0.642226 3 1 0
0.0444306 -0.103384 -0.642325 3 1 0
0.0414974 -0.102329 -0.644739 3 1 0
0.0407068 -0.0985092 -0.645253 3 1 0
0.0398373 -0.105904 -0.647305 4 1 0
0.0394203 -0.109264 -0.648079 3 1 0
0.038555 -0.101946 -0.648461 3 1 0
0.0373503 -0.102221 -0.64775 3 1 0
0.0368124 -0.114771 -0.648001 4 1 0
0.0369105 -0.113436 -0.64805 4 1 0
0.0372053 -0.106895 -0.648686 4 1 0
0.0373108 -0.105889 -0.648741 4 1 0
0.0374155 -0.104991 -0.648816 4 1 0
0.0375327 -0.103545 -0.649063 4 1 0
0.0375416 -0.103386 -0.649141 4 1 0
0.0375591 -0.107423 -0.647844 4 1 0
0.0376892 -0.110833 -0.647179 3 1 0
0.0381802 -0.106397 -0.646863 3 1 0
0.0389574 -0.102043 -0.64659 3 1 0
0.0396519 -0.102562 -0.646249 3 1 0
0.0403509 -0.101377 -0.645691 3 1 0
0.0408069 -0.104146 -0.644818 3 1 0
0.0407735 -0.104301 -0.643776 3 1 0
0.0414051 -0.105329 -0.643015 3 1 0
0.0423024 -0.10401 -0.642332 3 1 0
0.0428591 -0.104426 -0.641172 3 1 0
0.0436247 -0.108906 -0.640129 3 1 0
0.0441703 -0.105709 -0.638779 3 1 0
0.0443161 -0.100783 -0.637839 4 1 0
0.0449253 -0.102935 -0.636646 3 1 0
0.0456019 -0.105232 -0.635427 3 1 0
0.0461859 -0.10591 -0.633821 3 1 0
0.0462355 -0.105777 -0.633558 4 1 0
0.0462339 -0.105794 -0.633577 4 1 0
0.0453138 -0.101767 -0.635158 3 1 0
0.0445606 -0.100825 -0.63629 3 1 0
0.0439411 -0.111595 -0.637329 3 1 0
0.0431986 -0.103271 -0.639113 3 1 0
0.0431677 -0.103254 -0.63922 3 1 0
0.04332 -0.102825 -0.639484 3 1 0
0.0437916 -0.103385 -0.639777 3 1 0
0.0439134 -0.104558 -0.639856 3 1 0
0.0440142 -0.106273 -0.639906 3 1 0
0.0437398 -0.102896 -0.639581 3 1 0
0.0438538 -0.10472 -0.639547 3 1 0
0.0439638 -0.104254 -0.639496 3 1 0
0.0438723 -0.110724 -0.638872 3 1 0
0.0440075 -0.112827 -0.639 3 1 0
0.0441507 -0.111033 -0.639159 3 1 0
0.044729 -0.102585 -0.639722 3 1 0
0.0449713 -0.106199 -0.639695 3 1 0
0.0451712 -0.110864 -0.639599 3 1 0
0.0452286 -0.108954 -0.639666 3 1 0
0.0452837 -0.106066 -0.639353 3 1 0
0.045256 -0.104535 -0.639014 4 1 0
0.0451753 -0.101631 -0.638757 3 1 0
0.0454454 -0.100926 -0.638662 3 1 0
0.0457231 -0.101444 -0.638562 3 1 0
0.0454827 -0.103514 -0.638276 4 1 0
0.0459283 -0.109509 -0.635407 3 1 0
0.0466862 -0.101093 -0.634349 3 1 0
0.0466246 -0.10112 -0.633814 4 1 0
0.0466 -0.103338 -0.634242 4 1 0
0.0464561 -0.105417 -0.634834 4 1 0
0.0464453 -0.104984 -0.635562 4 1 0
0.0462366 -0.105589 -0.636123 4 1 0
0.0460165 -0.104188 -0.6367 4 1 0
0.0458925 -0.103908 -0.637401 4 1 0
0.0455588 -0.103153 -0.638624 4 1 0
0.0452685 -0.102753 -0.639883 4 1 0
0.0449202 -0.10341 -0.6412 4 1 0
0.0447179 -0.104196 -0.642519 4 1 0
0.0446263 -0.105895 -0.643736 4 1 0
0.0443636 -0.100021 -0.644681 4 1 0
0.0442779 -0.0966983 -0.645418 4 1 0
0.0441735 -0.0958045 -0.645921 4 1 0
0.043857 -0.0955097 -0.64648 4 1 0
0.0435941 -0.097644 -0.646701 4 1 0
0.043215 -0.101157 -0.646789 4 1 0
0.0423958 -0.111514 -0.646301 4 1 0
0.0419544 -0.104609 -0.646835 4 1 0
0.0417117 -0.0995785 -0.647425 4 1 0
0.0416008 -0.102641 -0.647937 4 1 0
0.0413078 -0.0989964 -0.648339 4 1 0
0.0408657 -0.0981853 -0.648531 4 1 0
0.0405006 -0.10146 -0.648301 4 1 0
0.0402299 -0.0985969 -0.64847 4 1 0
0.0399801 -0.0984136 -0.648443 4 1 0
0.039908 -0.0989402 -0.64846 4 1 0
0.0397778 -0.100766 -0.648346 4 1 0
0.0395792 -0.103713 -0.648161 4 1 0
0.0394708 -0.102546 -0.64793 4 1 0
0.0393762 -0.106611 -0.647724 4 1 0
0.0392101 -0.111731 -0.64752 4 1 0
0.0391732 -0.103098 -0.647204 4 1 0
0.0391087 -0.107804 -0.647295 4 1 0
0.0389802 -0.113683 -0.647305 4 1 0
0.0389948 -0.115659 -0.647335 4 1 0
0.0388403 -0.110618 -0.647191 4 1 0
0.0386555 -0.107191 -0.646935 4 1 0
0.0385424 -0.0995794 -0.645219 4 1 0
0.0386179 -0.103732 -0.645504 4 1 0
0.0386228 -0.104078 -0.645518 3 1 0
0.0391348 -0.11295 -0.645851 3 1 0
0.039416 -0.108032 -0.645523 3 1 0
0.0396054 -0.105438 -0.645044 3 1 0
0.0400009 -0.111312 -0.644858 3 1 0
0.0399799 -0.107538 -0.643487 4 1 0
0.0399825 -0.108143 -0.642219 4 1 0
0.0404084 -0.10767 -0.642902 4 1 0
0.0404715 -0.106943 -0.641849 4 1 0
0.0405483 -0.10726 -0.641163 4 1 0
0.0411581 -0.108141 -0.64154 3 1 0
0.0412519 -0.109622 -0.641545 3 1 0
0.0412679 -0.111889 -0.641452 3 1 0
0.0415445 -0.108908 -0.640911 4 1 0
0.0405721 -0.105213 -0.641162 3 1 0
0.0404518 -0.101002 -0.64078 4 1 0
0.0411298 -0.112195 -0.642029 4 1 0
0.0411388 -0.112439 -0.641978 3 1 0
0.0408707 -0.106523 -0.641928 3 1 0
0.0409847 -0.10593 -0.641782 3 1 0
0.04093 -0.10268 -0.6417 4 1 0
0.0420146 -0.109118 -0.641293 4 1 0
0.0423121 -0.112085 -0.642014 4 1 0
0.0426533 -0.106365 -0.642197 4 1 0
0.0429737 -0.103122 -0.642694 4 1 0
0.0432999 -0.109886 -0.642009 4 1 0
0.0436933 -0.104258 -0.641964 4 1 0
0.0437016 -0.104166 -0.641959 4 1 0
0.0442716 -0.103553 -0.641592 4 1 0
0.0445169 -0.103046 -0.641548 4 1 0
0.0448073 -0.107966 -0.6412 4 1 0
0.0449017 -0.104552 -0.640983 4 1 0
0.0451791 -0.108601 -0.640411 4 1 0
0.0453484 -0.105795 -0.639209 4 1 0
0.0456311 -0.105731 -0.638082 4 1 0
0.0455247 -0.105982 -0.638391 4 1 0
0.0472958 -0.0993202 -0.632913 4 1 0
0.0472782 -0.107608 -0.631303 4 1 0
0.0475192 -0.10508 -0.630044 4 1 0
0.0476885 -0.10198 -0.630773 3 1 0
0.0471843 -0.108263 -0.631209 3 1 0
0.0467111 -0.111361 -0.630339 3 1 0
0.046693 -0.110406 -0.630069 4 1 0
0.0467983 -0.106858 -0.629802 4 1 0
0.0468764 -0.108728 -0.629966 4 1 0
0.0468896 -0.106529 -0.630076 4 1 0
0.0469051 -0.105462 -0.630368 3 1 0
0.0467989 -0.103497 -0.630612 3 1 0
0.0466314 -0.10205 -0.630841 3 1 0
0.0464667 -0.10635 -0.630709 3 1 0
0.0463357 -0.104062 -0.631074 4 1 0
0.0461279 -0.102452 -0.631417 3 1 0
0.0458544 -0.102765 -0.631858 3 1 0
0.0455238 -0.101865 -0.632154 3 1 0
0.0451727 -0.102064 -0.632628 3 1 0
0.0449593 -0.102471 -0.633154 3 1 0
0.0445781 -0.102445 -0.633772 3 1 0
0.044219 -0.103713 -0.634542 3 1 0
0.0439497 -0.103307 -0.635316 3 1 0
0.0435772 -0.105351 -0.63622 3 1 0
0.043254 -0.105843 -0.637155 3 1 0
0.0428737 -0.106429 -0.63774 3 1 0
0.0426273 -0.106371 -0.638749 3 1 0
0.0424075 -0.10722 -0.639755 3 1 0
0.0421165 -0.107391 -0.639923 3 1 0
0.0418769 -0.108295 -0.641048 3 1 0
0.0416025 -0.110378 -0.642074 3 1 0
0.0412802 -0.108888 -0.643137 3 1 0
0.0409444 -0.107768 -0.643744 3 1 0
0.0405499 -0.107694 -0.644189 3 1 0
0.0401357 -0.100909 -0.644311 4 1 0
0.0395217 -0.103617 -0.644625 3 1 0
0.0388948 -0.108436 -0.644882 3 1 0
0.0385671 -0.10672 -0.645144 4 1 0
0.038569 -0.106718 -0.645143 4 1 0
0.0387244 -0.104895 -0.647264 3 1 0
0.0376982 -0.115091 -0.6469 3 1 0
0.0372936 -0.103526 -0.648343 3 1 0
0.0369183 -0.0995174 -0.6495 4 1 0
0.0368003 -0.109331 -0.648351 3 1 0
0.0365042 -0.111287 -0.649291 3 1 0
0.0361023 -0.104438 -0.6497 3 1 0
0.0370189 -0.10774 -0.649796 4 1 0
0.037026 -0.108547 -0.649832 3 1 0
0.0367443 -0.112301 -0.649795 3 1 0
0.0368011 -0.104566 -0.650355 4 1 0
0.0362818 -0.107201 -0.648412 3 1 0
0.0363368 -0.109089 -0.648708 3 1 0
0.0362655 -0.105934 -0.649154 4 1 0
0.0366128 -0.112827 -0.649987 3 1 0
0.0363915 -0.105361 -0.648921 4 1 0
0.0369125 -0.115567 -0.648889 4 1 0
0.0367608 -0.109923 -0.648403 4 1 0
0.036576 -0.106819 -0.648014 4 1 0
0.0369185 -0.105573 -0.648091 4 1 0
0.0369236 -0.107445 -0.64841 4 1 0
0.0369245 -0.109856 -0.648706 4 1 0
0.0368976 -0.11503 -0.648937 4 1 0
0.0368687 -0.117749 -0.649092 4 1 0
0.0367256 -0.114355 -0.64915 4 1 0
0.0365859 -0.110645 -0.649164 4 1 0
0.036414 -0.109051 -0.649177 4 1 0
0.036222 -0.107724 -0.649185 4 1 0
0.0365013 -0.110384 -0.648921 4 1 0
0.0363761 -0.108618 -0.64899 4 1 0
0.0362285 -0.107153 -0.649064 4 1 0
0.036029 -0.104491 -0.649607 4 1 0
0.0365614 -0.108215 -0.649774 3 1 0
0.0376348 -0.103536 -0.649284 3 1 0
0.0376605 -0.105837 -0.647312 3 1 0
0.037926 -0.0996541 -0.646872 3 1 0
0.038767 -0.103864 -0.646541 3 1 0
0.0397333 -0.10193 -0.646674 3 1 0
0.0401003 -0.107047 -0.646196 3 1 0
0.0402805 -0.113163 -0.645593 3 1 0
0.0404986 -0.110839 -0.645996 3 1 0
0.0413239 -0.105227 -0.645961 3 1 0
0.0419925 -0.105007 -0.645683 3 1 0
0.0419515 -0.102712 -0.645005 3 1 0
0.0425297 -0.102386 -0.644785 3 1 0
0.0431681 -0.104616 -0.644513 3 1 0
0.0437987 -0.110906 -0.644037 3 1 0
0.0442097 -0.108493 -0.64325 3 1 0
0.0442611 -0.106512 -0.642798 3 1 0
0.0431791 -0.104216 -0.643436 3 1 0
0.0428506 -0.102317 -0.64456 3 1 0
0.0424206 -0.0980689 -0.645497 3 1 0
0.0418777 -0.104145 -0.64684 4 1 0
0.0407992 -0.102645 -0.647416 3 1 0
0.0401258 -0.103306 -0.648074 3 1 0
0.0396034 -0.106115 -0.648805 3 1 0
0.039021 -0.113182 -0.649397 4 1 0
0.0383684 -0.110396 -0.649298 3 1 0
0.0380002 -0.105742 -0.649952 4 1 0
0.0370974 -0.0992074 -0.65002 4 1 0
0.0361389 -0.100655 -0.649856 3 1 0
0.0363446 -0.101977 -0.649929 3 1 0
0.0362067 -0.106461 -0.649818 3 1 0
0.0360458 -0.111293 -0.649619 3 1 0
0.0359669 -0.102749 -0.65098 3 1 0
0.0358524 -0.10141 -0.651366 3 1 0
0.0357619 -0.101635 -0.651758 3 1 0
0.0351262 -0.108906 -0.651213 4 1 0
0.0349551 -0.106191 -0.650823 3 1 0
0.0355262 -0.103114 -0.651406 3 1 0
0.0360409 -0.103085 -0.651121 3 1 0
0.0362906 -0.111543 -0.650747 3 1 0
0.0364925 -0.103356 -0.650783 3 1 0
0.0367834 -0.0994194 -0.650206 4 1 0
0.0368129 -0.0994798 -0.650206 3 1 0
0.037549 -0.103772 -0.649994 3 1 0
0.0382147 -0.109373 -0.650612 3 1 0
0.0384041 -0.103677 -0.650216 3 1 0
0.0386575 -0.101643 -0.649867 3 1 0
0.039541 -0.106198 -0.649215 4 1 0
0.0403923 -0.107619 -0.648962 3 1 0
0.0411551 -0.108797 -0.648483 3 1 0
0.0415613 -0.101996 -0.647797 3 1 0
0.0422973 -0.101688 -0.647124 3 1 0
0.0430375 -0.106279 -0.646253 3 1 0
0.0435044 -0.103122 -0.645251 3 1 0
0.0442754 -0.109706 -0.644201 3 1 0
0.0447307 -0.108992 -0.642677 3 1 0
0.0451569 -0.107012 -0.641449 4 1 0
0.0453185 -0.103964 -0.640231 4 1 0
0.0456913 -0.106181 -0.635284 3 1 0
0.0461089 -0.102637 -0.635287 4 1 0
0.0456907 -0.103015 -0.636715 4 1 0
0.0450863 -0.102943 -0.637818 4 1 0
0.0446985 -0.10288 -0.638693 4 1 0
0.0440364 -0.101866 -0.640969 4 1 0
0.0434663 -0.102481 -0.64332 4 1 0
0.0430464 -0.0989398 -0.645634 4 1 0
0.0423015 -0.097596 -0.646122 4 1 0
0.04162 -0.102435 -0.646492 4 1 0
0.040688 -0.105378 -0.647394 4 1 0
0.0400874 -0.0977664 -0.648258 4 1 0
0.0390305 -0.0991505 -0.648424 4 1 0
0.0385557 -0.0980999 -0.648325 4 1 0
0.0376911 -0.0981409 -0.648857 4 1 0
0.0369687 -0.105596 -0.649642 4 1 0
0.0364231 -0.109616 -0.650391 4 1 0
0.0359543 -0.102655 -0.650823 4 1 0
0.0354178 -0.101929 -0.651066 4 1 0
0.0357161 -0.106801 -0.651192 4 1 0
0.0352183 -0.103263 -0.650648 4 1 0
0.0351501 -0.103524 -0.650462 3 1 0
0.0356976 -0.108292 -0.650717 4 1 0
0.0355505 -0.104315 -0.649758 4 1 0
0.0357258 -0.106512 -0.64957 3 1 0
0.0363609 -0.11058 -0.649702 3 1 0
0.0371709 -0.109338 -0.649773 3 1 0
0.0375386 -0.105764 -0.649315 3 1 0
0.0374813 -0.105416 -0.649139 3 1 0
0.0387803 -0.109466 -0.649646 3 1 0
0.0400938 -0.10145 -0.649163 3 1 0
0.0403446 -0.0985441 -0.648276 3 1 0
0.0413384 -0.105083 -0.64694 3 1 0
0.0420426 -0.116999 -0.645445 3 1 0
0.0425146 -0.100371 -0.645008 3 1 0
0.0432171 -0.0995239 -0.644052 3 1 0
0.0441898 -0.106889 -0.643001 3 1 0
0.0446402 -0.10679 -0.641503 3 1 0
0.0452965 -0.100643 -0.639937 3 1 0
0.0454067 -0.10059 -0.639431 3 1 0
0.0424666 -0.100284 -0.643543 3 1 0
0.0426067 -0.09856 -0.643183 3 1 0
0.0427709 -0.0971952 -0.642862 3 1 0
0.0435403 -0.098007 -0.644043 3 1 0
0.0438047 -0.098086 -0.643392 3 1 0
0.0441081 -0.0995521 -0.642724 3 1 0
0.0444846 -0.106512 -0.641947 3 1 0
0.0448412 -0.108256 -0.641218 3 1 0
0.0451353 -0.103811 -0.640413 3 1 0
0.0454763 -0.103202 -0.639957 3 1 0
0.0457502 -0.100626 -0.639015 3 1 0
0.0458742 -0.099742 -0.63803 3 1 0
0.0455066 -0.106187 -0.633733 4 1 0
0.0452667 -0.108824 -0.634264 3 1 0
0.0452848 -0.10794 -0.634422 3 1 0
0.0456396 -0.0998084 -0.635712 4 1 0
0.045634 -0.0998263 -0.635729 4 1 0
0.0454663 -0.100959 -0.63626 4 1 0
0.0454701 -0.102929 -0.637427 4 1 0
0.0454999 -0.10547 -0.638583 4 1 0
0.045503 -0.10578 -0.639731 4 1 0
0.0453451 -0.104446 -0.640571 4 1 0
0.0451372 -0.10039 -0.641453 4 1 0
0.0448073 -0.0981086 -0.642198 4 1 0
0.0442886 -0.0971755 -0.64177 4 1 0
0.0440906 -0.0988819 -0.642265 4 1 0
0.0439179 -0.101973 -0.643112 4 1 0
0.0434028 -0.103748 -0.645475 4 1 0
0.0427614 -0.101137 -0.646139 4 1 0
0.0422562 -0.0996711 -0.646803 4 1 0
0.0421582 -0.101011 -0.646847 4 1 0
0.0418143 -0.101876 -0.647468 4 1 0
0.0415219 -0.104248 -0.648037 4 1 0
0.0413986 -0.112293 -0.647313 4 1 0
0.0411156 -0.107586 -0.647578 4 1 0
0.0406635 -0.10508 -0.647917 4 1 0
0.0399495 -0.102036 -0.649955 4 1 0
0.0397369 -0.105831 -0.650102 4 1 0
0.0394179 -0.112195 -0.649998 4 1 0
0.038662 -0.101176 -0.65051 4 1 0
0.0384887 -0.102408 -0.650595 4 1 0
0.0382931 -0.106127 -0.650432 4 1 0
0.0382167 -0.108324 -0.650107 4 1 0
0.038082 -0.11574 -0.649653 4 1 0
0.0376733 -0.110526 -0.64903 4 1 0
0.037808 -0.112102 -0.64979 4 1 0
0.0375344 -0.11384 -0.649215 4 1 0
0.0370738 -0.108668 -0.64866 4 1 0
0.0367816 -0.106856 -0.64794 4 1 0
0.0366524 -0.104479 -0.647761 4 1 0
0.0366541 -0.104463 -0.64776 3 1 0
0.0371208 -0.104566 -0.648045 3 1 0
0.0374558 -0.105131 -0.64804 3 1 0
0.0378265 -0.106148 -0.647985 3 1 0
0.038574 -0.104988 -0.647932 4 1 0
0.0382957 -0.112971 -0.646948 4 1 0
0.0378641 -0.109836 -0.646246 4 1 0
0.0384804 -0.109784 -0.645897 4 1 0
0.0384111 -0.106512 -0.64551 4 1 0
0.0384182 -0.106376 -0.645495 3 1 0
0.0388632 -0.105389 -0.645029 3 1 0
0.0398111 -0.102621 -0.644509 3 1 0
0.0402689 -0.109028 -0.643398 3 1 0
0.0398579 -0.106035 -0.643477 3 1 0
0.0400604 -0.107312 -0.643539 4 1 0
0.040299 -0.107282 -0.64359 3 1 0
0.0403218 -0.109338 -0.643275 3 1 0
0.0405999 -0.107083 -0.643408 3 1 0
0.040851 -0.106367 -0.643492 3 1 0
0.0403283 -0.105347 -0.643492 3 1 0
0.0405218 -0.105755 -0.643461 3 1 0
0.0407696 -0.106648 -0.643501 3 1 0
0.041263 -0.109863 -0.643042 3 1 0
0.0414797 -0.113824 -0.643042 3 1 0
0.0416499 -0.111055 -0.642988 3 1 0
0.0412938 -0.102968 -0.643289 4 1 0
0.0416522 -0.103994 -0.643204 3 1 0
0.0420172 -0.106792 -0.643085 3 1 0
0.0416858 -0.108229 -0.641955 3 1 0
0.0416508 -0.108819 -0.642042 3 1 0
0.0414597 -0.10746 -0.64326 3 1 0
0.0405283 -0.111819 -0.643891 3 1 0
0.040066 -0.108095 -0.644943 3 1 0
0.0393018 -0.100039 -0.645733 3 1 0
0.0387543 -0.111725 -0.647137 3 1 0
0.038143 -0.102334 -0.647801 3 1 0
0.0370564 -0.10113 -0.647885 3 1 0
0.0364327 -0.10863 -0.648123 3 1 0
0.0364224 -0.107773 -0.648198 4 1 0
0.0363871 -0.105918 -0.648588 4 1 0
0.036578 -0.103871 -0.648876 4 1 0
0.0366293 -0.10318 -0.649438 4 1 0
0.0366626 -0.103036 -0.650001 4 1 0
0.0362658 -0.105409 -0.649314 4 1 0
0.0363378 -0.103379 -0.64984 4 1 0
0.036364 -0.101981 -0.650363 4 1 0
0.0362251 -0.103121 -0.650436 4 1 0
0.037594 -0.109563 -0.648329 3 1 0
0.0376382 -0.111121 -0.648134 3 1 0
0.0374322 -0.105249 -0.64842 3 1 0
0.0374495 -0.104144 -0.648267 3 1 0
0.0375266 -0.103519 -0.648239 3 1 0
0.0377731 -0.104392 -0.649045 3 1 0
0.0378767 -0.104692 -0.649026 3 1 0
0.0380106 -0.105449 -0.649042 3 1 0
0.0381934 -0.103432 -0.649118 3 1 0
0.0383611 -0.103543 -0.649206 3 1 0
0.0385638 -0.104218 -0.649315 3 1 0
0.0387279 -0.102817 -0.649146 3 1 0
0.038979 -0.103092 -0.649302 3 1 0
0.0392594 -0.104085 -0.649458 3 1 0
0.0395339 -0.105182 -0.649622 3 1 0
0.039842 -0.107551 -0.649687 3 1 0
0.040117 -0.110855 -0.649679 3 1 0
0.0401479 -0.103324 -0.649677 4 1 0
0.0404258 -0.105575 -0.64971 3 1 0
0.04064 -0.109005 -0.649632 3 1 0
0.0410064 -0.10431 -0.649373 3 1 0
0.041335 -0.107819 -0.649386 3 1 0
0.0415148 -0.109352 -0.649221 3 1 0
0.0416706 -0.106726 -0.648741 3 1 0
0.0422292 -0.110239 -0.648144 3 1 0
0.0423021 -0.106967 -0.647598 4 1 0
0.0427588 -0.106719 -0.646799 4 1 0
0.0426703 -0.103463 -0.645672 4 1 0
0.0430115 -0.102036 -0.645541 3 1 0
0.0440235 -0.101171 -0.645496 4 1 0
0.0436582 -0.105412 -0.643345 4 1 0
0.0433554 -0.106534 -0.641884 4 1 0
0.0435395 -0.102163 -0.640737 3 1 0
0.0438499 -0.105876 -0.637902 3 1 0
0.0439972 -0.0982702 -0.635827 3 1 0
0.0440514 -0.109793 -0.638661 4 1 0
0.0442487 -0.104466 -0.640604 4 1 0
0.0442777 -0.103646 -0.640693 4 1 0
0.0440098 -0.107122 -0.642364 4 1 0
0.0440599 -0.10386 -0.643572 4 1 0
0.0441676 -0.101951 -0.644026 3 1 0
0.0441928 -0.101829 -0.644188 3 1 0
0.0442497 -0.10136 -0.644351 3 1 0
0.0442239 -0.101682 -0.644444 3 1 0
0.0441762 -0.100961 -0.645095 3 1 0
0.0440522 -0.100171 -0.645227 3 1 0
0.0438468 -0.0975911 -0.645274 3 1 0
0.0439726 -0.0987048 -0.64643 3 1 0
0.0436449 -0.100137 -0.647404 3 1 0
0.043106 -0.104584 -0.64805 3 1 0
0.0418573 -0.105975 -0.647027 3 1 0
0.0414919 -0.104686 -0.64717 4 1 0
0.0412758 -0.104102 -0.647476 3 1 0
0.0411775 -0.100813 -0.649467 3 1 0
0.0406906 -0.10079 -0.649818 3 1 0
