0.04 -0.103535 -0.629331 4 1 0
0.040166 -0.10296 -0.6295 3 1 0
0.0402895 -0.102957 -0.629612 3 1 0
0.0403351 -0.103469 -0.629607 3 1 0
0.0405714 -0.103669 -0.629748 3 1 0
0.0409152 -0.104353 -0.63007 3 1 0
0.0414546 -0.102593 -0.630662 3 1 0
0.0422733 -0.101203 -0.631357 3 1 0
0.0435112 -0.100746 -0.632319 3 1 0
0.0450461 -0.0983632 -0.633949 3 1 0
0.0466269 -0.0978043 -0.635341 3 1 0
0.0479708 -0.0957486 -0.636984 4 1 0
0.0494535 -0.0954155 -0.638531 3 1 0
0.0508539 -0.0930384 -0.640557 3 1 0
0.0521784 -0.0934354 -0.64231 3 1 0
0.0533842 -0.0923945 -0.644358 3 1 0
0.0544853 -0.0908214 -0.646173 3 1 0
0.0554281 -0.0921865 -0.647968 3 1 0
0.0562925 -0.0928665 -0.649791 3 1 0
0.05708 -0.0929128 -0.651481 3 1 0
0.0577619 -0.0961325 -0.653075 3 1 0
0.0583835 -0.0985633 -0.654272 3 1 0
0.0589457 -0.0969418 -0.655587 3 1 0
0.059458 -0.0984827 -0.656474 3 1 0
0.0598926 -0.0998321 -0.656991 3 1 0
0.0602427 -0.101836 -0.657382 3 1 0
0.060541 -0.104215 -0.657612 4 1 0
0.06074 -0.104572 -0.657421 4 1 0
0.0608733 -0.105843 -0.656908 4 1 0
0.060885 -0.106998 -0.656513 4 1 0
0.0608511 -0.108348 -0.655659 4 1 0
0.0607102 -0.106922 -0.654729 4 1 0
0.0604804 -0.107376 -0.653559 4 1 0
0.0601359 -0.107812 -0.652076 4 1 0
0.0596757 -0.109659 -0.650371 4 1 0
0.0591021 -0.109911 -0.648565 4 1 0
0.0584253 -0.11216 -0.646817 4 1 0
0.0576388 -0.110027 -0.644851 4 1 0
0.0567229 -0.111631 -0.642689 4 1 0
0.0568372 -0.110383 -0.64295 4 1 0
0.0559243 -0.11366 -0.640891 4 1 0
0.054915 -0.11129 -0.638709 4 1 0
0.0551388 -0.114144 -0.639098 4 1 0
0.0540657 -0.111485 -0.636802 4 1 0
0.052896 -0.112311 -0.634632 4 1 0
0.0528814 -0.112467 -0.634661 4 1 0
0.0516312 -0.11329 -0.63237 4 1 0
0.0502885 -0.112637 -0.629964 4 1 0
0.0503138 -0.114802 -0.629984 4 1 0
0.0489291 -0.113188 -0.627478 4 1 0
0.0474995 -0.114219 -0.624868 4 1 0
0.0460293 -0.114633 -0.622327 4 1 0
0.0445618 -0.115383 -0.619837 4 1 0
0.0445392 -0.115452 -0.6198 4 1 0
0.0430881 -0.115275 -0.617367 4 1 0
0.0416655 -0.116641 -0.614876 4 1 0
0.040311 -0.11546 -0.612314 4 1 0
0.0402978 -0.115501 -0.612338 4 1 0
0.0391335 -0.117987 -0.612092 4 1 0
0.0380308 -0.116244 -0.613054 4 1 0
0.037036 -0.116368 -0.614138 4 1 0
0.0361527 -0.117665 -0.615107 4 1 0
0.0353818 -0.116625 -0.616222 4 1 0
0.0347325 -0.116598 -0.617133 4 1 0
0.0342011 -0.116856 -0.618118 4 1 0
0.0338007 -0.11536 -0.619052 4 1 0
0.033535 -0.114227 -0.619844 4 1 0
0.0334032 -0.114088 -0.620645 4 1 0
0.0333857 -0.112934 -0.621087 4 1 0
0.0333618 -0.113465 -0.621544 3 1 0
0.0333896 -0.111778 -0.621948 3 1 0
0.0334486 -0.112124 -0.622285 3 1 0
0.03354 -0.110608 -0.622665 3 1 0
0.033668 -0.111348 -0.623206 3 1 0
0.0338192 -0.110437 -0.623815 3 1 0
0.0340156 -0.110448 -0.624345 3 1 0
0.0342272 -0.10842 -0.624897 3 1 0
0.034477 -0.108456 -0.625387 3 1 0
0.0347594 -0.107673 -0.625783 3 1 0
0.0350742 -0.10932 -0.626579 3 1 0
0.0354294 -0.106957 -0.627295 3 1 0
0.035802 -0.105877 -0.627806 3 1 0
0.0362075 -0.106838 -0.62839 3 1 0
0.0366205 -0.10735 -0.629238 3 1 0
0.0370763 -0.108417 -0.629969 3 1 0
0.0375486 -0.105003 -0.630768 3 1 0
0.0380592 -0.103848 -0.631498 3 1 0
0.0386004 -0.103407 -0.632222 3 1 0
0.0391765 -0.104321 -0.6329 3 1 0
0.0397853 -0.102919 -0.633945 3 1 0
0.0404191 -0.102089 -0.634893 3 1 0
0.0410778 -0.103475 -0.635831 3 1 0
0.0417582 -0.101481 -0.636706 3 1 0
0.0424989 -0.101753 -0.637634 3 1 0
0.0432467 -0.099987 -0.638717 3 1 0
0.0440377 -0.100452 -0.639952 3 1 0
0.0448599 -0.0995445 -0.641107 3 1 0
0.0457193 -0.101295 -0.642215 3 1 0
0.04662 -0.0977954 -0.643403 3 1 0
0.0475145 -0.0994805 -0.644839 3 1 0
0.0484728 -0.0961249 -0.646185 3 1 0
0.0494478 -0.095289 -0.647463 3 1 0
0.0504348 -0.0944949 -0.648786 3 1 0
0.0514326 -0.0961149 -0.650323 3 1 0
0.0524329 -0.0948075 -0.651861 3 1 0
0.0534488 -0.0942037 -0.653319 3 1 0
0.0544645 -0.0908736 -0.654696 3 1 0
0.0554768 -0.0900257 -0.656005 3 1 0
0.0564695 -0.0895417 -0.65746 3 1 0
0.0574509 -0.0889714 -0.658976 3 1 0
0.0584022 -0.0872206 -0.660388 3 1 0
0.0592988 -0.0880159 -0.661685 3 1 0
0.0601377 -0.0870134 -0.66288 3 1 0
0.0609238 -0.0857902 -0.663976 3 1 0
0.0616737 -0.0854961 -0.664939 3 1 0
0.0623536 -0.0871145 -0.665794 3 1 0
0.0629787 -0.0863219 -0.66652 3 1 0
0.0635181 -0.0853445 -0.667275 3 1 0
0.0639687 -0.0869445 -0.667797 3 1 0
0.0643292 -0.0889522 -0.668157 3 1 0
0.0646196 -0.0884542 -0.668386 3 1 0
0.0648316 -0.0880633 -0.668432 3 1 0
0.0649637 -0.0907177 -0.668308 3 1 0
0.0650066 -0.0916695 -0.668075 3 1 0
0.0649891 -0.0916823 -0.667636 4 1 0
0.0648875 -0.0933347 -0.667016 4 1 0
0.064708 -0.0956033 -0.666281 4 1 0
0.0644487 -0.0966784 -0.665341 4 1 0
0.0641217 -0.0977136 -0.664253 4 1 0
0.0637302 -0.101509 -0.662954 4 1 0
0.0632762 -0.101225 -0.66155 4 1 0
0.0627487 -0.102467 -0.65998 4 1 0
0.0621568 -0.105004 -0.658318 4 1 0
0.0615011 -0.105154 -0.656512 4 1 0
0.0607978 -0.108585 -0.654594 4 1 0
0.0600363 -0.107957 -0.652553 4 1 0
0.0592273 -0.109657 -0.650381 4 1 0
0.0583738 -0.110502 -0.648106 4 1 0
0.0574703 -0.112303 -0.645572 4 1 0
0.0565336 -0.112355 -0.643116 4 1 0
0.0555579 -0.115059 -0.640652 4 1 0
0.0545622 -0.114424 -0.638105 4 1 0
0.0535445 -0.117339 -0.635525 4 1 0
0.0525123 -0.11622 -0.632892 4 1 0
0.0514838 -0.11714 -0.630234 4 1 0
0.0504653 -0.120365 -0.627515 4 1 0
0.0494681 -0.118481 -0.624767 4 1 0
0.048489 -0.121769 -0.622031 4 1 0
0.0475373 -0.119491 -0.621018 4 1 0
0.0466382 -0.121219 -0.620091 4 1 0
0.0457892 -0.120709 -0.619426 4 1 0
0.045 -0.119812 -0.618824 4 1 0
0.0442689 -0.120392 -0.618128 4 1 0
0.0435852 -0.119058 -0.61751 4 1 0
0.0429684 -0.120024 -0.617137 4 1 0
0.0423991 -0.117781 -0.61672 4 1 0
0.0419039 -0.116905 -0.616204 4 1 0
0.0414565 -0.118012 -0.615965 4 1 0
0.0410729 -0.1153 -0.615766 4 1 0
0.0407201 -0.116519 -0.615552 4 1 0
0.040399 -0.113933 -0.615324 4 1 0
0.0401262 -0.11299 -0.615256 4 1 0
0.0398836 -0.111883 -0.615254 4 1 0
0.0396738 -0.111518 -0.615313 4 1 0
0.0394752 -0.110743 -0.615242 4 1 0
0.0392976 -0.110676 -0.615549 4 1 0
0.0391252 -0.109414 -0.615713 4 1 0
0.0389909 -0.109813 -0.616043 4 1 0
0.038879 -0.110621 -0.616388 4 1 0
0.0387604 -0.108318 -0.616885 4 1 0
0.0386799 -0.108795 -0.617408 4 1 0
0.0386298 -0.107866 -0.618187 4 1 0
0.0385913 -0.107974 -0.619209 4 1 0
0.0385623 -0.107178 -0.620489 4 1 0
0.0385974 -0.109478 -0.621943 4 1 0
0.0386698 -0.106594 -0.623474 4 1 0
0.0387038 -0.106842 -0.624056 3 1 0
0.0388171 -0.10646 -0.62596 3 1 0
0.0389941 -0.107354 -0.627574 3 1 0
0.0392254 -0.106051 -0.629387 3 1 0
0.0394847 -0.106326 -0.631169 3 1 0
0.0398079 -0.106216 -0.633054 3 1 0
0.0402158 -0.105776 -0.634698 3 1 0
0.0406665 -0.108103 -0.63643 3 1 0
0.0411798 -0.105261 -0.638217 3 1 0
0.0417735 -0.105613 -0.639775 3 1 0
0.0424427 -0.104312 -0.641309 3 1 0
0.0422822 -0.104656 -0.640904 4 1 0
0.0429878 -0.105311 -0.642557 3 1 0
0.0437653 -0.104373 -0.644018 4 1 0
0.0446222 -0.104515 -0.645276 3 1 0
0.0446326 -0.104545 -0.645291 3 1 0
0.0455932 -0.105055 -0.646612 3 1 0
0.0466473 -0.103031 -0.64801 4 1 0
0.0477465 -0.104186 -0.649178 3 1 0
0.0489271 -0.103604 -0.650179 3 1 0
0.0501422 -0.101792 -0.650972 3 1 0
0.0514205 -0.101351 -0.651591 3 1 0
0.0527265 -0.100736 -0.652611 3 1 0
0.0539931 -0.100253 -0.653117 3 1 0
0.05527 -0.0998471 -0.653492 4 1 0
0.056516 -0.101389 -0.653437 3 1 0
0.0577289 -0.0972004 -0.653633 3 1 0
0.0588222 -0.0987182 -0.653715 3 1 0
0.0597965 -0.0993386 -0.653379 3 1 0
0.0606009 -0.0946497 -0.653145 4 1 0
0.0612262 -0.0954222 -0.652703 3 1 0
0.0616469 -0.0932375 -0.651924 4 1 0
0.0618271 -0.094316 -0.650865 4 1 0
0.0618141 -0.0931571 -0.650104 4 1 0
0.061822 -0.0952172 -0.650214 4 1 0
0.0616059 -0.0930065 -0.648836 4 1 0
0.0612232 -0.0963409 -0.647267 4 1 0
0.0606464 -0.0973236 -0.645646 4 1 0
0.0599554 -0.0962394 -0.643701 4 1 0
0.0591212 -0.100059 -0.641512 4 1 0
0.058195 -0.100988 -0.639192 4 1 0
0.0577102 -0.101434 -0.638015 4 1 0
0.0569654 -0.105156 -0.636243 4 1 0
0.0559428 -0.107079 -0.63367 4 1 0
0.0549028 -0.108778 -0.632032 4 1 0
0.0538719 -0.110823 -0.631201 4 1 0
0.0528815 -0.112833 -0.630265 4 1 0
0.0519391 -0.116828 -0.629378 4 1 0
0.0520419 -0.116666 -0.62949 4 1 0
0.0511528 -0.117592 -0.628486 4 1 0
0.0503385 -0.116789 -0.627615 4 1 0
0.049584 -0.120045 -0.626659 4 1 0
0.0489114 -0.119476 -0.625668 4 1 0
0.0482959 -0.117716 -0.624955 4 1 0
0.0477617 -0.117721 -0.624124 4 1 0
0.047315 -0.11568 -0.623491 4 1 0
0.0469202 -0.116389 -0.622927 4 1 0
0.0465642 -0.1143 -0.622333 4 1 0
0.0463102 -0.113923 -0.622099 4 1 0
0.0460691 -0.112712 -0.621704 4 1 0
0.0458981 -0.111503 -0.621576 4 1 0
0.0457423 -0.110531 -0.621436 4 1 0
0.0455948 -0.112066 -0.621236 4 1 0
0.0454626 -0.109519 -0.621303 4 1 0
0.0453484 -0.108938 -0.621167 4 1 0
0.0452425 -0.109718 -0.621276 4 1 0
0.0452417 -0.10966 -0.621279 4 1 0
0.0451463 -0.108325 -0.621334 4 1 0
0.0450368 -0.110071 -0.621265 4 1 0
0.0449191 -0.10814 -0.621559 4 1 0
0.0448217 -0.108272 -0.621588 4 1 0
0.0447449 -0.108163 -0.621903 4 1 0
0.0446583 -0.108787 -0.622096 4 1 0
0.0446626 -0.107519 -0.622086 4 1 0
0.0445893 -0.110488 -0.622442 4 1 0
0.0445408 -0.107305 -0.622822 4 1 0
0.0445334 -0.10787 -0.623345 4 1 0
0.0445588 -0.106978 -0.623964 4 1 0
0.0445922 -0.107763 -0.624885 4 1 0
0.0447014 -0.109132 -0.625927 3 1 0
0.0448284 -0.106795 -0.62727 3 1 0
0.0450231 -0.107257 -0.628681 3 1 0
0.045249 -0.106403 -0.630218 3 1 0
0.0455119 -0.109509 -0.631635 3 1 0
0.0458161 -0.1062 -0.633191 3 1 0
0.0461714 -0.109192 -0.634468 3 1 0
0.0465642 -0.105986 -0.635497 4 1 0
0.047005 -0.106328 -0.63644 3 1 0
0.047003 -0.107167 -0.636442 4 1 0
0.047399 -0.10596 -0.636939 3 1 0
0.0477944 -0.106532 -0.637448 3 1 0
0.0481935 -0.106648 -0.637763 3 1 0
0.0485826 -0.106413 -0.637988 3 1 0
0.0489733 -0.106055 -0.638072 3 1 0
0.0493604 -0.105937 -0.638061 3 1 0
0.0497418 -0.108485 -0.637907 3 1 0
0.0501131 -0.105777 -0.637598 3 1 0
0.050459 -0.10629 -0.6375 3 1 0
0.0507745 -0.109185 -0.6371 3 1 0
0.051068 -0.105928 -0.636577 3 1 0
0.0513367 -0.10598 -0.636023 3 1 0
0.051576 -0.10661 -0.635592 3 1 0
0.0517781 -0.105813 -0.63502 3 1 0
0.0519316 -0.105695 -0.634379 3 1 0
0.0520356 -0.107629 -0.633638 3 1 0
0.0520924 -0.105772 -0.632884 3 1 0
0.0521144 -0.105768 -0.632344 3 1 0
0.052092 -0.107838 -0.631779 3 1 0
0.0520293 -0.105885 -0.631092 3 1 0
0.0519173 -0.105931 -0.630762 3 1 0
0.0517556 -0.109055 -0.630245 3 1 0
0.0515628 -0.106239 -0.630067 3 1 0
0.0513506 -0.10948 -0.629831 3 1 0
0.0511171 -0.106459 -0.62958 3 1 0
0.0508801 -0.108173 -0.629467 4 1 0
0.0506327 -0.108296 -0.62938 4 1 0
0.0505963 -0.107798 -0.629367 4 1 0
0.0503551 -0.107369 -0.629185 4 1 0
0.0501351 -0.107706 -0.629076 4 1 0
0.0499325 -0.108189 -0.62899 4 1 0
0.0498981 -0.108757 -0.629 4 1 0
0.0499028 -0.108497 -0.629054 3 1 0
0.0497382 -0.107846 -0.628953 3 1 0
0.0495994 -0.108292 -0.628745 3 1 0
0.0495134 -0.108119 -0.628874 3 1 0
0.0494799 -0.108096 -0.628715 3 1 0
0.049468 -0.107744 -0.628836 3 1 0
0.04949 -0.10806 -0.628884 3 1 0
0.0495546 -0.106686 -0.628924 3 1 0
0.0496563 -0.106462 -0.628974 3 1 0
0.0497535 -0.105811 -0.629193 3 1 0
0.0498924 -0.105828 -0.629226 3 1 0
0.0500337 -0.105406 -0.629614 3 1 0
0.0501835 -0.10463 -0.629716 3 1 0
0.0503336 -0.105969 -0.630168 3 1 0
0.0504796 -0.104356 -0.630464 3 1 0
0.0506372 -0.105182 -0.6307 3 1 0
0.050808 -0.105197 -0.631208 3 1 0
0.0509591 -0.105191 -0.631505 4 1 0
0.0511066 -0.105348 -0.63177 3 1 0
0.0512674 -0.105833 -0.632283 3 1 0
0.0514338 -0.105194 -0.632581 3 1 0
0.0515722 -0.106351 -0.632957 3 1 0
0.0517315 -0.106217 -0.633263 3 1 0
0.0518644 -0.106237 -0.633425 4 1 0
0.0520261 -0.106833 -0.633888 3 1 0
0.052184 -0.107102 -0.634163 3 1 0
0.0521646 -0.106794 -0.634142 3 1 0
0.0523465 -0.106714 -0.634454 3 1 0
0.0525167 -0.107978 -0.634703 3 1 0
0.0526898 -0.107064 -0.634864 3 1 0
0.0528797 -0.10682 -0.635201 4 1 0
0.053082 -0.107695 -0.63543 3 1 0
0.053276 -0.107631 -0.635734 4 1 0
0.0534693 -0.108314 -0.635804 3 1 0
0.0536588 -0.107574 -0.636101 3 1 0
0.053861 -0.107795 -0.636191 3 1 0
0.0540269 -0.107486 -0.636242 3 1 0
0.0541885 -0.109574 -0.636261 3 1 0
0.0543287 -0.107573 -0.636073 3 1 0
0.0543979 -0.109905 -0.635999 4 1 0
0.054399 -0.109948 -0.635999 4 1 0
0.0544922 -0.107849 -0.63595 4 1 0
0.0545712 -0.110477 -0.635658 4 1 0
0.0546154 -0.108076 -0.635483 4 1 0
0.054597 -0.110515 -0.635151 4 1 0
0.0545328 -0.108591 -0.63469 4 1 0
0.0544231 -0.10963 -0.634203 4 1 0
0.0542602 -0.108909 -0.633585 4 1 0
0.0540175 -0.10908 -0.632897 4 1 0
0.0537153 -0.110452 -0.63216 4 1 0
0.0533704 -0.109482 -0.631312 4 1 0
0.0529447 -0.11249 -0.630351 4 1 0
0.0524467 -0.109966 -0.6293 4 1 0
0.051896 -0.110778 -0.628165 4 1 0
0.0512876 -0.109909 -0.627172 4 1 0
0.0506101 -0.111744 -0.626076 4 1 0
0.0498692 -0.110234 -0.62491 4 1 0
0.0490946 -0.110933 -0.623592 4 1 0
0.0482797 -0.111482 -0.62221 4 1 0
0.0474197 -0.111166 -0.620792 4 1 0
0.046525 -0.111259 -0.619427 4 1 0
0.0456155 -0.113886 -0.618073 4 1 0
0.044681 -0.111427 -0.616632 4 1 0
0.0437658 -0.112635 -0.617613 4 1 0
0.0428643 -0.111969 -0.618617 4 1 0
0.0419782 -0.114415 -0.619826 4 1 0
0.0411321 -0.112797 -0.62062 4 1 0
0.040356 -0.114962 -0.621629 4 1 0
0.0396561 -0.113673 -0.622319 4 1 0
0.0390342 -0.114752 -0.622735 4 1 0
0.0384964 -0.115601 -0.62332 4 1 0
0.0380718 -0.114763 -0.623872 4 1 0
0.037778 -0.116075 -0.624033 4 1 0
0.037777 -0.116016 -0.624034 4 1 0
0.0376354 -0.114817 -0.624461 3 1 0
0.0376308 -0.115267 -0.624561 3 1 0
0.0376223 -0.11423 -0.624774 3 1 0
0.0377935 -0.115714 -0.624894 4 1 0
0.0381066 -0.114762 -0.625312 3 1 0
0.0386205 -0.112206 -0.625583 4 1 0
0.0392335 -0.11178 -0.625741 3 1 0
0.0400167 -0.112165 -0.626294 3 1 0
0.0408911 -0.108056 -0.626608 4 1 0
0.0418759 -0.107634 -0.627293 3 1 0
0.0429503 -0.10456 -0.627788 3 1 0
0.0440752 -0.103863 -0.62876 3 1 0
0.0452108 -0.100722 -0.629591 3 1 0
0.0452297 -0.102136 -0.629597 3 1 0
0.0463685 -0.0993895 -0.630667 3 1 0
0.0475462 -0.0985032 -0.631813 3 1 0
0.0486389 -0.097952 -0.632867 3 1 0
0.0497097 -0.0953341 -0.634333 3 1 0
0.0506524 -0.0964009 -0.635588 3 1 0
0.0515297 -0.0961461 -0.636953 3 1 0
0.0523179 -0.0940465 -0.638396 3 1 0
0.0530446 -0.0945037 -0.639562 4 1 0
0.0536787 -0.0946534 -0.641112 3 1 0
0.0542406 -0.0972895 -0.64233 3 1 0
0.0547583 -0.0967904 -0.643574 3 1 0
0.0552417 -0.0995868 -0.644846 3 1 0
0.0557255 -0.0986525 -0.645816 3 1 0
0.0561573 -0.102714 -0.646945 3 1 0
0.0565948 -0.100994 -0.647861 3 1 0
0.0569929 -0.104104 -0.648467 3 1 0
0.0573844 -0.102943 -0.649299 3 1 0
0.0577515 -0.103809 -0.64979 3 1 0
0.0580955 -0.10422 -0.649965 3 1 0
0.0583769 -0.106186 -0.650239 4 1 0
0.0586265 -0.106417 -0.650344 4 1 0
0.0586297 -0.106365 -0.650344 3 1 0
0.0588155 -0.106939 -0.65018 3 1 0
0.0589485 -0.108375 -0.649695 3 1 0
0.0590216 -0.107117 -0.649298 4 1 0
0.0590162 -0.108288 -0.648835 4 1 0
0.0589424 -0.107685 -0.648173 4 1 0
0.058788 -0.109539 -0.647278 4 1 0
0.0585418 -0.108746 -0.646167 4 1 0
0.058191 -0.10892 -0.644958 4 1 0
0.0577345 -0.109826 -0.643524 4 1 0
0.057691 -0.10947 -0.643477 4 1 0
0.0576446 -0.111911 -0.643444 4 1 0
0.0575821 -0.110962 -0.643374 4 1 0
0.0575086 -0.110284 -0.643285 4 1 0
0.057422 -0.109619 -0.643144 4 1 0
0.0573276 -0.109884 -0.643017 4 1 0
0.0572233 -0.110412 -0.642871 4 1 0
0.0571093 -0.110524 -0.642679 4 1 0
0.0569833 -0.111338 -0.642491 4 1 0
0.0568474 -0.112421 -0.642283 4 1 0
0.0566988 -0.111253 -0.64205 4 1 0
0.0565396 -0.112261 -0.641799 4 1 0
0.0563704 -0.113546 -0.641527 4 1 0
0.0561887 -0.113349 -0.641259 4 1 0
0.0559978 -0.113458 -0.640943 4 1 0
0.0557969 -0.112377 -0.640606 4 1 0
0.0555867 -0.111057 -0.640242 4 1 0
0.0553629 -0.111602 -0.639858 4 1 0
0.0551268 -0.112483 -0.63945 4 1 0
0.0548804 -0.112981 -0.639046 4 1 0
0.0546229 -0.114316 -0.638594 4 1 0
0.0543538 -0.115977 -0.638119 4 1 0
0.0540801 -0.115361 -0.637683 4 1 0
0.0537908 -0.116243 -0.637161 4 1 0
0.0534901 -0.11477 -0.636617 4 1 0
0.0531797 -0.114897 -0.636071 4 1 0
0.0528597 -0.113823 -0.635484 4 1 0
0.0525311 -0.113145 -0.634877 4 1 0
0.052194 -0.113339 -0.634222 4 1 0
0.0518497 -0.113034 -0.633579 4 1 0
0.0514976 -0.113133 -0.632916 4 1 0
0.0511369 -0.113329 -0.63222 4 1 0
0.0507693 -0.113576 -0.631517 4 1 0
0.0503947 -0.114233 -0.630795 4 1 0
0.0500106 -0.11393 -0.630015 4 1 0
0.0496224 -0.114492 -0.629255 4 1 0
0.0492288 -0.115475 -0.628475 4 1 0
0.0488307 -0.116595 -0.627668 4 1 0
0.0484271 -0.115643 -0.62685 4 1 0
0.0480195 -0.115167 -0.626015 4 1 0
0.0476079 -0.115273 -0.625139 4 1 0
0.0471934 -0.11607 -0.624269 4 1 0
0.0467762 -0.117317 -0.623382 4 1 0
0.0463591 -0.116128 -0.622486 4 1 0
0.0459419 -0.117095 -0.621569 4 1 0
0.0455245 -0.118522 -0.620638 4 1 0
0.0451079 -0.11817 -0.619703 4 1 0
0.0446935 -0.117416 -0.618793 4 1 0
0.0442828 -0.117173 -0.617874 4 1 0
0.0438807 -0.117647 -0.616966 4 1 0
0.0434802 -0.117544 -0.616022 4 1 0
0.0430872 -0.117948 -0.615071 4 1 0
0.0427027 -0.118564 -0.614319 4 1 0
0.0423273 -0.119801 -0.614128 4 1 0
0.0419626 -0.120355 -0.614067 4 1 0
0.0416037 -0.118926 -0.613987 4 1 0
0.0412612 -0.11843 -0.613872 4 1 0
0.0409289 -0.118503 -0.613757 4 1 0
0.0406054 -0.11935 -0.61375 4 1 0
0.0402934 -0.120641 -0.613721 4 1 0
0.0399926 -0.121387 -0.61367 4 1 0
0.0397051 -0.119269 -0.613588 4 1 0
0.0394333 -0.1184 -0.613487 4 1 0
0.0391771 -0.11811 -0.613393 4 1 0
0.0389378 -0.118508 -0.613468 4 1 0
0.0387109 -0.117739 -0.613379 4 1 0
0.0385002 -0.117563 -0.613304 4 1 0
0.0383029 -0.117599 -0.613358 4 1 0
0.03812 -0.116888 -0.61327 4 1 0
0.0379529 -0.116784 -0.613301 4 1 0
0.0377975 -0.116223 -0.613363 4 1 0
0.0376581 -0.116076 -0.613395 4 1 0
0.0375331 -0.116538 -0.613407 4 1 0
0.0374183 -0.116564 -0.613412 4 1 0
0.0373192 -0.11599 -0.613397 4 1 0
0.0372326 -0.114539 -0.613365 4 1 0
0.0371578 -0.113986 -0.613434 4 1 0
0.0370915 -0.114442 -0.613541 4 1 0
0.0370325 -0.115201 -0.613632 4 1 0
0.0369868 -0.113077 -0.613712 4 1 0
0.036951 -0.113857 -0.613797 4 1 0
0.0369214 -0.113601 -0.613865 4 1 0
0.0369024 -0.113247 -0.613912 4 1 0
0.0368866 -0.111649 -0.614022 4 1 0
0.0368772 -0.110773 -0.614243 4 1 0
0.0368848 -0.110499 -0.614436 4 1 0
0.0368908 -0.11017 -0.614621 4 1 0
0.0369068 -0.110532 -0.614784 4 1 0
0.036931 -0.110832 -0.614923 4 1 0
0.036964 -0.112216 -0.615136 4 1 0
0.0370059 -0.110289 -0.615437 4 1 0
0.0370542 -0.10888 -0.615693 4 1 0
0.0371056 -0.109516 -0.615895 4 1 0
0.0371525 -0.110902 -0.616233 4 1 0
0.0372101 -0.111563 -0.616572 4 1 0
0.0372627 -0.110507 -0.616839 4 1 0
0.0373154 -0.108787 -0.617264 4 1 0
0.0373808 -0.109732 -0.617683 4 1 0
0.037447 -0.108209 -0.618084 4 1 0
0.0375216 -0.107496 -0.618453 4 1 0
0.0376024 -0.108329 -0.618993 4 1 0
0.0376869 -0.107354 -0.619422 4 1 0
0.0377791 -0.107205 -0.619967 4 1 0
0.0378736 -0.107126 -0.620551 4 1 0
0.0379768 -0.107033 -0.621137 4 1 0
0.0380869 -0.107763 -0.621682 4 1 0
0.0381987 -0.107776 -0.622237 4 1 0
0.0383217 -0.108265 -0.622838 4 1 0
0.0383694 -0.107648 -0.623116 3 1 0
0.0384971 -0.107228 -0.623807 3 1 0
0.0386362 -0.106437 -0.6245 3 1 0
0.038781 -0.106535 -0.625148 3 1 0
0.0389272 -0.106295 -0.625865 3 1 0
0.0390888 -0.106345 -0.626544 3 1 0
0.0392566 -0.107273 -0.627177 3 1 0
0.0394326 -0.107397 -0.627697 3 1 0
0.0396144 -0.108029 -0.628559 3 1 0
0.0398025 -0.106506 -0.629373 3 1 0
0.0400119 -0.107547 -0.630123 3 1 0
0.0402198 -0.106193 -0.630869 3 1 0
0.0404382 -0.105794 -0.631568 3 1 0
0.0406705 -0.106521 -0.63212 3 1 0
0.0409163 -0.108101 -0.632686 3 1 0
0.0411751 -0.107216 -0.633461 3 1 0
0.0414499 -0.10651 -0.634251 3 1 0
0.0417193 -0.108322 -0.634786 3 1 0
0.0419934 -0.107689 -0.635436 3 1 0
0.0422838 -0.109825 -0.636069 3 1 0
0.0425796 -0.107227 -0.636809 3 1 0
0.0428866 -0.105697 -0.637491 3 1 0
0.0432027 -0.107052 -0.637815 3 1 0
0.0435264 -0.105551 -0.638474 3 1 0
0.0438594 -0.105121 -0.639071 3 1 0
0.0441944 -0.105379 -0.639575 3 1 0
0.0445397 -0.105066 -0.640062 3 1 0
0.0448913 -0.105807 -0.640486 3 1 0
0.0452455 -0.106821 -0.640822 3 1 0
0.0456053 -0.105442 -0.641096 3 1 0
0.0459659 -0.104848 -0.641306 3 1 0
0.0463241 -0.104858 -0.64144 3 1 0
0.0466835 -0.105704 -0.641525 3 1 0
0.0470374 -0.106762 -0.64155 3 1 0
0.0474003 -0.10655 -0.641875 3 1 0
0.04775 -0.106143 -0.641831 3 1 0
0.0480939 -0.105015 -0.641729 3 1 0
0.0484401 -0.104909 -0.641734 3 1 0
0.0487741 -0.105223 -0.641733 3 1 0
0.0491054 -0.106643 -0.641671 3 1 0
0.049425 -0.107274 -0.641609 3 1 0
0.0497389 -0.105483 -0.641331 3 1 0
0.0500368 -0.104988 -0.640987 3 1 0
0.0503145 -0.106517 -0.640649 3 1 0
0.0505715 -0.108993 -0.640198 3 1 0
0.0508098 -0.107055 -0.639694 3 1 0
0.0510333 -0.10613 -0.639318 3 1 0
0.0512362 -0.105254 -0.638879 3 1 0
0.0514169 -0.105653 -0.638382 3 1 0
0.0515617 -0.106171 -0.637671 3 1 0
0.0516892 -0.105423 -0.636981 3 1 0
0.0517911 -0.10597 -0.636405 3 1 0
0.0518636 -0.106856 -0.635846 3 1 0
0.0519092 -0.106275 -0.635263 3 1 0
0.0519226 -0.105655 -0.634632 3 1 0
0.0518988 -0.105973 -0.633954 3 1 0
0.0518501 -0.105951 -0.633313 3 1 0
0.0517653 -0.107281 -0.632629 3 1 0
0.0516547 -0.106593 -0.632052 3 1 0
0.0515087 -0.108572 -0.631403 3 1 0
0.0513321 -0.106868 -0.630848 3 1 0
0.0511351 -0.106784 -0.630479 3 1 0
0.0509103 -0.106859 -0.630065 3 1 0
0.0506683 -0.108318 -0.629614 3 1 0
0.0504131 -0.107214 -0.629313 3 1 0
0.0501245 -0.108778 -0.629144 4 1 0
0.0501232 -0.108791 -0.629144 4 1 0
0.0498079 -0.108977 -0.628972 4 1 0
0.0494899 -0.107973 -0.628723 4 1 0
0.0491673 -0.108274 -0.628523 4 1 0
0.048838 -0.10913 -0.628345 4 1 0
0.0485086 -0.108623 -0.628325 4 1 0
0.0482389 -0.109207 -0.628297 4 1 0
0.0480859 -0.109292 -0.628209 4 1 0
0.0477376 -0.109751 -0.628046 4 1 0
0.047391 -0.110262 -0.627882 3 1 0
0.0470459 -0.111026 -0.627793 3 1 0
0.0467039 -0.111692 -0.627701 3 1 0
0.0463646 -0.111955 -0.627608 3 1 0
0.04603 -0.110486 -0.627491 3 1 0
0.0456969 -0.110705 -0.62736 3 1 0
0.0453677 -0.111 -0.627226 3 1 0
0.0450403 -0.111811 -0.627195 3 1 0
0.0447218 -0.111705 -0.627077 3 1 0
0.0444086 -0.111687 -0.626956 3 1 0
0.0441016 -0.112031 -0.626789 3 1 0
0.0437988 -0.112518 -0.626741 3 1 0
0.0435023 -0.113114 -0.626689 3 1 0
0.0432158 -0.112528 -0.62661 3 1 0
0.042935 -0.113006 -0.626561 3 1 0
0.0426617 -0.113606 -0.626508 3 1 0
0.0423946 -0.114877 -0.626465 3 1 0
0.0421371 -0.114668 -0.626386 3 1 0
0.0418883 -0.114059 -0.626304 3 1 0
0.0416515 -0.113646 -0.626083 3 1 0
0.0414217 -0.113291 -0.625974 3 1 0
0.0412018 -0.113083 -0.625972 3 1 0
0.0409938 -0.113231 -0.62608 3 1 0
0.0407952 -0.113585 -0.626046 3 1 0
0.0406079 -0.114097 -0.626008 3 1 0
0.0404336 -0.115791 -0.625851 3 1 0
0.0402706 -0.115292 -0.625766 3 1 0
0.0401195 -0.114284 -0.625678 3 1 0
0.039995 -0.114801 -0.625871 3 1 0
0.0398628 -0.115715 -0.625842 3 1 0
0.0397399 -0.115025 -0.625809 3 1 0
0.0396189 -0.112313 -0.625693 3 1 0
0.0395194 -0.112063 -0.62573 3 1 0
0.0394323 -0.112014 -0.625765 3 1 0
0.0393593 -0.112999 -0.625778 3 1 0
0.0392938 -0.112044 -0.625763 3 1 0
0.0392403 -0.111314 -0.625746 3 1 0
0.0392 -0.110909 -0.625825 3 1 0
0.0391697 -0.110506 -0.625902 3 1 0
0.0391508 -0.110339 -0.625977 3 1 0
0.0391418 -0.110589 -0.625994 3 1 0
0.0391445 -0.110981 -0.62602 3 1 0
0.0391576 -0.111149 -0.626044 3 1 0
0.0391804 -0.109631 -0.626226 3 1 0
0.0392135 -0.108736 -0.626359 3 1 0
0.0392559 -0.108117 -0.626489 3 1 0
0.0393056 -0.107792 -0.626585 3 1 0
0.0393651 -0.107766 -0.626738 3 1 0
0.0394321 -0.108019 -0.626888 3 1 0
0.0395048 -0.109263 -0.626942 3 1 0
0.0395861 -0.107822 -0.627045 3 1 0
0.0396743 -0.106691 -0.627191 3 1 0
0.0397718 -0.105702 -0.627484 3 1 0
0.0398768 -0.105389 -0.627732 3 1 0
0.0399911 -0.105378 -0.627976 3 1 0
0.0401172 -0.106939 -0.628155 3 1 0
0.0402515 -0.10771 -0.628338 3 1 0
0.0403945 -0.106016 -0.628515 3 1 0
0.0405583 -0.104142 -0.628956 3 1 0
0.0407126 -0.104568 -0.629196 3 1 0
0.040869 -0.105333 -0.629427 3 1 0
0.041029 -0.105297 -0.629769 3 1 0
0.0411929 -0.103862 -0.630096 3 1 0
0.041364 -0.102787 -0.630417 3 1 0
0.0415465 -0.105008 -0.630743 3 1 0
0.0417329 -0.103392 -0.631059 3 1 0
0.0419262 -0.102163 -0.631366 3 1 0
0.0421292 -0.101496 -0.631643 3 1 0
0.0423358 -0.10089 -0.631982 3 1 0
0.0425484 -0.100671 -0.632431 3 1 0
0.0427629 -0.101898 -0.632804 3 1 0
0.0429873 -0.101495 -0.63326 3 1 0
0.0432171 -0.100358 -0.633705 3 1 0
0.0434495 -0.0995594 -0.634107 3 1 0
0.0436865 -0.0996331 -0.634563 3 1 0
0.0439257 -0.100114 -0.635008 3 1 0
0.0441633 -0.100014 -0.635235 3 1 0
0.0444097 -0.0990351 -0.635791 3 1 0
0.0446631 -0.0984803 -0.636338 3 1 0
0.0449273 -0.0989898 -0.636816 3 1 0
0.0452017 -0.0997419 -0.637251 3 1 0
0.045486 -0.10089 -0.637717 3 1 0
0.0457711 -0.0984475 -0.638422 3 1 0
0.0460725 -0.0974373 -0.638915 3 1 0
0.0463785 -0.0969146 -0.639396 3 1 0
0.046684 -0.0973683 -0.640139 3 1 0
0.0469934 -0.0981357 -0.640712 3 1 0
0.0473061 -0.0993391 -0.641274 3 1 0
0.0476266 -0.0999554 -0.641864 3 1 0
0.0479539 -0.097927 -0.642418 3 1 0
0.0482902 -0.0963941 -0.643007 3 1 0
0.0486356 -0.0953364 -0.643728 3 1 0
0.0489903 -0.0947891 -0.644448 3 1 0
0.0493529 -0.0947296 -0.645156 3 1 0
0.0497213 -0.0951551 -0.645839 3 1 0
0.0500996 -0.0959222 -0.646501 3 1 0
0.0504855 -0.0943738 -0.647154 3 1 0
0.0508727 -0.093468 -0.647942 3 1 0
0.0512717 -0.0928578 -0.648623 3 1 0
0.0516744 -0.0927751 -0.649292 3 1 0
0.0520802 -0.0928953 -0.650105 3 1 0
0.0524912 -0.0936718 -0.650886 3 1 0
0.0529039 -0.0935497 -0.651652 3 1 0
0.0533282 -0.0926635 -0.652416 3 1 0
0.0537501 -0.091401 -0.653164 3 1 0
0.0541781 -0.0906811 -0.653902 3 1 0
0.0546189 -0.0903184 -0.654677 3 1 0
0.0550565 -0.0902902 -0.655411 3 1 0
0.0555026 -0.0907741 -0.656134 3 1 0
0.0559468 -0.0907874 -0.656867 3 1 0
0.0563985 -0.0919414 -0.657566 3 1 0
0.0568557 -0.0908419 -0.65825 3 1 0
0.0572864 -0.0926771 -0.658971 3 1 0
0.057734 -0.0903131 -0.659627 3 1 0
0.0581879 -0.0885581 -0.660272 3 1 0
0.0586345 -0.0876897 -0.66087 3 1 0
0.0590851 -0.0869917 -0.661562 3 1 0
0.0595253 -0.0869723 -0.662215 3 1 0
0.0599513 -0.0880321 -0.662867 3 1 0
0.0603596 -0.0894997 -0.663433 3 1 0
0.0607566 -0.0892641 -0.663967 3 1 0
0.0611495 -0.0894059 -0.664517 3 1 0
0.0615278 -0.0873708 -0.664983 3 1 0
0.061896 -0.0860232 -0.665416 3 1 0
0.0622523 -0.0854023 -0.66577 3 1 0
0.0625928 -0.0853197 -0.666117 3 1 0
0.0629168 -0.085923 -0.666423 3 1 0
0.063221 -0.0865942 -0.666524 3 1 0
0.0635086 -0.0864611 -0.666737 3 1 0
0.0637765 -0.0853362 -0.666907 3 1 0
0.0640202 -0.0851638 -0.667088 3 1 0
0.0642384 -0.0861193 -0.667162 3 1 0
0.0644285 -0.0877978 -0.667185 3 1 0
0.0645967 -0.086481 -0.667278 3 1 0
0.0647375 -0.0858195 -0.667216 3 1 0
0.0648564 -0.0859164 -0.667109 3 1 0
0.0649537 -0.0863617 -0.666988 3 1 0
0.065025 -0.0875771 -0.666782 3 1 0
0.0650743 -0.0895193 -0.666527 3 1 0
0.0650816 -0.0888724 -0.666012 3 1 0
0.0650737 -0.0911709 -0.665646 3 1 0
0.0650733 -0.0912362 -0.665636 3 1 0
0.0650506 -0.0908947 -0.66542 4 1 0
0.0650244 -0.0914566 -0.66512 4 1 0
0.0649942 -0.0912182 -0.664803 4 1 0
0.0649589 -0.0904076 -0.664447 4 1 0
0.06492 -0.0899559 -0.664111 4 1 0
0.0648763 -0.0895582 -0.663809 4 1 0
0.0648172 -0.0894206 -0.66367 4 1 0
0.0647638 -0.0891153 -0.663319 4 1 0
0.0647052 -0.0888871 -0.662948 4 1 0
0.0646364 -0.0891192 -0.662589 4 1 0
0.0645663 -0.0889539 -0.662164 4 1 0
0.0644899 -0.0888882 -0.661719 4 1 0
0.0644058 -0.0888984 -0.661185 4 1 0
0.0643163 -0.0891135 -0.660695 4 1 0
0.0642193 -0.0894524 -0.660184 4 1 0
0.0641117 -0.0900688 -0.659731 4 1 0
0.0639967 -0.0907089 -0.659182 4 1 0
0.0638735 -0.0914819 -0.658613 4 1 0
0.0637507 -0.0924387 -0.658017 4 1 0
0.0636116 -0.0935167 -0.657407 4 1 0
0.0634639 -0.0947391 -0.656776 4 1 0
0.0633074 -0.0947388 -0.656132 4 1 0
0.0631435 -0.0940581 -0.655466 4 1 0
0.0629718 -0.0935263 -0.654782 4 1 0
0.0627934 -0.0948649 -0.654193 4 1 0
0.0626074 -0.0942715 -0.653476 4 1 0
0.062414 -0.0938449 -0.652742 4 1 0
0.0622149 -0.0952144 -0.652011 4 1 0
0.0620056 -0.0947224 -0.65124 4 1 0
0.0617888 -0.0944169 -0.650451 4 1 0
0.0615642 -0.0941686 -0.649605 4 1 0
0.0613323 -0.0943331 -0.648779 4 1 0
0.0610927 -0.0947014 -0.647934 4 1 0
0.0608447 -0.0952204 -0.646951 4 1 0
0.06059 -0.0959595 -0.646066 4 1 0
0.0603279 -0.0969137 -0.645162 4 1 0
0.0600572 -0.098046 -0.644235 4 1 0
0.0597812 -0.0987059 -0.643352 4 1 0
0.0594988 -0.0982913 -0.642457 4 1 0
0.0592116 -0.0976139 -0.64166 4 1 0
0.058917 -0.0980977 -0.640722 4 1 0
0.0586165 -0.0988331 -0.639773 4 1 0
0.0583094 -0.100272 -0.63881 4 1 0
0.0579984 -0.101668 -0.637846 4 1 0
0.0576829 -0.102154 -0.636872 4 1 0
0.0573655 -0.101983 -0.635828 4 1 0
0.057044 -0.10176 -0.63488 4 1 0
0.0567209 -0.101819 -0.633993 4 1 0
0.0564 -0.102226 -0.633181 4 1 0
0.0560764 -0.10267 -0.632871 4 1 0
0.0557545 -0.103397 -0.632638 4 1 0
0.0554352 -0.104079 -0.632389 4 1 0
0.0551185 -0.105213 -0.63213 4 1 0
0.0548065 -0.106633 -0.631864 4 1 0
0.0544937 -0.105651 -0.631661 4 1 0
0.0541883 -0.106843 -0.631512 4 1 0
0.0538905 -0.108329 -0.631354 4 1 0
0.0535972 -0.109393 -0.631174 4 1 0
0.0533149 -0.108723 -0.630976 4 1 0
0.0530412 -0.108064 -0.630769 4 1 0
0.052774 -0.107494 -0.63061 4 1 0
0.0525202 -0.108012 -0.630401 4 1 0
0.0522737 -0.108888 -0.630182 4 1 0
0.0520316 -0.108802 -0.630039 4 1 0
0.0518061 -0.109802 -0.629964 4 1 0
0.0515896 -0.111152 -0.629879 4 1 0
0.0513956 -0.111842 -0.629747 4 1 0
0.0512049 -0.112203 -0.629668 4 1 0
0.0510236 -0.110835 -0.62958 4 1 0
0.0508614 -0.112693 -0.629486 4 1 0
0.0507075 -0.111123 -0.629405 4 1 0
0.0505666 -0.109957 -0.629318 4 1 0
0.0504423 -0.1097 -0.62922 4 1 0
0.0503315 -0.108967 -0.629123 4 1 0
0.0502366 -0.10863 -0.629024 4 1 0
0.0501621 -0.110247 -0.629018 4 1 0
0.0500982 -0.109384 -0.629046 4 1 0
0.0500474 -0.108253 -0.62907 4 1 0
0.0500086 -0.108183 -0.629088 4 1 0
0.0499774 -0.10885 -0.629104 4 1 0
0.0499706 -0.109101 -0.629109 4 1 0
0.0499559 -0.108958 -0.629134 3 1 0
0.0499491 -0.108108 -0.629153 3 1 0
0.0499524 -0.106855 -0.629172 3 1 0
0.0499749 -0.107573 -0.629188 3 1 0
0.0499976 -0.106243 -0.62934 3 1 0
0.0500299 -0.105307 -0.629513 3 1 0
0.0500761 -0.104858 -0.629689 3 1 0
0.050126 -0.104405 -0.629858 3 1 0
0.0501859 -0.10434 -0.630026 3 1 0
0.0502536 -0.103853 -0.630168 3 1 0
0.0503277 -0.104055 -0.630318 3 1 0
0.0504114 -0.104642 -0.630467 3 1 0
0.0504964 -0.104001 -0.63066 3 1 0
0.0505928 -0.104872 -0.630975 3 1 0
0.0506972 -0.104792 -0.631283 3 1 0
0.0507923 -0.105146 -0.631574 3 1 0
0.0509076 -0.103392 -0.631868 3 1 0
0.0510287 -0.102121 -0.632153 3 1 0
0.0511494 -0.101246 -0.632412 3 1 0
0.0512765 -0.101101 -0.632671 3 1 0
0.0514023 -0.101436 -0.632918 3 1 0
0.0515278 -0.101602 -0.633394 3 1 0
0.0516543 -0.102582 -0.633781 3 1 0
0.0517822 -0.103995 -0.634156 3 1 0
0.051916 -0.104064 -0.634505 3 1 0
0.0520512 -0.103034 -0.634843 3 1 0
0.0521908 -0.101557 -0.635171 3 1 0
0.0523359 -0.102854 -0.635502 3 1 0
0.0524819 -0.101401 -0.636009 3 1 0
0.0526317 -0.10048 -0.636499 3 1 0
0.0527811 -0.100837 -0.63697 3 1 0
0.0529361 -0.1002 -0.637427 3 1 0
0.0530945 -0.100096 -0.637869 3 1 0
0.0532513 -0.100095 -0.638316 3 1 0
0.0534153 -0.100324 -0.638741 3 1 0
0.0535826 -0.101078 -0.639149 3 1 0
0.0537516 -0.10123 -0.639566 3 1 0
0.0539241 -0.100428 -0.640117 3 1 0
0.0540979 -0.100207 -0.640686 3 1 0
0.0542721 -0.100318 -0.64124 3 1 0
0.0544506 -0.100948 -0.641772 3 1 0
0.0546295 -0.10213 -0.642285 3 1 0
0.0548169 -0.102165 -0.642791 3 1 0
0.0550023 -0.102538 -0.643271 3 1 0
0.0551894 -0.101394 -0.643735 3 1 0
0.0553914 -0.10229 -0.644264 3 1 0
0.055586 -0.101315 -0.6449 3 1 0
0.0557842 -0.100966 -0.645517 3 1 0
0.0559993 -0.102014 -0.64612 3 1 0
0.0562039 -0.101313 -0.646694 3 1 0
0.0564122 -0.101247 -0.64725 3 1 0
0.0566266 -0.101586 -0.647789 3 1 0
0.0568443 -0.102554 -0.64831 3 1 0
0.057068 -0.104117 -0.648813 3 1 0
0.057284 -0.104178 -0.649292 3 1 0
0.0575109 -0.104189 -0.649948 3 1 0
0.0577421 -0.102775 -0.650578 3 1 0
0.0579812 -0.102842 -0.651197 3 1 0
0.0582109 -0.104417 -0.651762 3 1 0
0.0584316 -0.105495 -0.652291 3 1 0
0.0586475 -0.1058 -0.652793 3 1 0
0.0588611 -0.104085 -0.653265 3 1 0
0.0590734 -0.103124 -0.653712 3 1 0
0.0592883 -0.105738 -0.654155 3 1 0
0.059495 -0.104155 -0.654551 3 1 0
0.0596978 -0.103368 -0.654919 3 1 0
0.0598941 -0.104146 -0.655254 3 1 0
0.0600835 -0.103577 -0.655558 3 1 0
0.0602655 -0.103805 -0.655849 3 1 0
0.0604351 -0.103873 -0.65622 3 1 0
0.0605975 -0.104346 -0.656535 3 1 0
0.0607492 -0.10561 -0.656808 3 1 0
0.0608849 -0.105738 -0.657037 3 1 0
0.0610113 -0.105753 -0.657222 3 1 0
0.0611236 -0.104948 -0.657363 3 1 0
0.0611541 -0.104892 -0.657442 4 1 0
0.0612452 -0.105193 -0.657518 4 1 0
0.0613235 -0.106114 -0.657595 4 1 0
0.0613878 -0.10603 -0.657642 4 1 0
0.0614386 -0.107413 -0.657648 4 1 0
0.0614729 -0.107388 -0.657617 4 1 0
0.0614943 -0.106697 -0.657557 4 1 0
0.0614974 -0.106302 -0.657454 4 1 0
0.0614851 -0.106567 -0.657316 4 1 0
0.0614631 -0.106706 -0.657146 4 1 0
0.0614189 -0.107556 -0.656933 4 1 0
0.0613601 -0.109031 -0.656686 4 1 0
0.0612845 -0.10954 -0.656392 4 1 0
0.0611945 -0.108292 -0.656075 4 1 0
0.0610872 -0.107794 -0.65572 4 1 0
0.0609623 -0.109535 -0.655311 4 1 0
0.0608142 -0.111579 -0.654873 4 1 0
0.0606459 -0.11095 -0.654397 4 1 0
0.060463 -0.110839 -0.653892 4 1 0
0.0602605 -0.109638 -0.653348 4 1 0
0.0600414 -0.109185 -0.652771 4 1 0
0.0598058 -0.1095 -0.65217 4 1 0
0.0595527 -0.109604 -0.651526 4 1 0
0.0592821 -0.110441 -0.650847 4 1 0
0.0589918 -0.110536 -0.650146 4 1 0
0.0586861 -0.111978 -0.649399 4 1 0
0.0583633 -0.111398 -0.648619 4 1 0
0.0580234 -0.110729 -0.647811 4 1 0
0.0576664 -0.11105 -0.646965 4 1 0
0.0572917 -0.112145 -0.646087 4 1 0
0.0568984 -0.113065 -0.64517 4 1 0
0.0564889 -0.112145 -0.644228 4 1 0
0.0560641 -0.112043 -0.643258 4 1 0
0.0556316 -0.112787 -0.642264 4 1 0
0.0551784 -0.112582 -0.641235 4 1 0
0.0547126 -0.113186 -0.640179 4 1 0
0.0542362 -0.113379 -0.639094 4 1 0
0.0537471 -0.114673 -0.637985 4 1 0
0.053249 -0.116518 -0.63685 4 1 0
0.0527399 -0.114427 -0.635671 4 1 0
0.0522226 -0.114413 -0.634483 4 1 0
0.0516942 -0.115289 -0.633267 4 1 0
0.0511586 -0.117421 -0.632001 4 1 0
0.0506144 -0.118215 -0.630737 4 1 0
0.0500663 -0.116764 -0.629453 4 1 0
0.0495222 -0.118923 -0.628153 4 1 0
0.0489702 -0.119212 -0.62683 4 1 0
0.0484198 -0.117742 -0.62549 4 1 0
0.0478764 -0.120092 -0.624156 4 1 0
0.0473322 -0.1185 -0.622845 4 1 0
0.0467952 -0.117887 -0.621523 4 1 0
0.0462656 -0.118128 -0.620179 4 1 0
0.0457464 -0.118578 -0.618841 4 1 0
0.0452385 -0.119958 -0.617495 4 1 0
0.0447411 -0.12047 -0.616811 4 1 0
0.0442599 -0.119533 -0.616556 4 1 0
0.0437938 -0.119001 -0.616332 4 1 0
0.0433422 -0.119059 -0.616081 4 1 0
0.04291 -0.119639 -0.615797 4 1 0
0.0424944 -0.121185 -0.615635 4 1 0
0.0421034 -0.120411 -0.615504 4 1 0
0.0417285 -0.120204 -0.61535 4 1 0
0.0413727 -0.118883 -0.615168 4 1 0
0.0410489 -0.119222 -0.614956 4 1 0
0.0407368 -0.118207 -0.614812 4 1 0
0.0404484 -0.11823 -0.614766 4 1 0
0.040188 -0.11758 -0.614678 4 1 0
0.0399447 -0.118174 -0.614588 4 1 0
0.039728 -0.118995 -0.614469 4 1 0
0.0395245 -0.117789 -0.614348 4 1 0
0.0393516 -0.115906 -0.614244 4 1 0
0.0391955 -0.115181 -0.614283 4 1 0
0.0390505 -0.115226 -0.614236 4 1 0
0.0389204 -0.116409 -0.614276 4 1 0
0.0388016 -0.115931 -0.61429 4 1 0
0.0387021 -0.114805 -0.614227 4 1 0
0.038617 -0.112898 -0.614198 4 1 0
0.0385484 -0.112161 -0.614361 4 1 0
0.0384906 -0.111709 -0.614428 4 1 0
0.0384472 -0.111484 -0.614581 4 1 0
0.0384158 -0.112396 -0.614698 4 1 0
0.0383878 -0.111703 -0.614829 4 1 0
0.0383752 -0.110863 -0.614934 4 1 0
0.0383697 -0.109662 -0.615003 4 1 0
0.0383645 -0.109424 -0.615212 4 1 0
0.0383709 -0.10923 -0.615495 4 1 0
0.0383775 -0.11025 -0.61574 4 1 0
0.0383973 -0.109257 -0.615954 4 1 0
0.0384153 -0.110511 -0.616126 4 1 0
0.0384358 -0.108622 -0.616494 4 1 0
0.0384795 -0.109287 -0.616863 4 1 0
0.0385125 -0.107944 -0.617217 4 1 0
0.0385563 -0.107879 -0.617525 4 1 0
0.0386105 -0.107882 -0.617998 4 1 0
0.0386727 -0.109275 -0.618507 4 1 0
0.0387502 -0.108691 -0.618958 4 1 0
0.038827 -0.10715 -0.619573 4 1 0
0.0389253 -0.108034 -0.620105 4 1 0
0.0390147 -0.110258 -0.620843 4 1 0
0.0391197 -0.109946 -0.621509 4 1 0
0.0392249 -0.108665 -0.622287 4 1 0
0.0393294 -0.107018 -0.623111 4 1 0
0.0394585 -0.109262 -0.62394 4 1 0
0.0395529 -0.107596 -0.624527 3 1 0
0.0397017 -0.106485 -0.625299 3 1 0
0.0398663 -0.106539 -0.626122 3 1 0
0.0400453 -0.106432 -0.627154 3 1 0
0.0402392 -0.107731 -0.628105 3 1 0
0.0404426 -0.10737 -0.629014 3 1 0
0.0406638 -0.106018 -0.629866 3 1 0
0.040895 -0.106188 -0.630641 3 1 0
0.0411398 -0.105935 -0.631635 3 1 0
0.0413979 -0.107315 -0.632374 3 1 0
0.0416647 -0.10664 -0.633187 3 1 0
0.041956 -0.106632 -0.634027 3 1 0
0.0422516 -0.10555 -0.635023 3 1 0
0.0425672 -0.105993 -0.635942 3 1 0
0.0428995 -0.108188 -0.636747 3 1 0
0.0432517 -0.106265 -0.637412 3 1 0
0.0436129 -0.105234 -0.637989 3 1 0
0.0439815 -0.1058 -0.638828 3 1 0
0.0443569 -0.107942 -0.639487 3 1 0
0.0447384 -0.107314 -0.640062 3 1 0
0.0451392 -0.109539 -0.640519 3 1 0
0.0455406 -0.106878 -0.6409 3 1 0
0.0459527 -0.105122 -0.641199 3 1 0
0.0463684 -0.105058 -0.641674 3 1 0
0.0467923 -0.105088 -0.641867 3 1 0
0.04722 -0.106762 -0.641972 3 1 0
0.0476417 -0.106227 -0.642186 3 1 0
0.0480695 -0.104748 -0.642306 3 1 0
0.0484916 -0.105085 -0.642469 3 1 0
0.0489063 -0.10474 -0.642418 3 1 0
0.0493152 -0.106257 -0.642439 3 1 0
0.0497078 -0.105586 -0.642371 3 1 0
0.0500999 -0.10593 -0.64215 3 1 0
0.0504662 -0.104729 -0.641947 3 1 0
0.0508226 -0.105351 -0.641668 3 1 0
0.051163 -0.10654 -0.641248 3 1 0
0.0514907 -0.106087 -0.64076 3 1 0
0.051794 -0.104729 -0.640187 3 1 0
0.0520627 -0.10765 -0.639801 3 1 0
0.0522944 -0.106539 -0.639243 3 1 0
0.0524994 -0.104906 -0.63862 3 1 0
0.0526763 -0.10535 -0.637958 3 1 0
0.0528187 -0.104883 -0.637226 3 1 0
0.0529263 -0.106387 -0.636426 3 1 0
0.0529849 -0.105437 -0.635806 3 1 0
0.0530157 -0.106206 -0.635028 3 1 0
0.0530075 -0.104907 -0.634187 3 1 0
0.0529523 -0.104969 -0.63343 3 1 0
0.0528614 -0.105783 -0.632849 3 1 0
0.0527252 -0.106586 -0.632215 3 1 0
0.0525657 -0.107796 -0.631596 3 1 0
0.0523622 -0.105722 -0.631071 3 1 0
0.0521341 -0.105871 -0.630692 3 1 0
0.0518855 -0.108017 -0.63027 3 1 0
0.0516219 -0.107058 -0.630059 3 1 0
0.0513366 -0.10624 -0.629767 3 1 0
0.0511104 -0.108472 -0.629632 4 1 0
0.0507699 -0.110955 -0.629366 4 1 0
0.050431 -0.109135 -0.629205 4 1 0
0.0502414 -0.111185 -0.629125 4 1 0
0.0499098 -0.109226 -0.62905 3 1 0
0.0495857 -0.108194 -0.628944 3 1 0
0.0492633 -0.109311 -0.628709 3 1 0
0.0489569 -0.108525 -0.62866 3 1 0
0.0486645 -0.108647 -0.628579 3 1 0
0.0483889 -0.109568 -0.628431 3 1 0
0.0481271 -0.110281 -0.628358 3 1 0
0.0478811 -0.109325 -0.628256 3 1 0
0.047653 -0.109234 -0.628046 3 1 0
0.0474445 -0.109943 -0.627925 3 1 0
0.0472553 -0.111454 -0.627932 3 1 0
0.0470961 -0.110204 -0.627916 3 1 0
0.0469566 -0.109305 -0.627879 3 1 0
0.0468474 -0.109326 -0.627824 3 1 0
0.0467775 -0.109737 -0.627808 3 1 0
0.0467271 -0.108648 -0.62778 3 1 0
0.0466954 -0.10855 -0.627728 3 1 0
0.0466713 -0.107995 -0.627694 3 1 0
0.0466897 -0.108172 -0.627634 3 1 0
0.0467349 -0.109254 -0.627731 3 1 0
0.0468036 -0.108223 -0.627918 3 1 0
0.0468973 -0.106624 -0.627993 3 1 0
0.0470132 -0.105279 -0.628052 3 1 0
0.04714 -0.104872 -0.628212 3 1 0
0.0472864 -0.105416 -0.628405 3 1 0
0.0474421 -0.104941 -0.628584 3 1 0
0.0476144 -0.102864 -0.628648 3 1 0
0.0478021 -0.102306 -0.628991 3 1 0
0.0480113 -0.102696 -0.629321 3 1 0
0.0482456 -0.101586 -0.629515 3 1 0
0.0484858 -0.100224 -0.62992 3 1 0
0.0487261 -0.0999448 -0.630299 3 1 0
0.0489619 -0.100936 -0.630604 3 1 0
0.0492063 -0.099001 -0.63106 3 1 0
0.0494632 -0.0981085 -0.631497 3 1 0
0.0497321 -0.0977194 -0.631851 3 1 0
0.0499999 -0.0973267 -0.632213 3 1 0
0.0502696 -0.0979721 -0.632809 3 1 0
0.050537 -0.0967232 -0.633376 3 1 0
0.0508056 -0.0961468 -0.633917 3 1 0
0.0510662 -0.0966651 -0.634424 3 1 0
0.051314 -0.0963614 -0.634941 3 1 0
0.0515698 -0.0956229 -0.635586 3 1 0
0.0518346 -0.0959452 -0.636201 3 1 0
0.0521082 -0.0978782 -0.636729 3 1 0
0.0523807 -0.0959783 -0.637422 3 1 0
0.0526437 -0.0953146 -0.638068 3 1 0
0.0529045 -0.0961492 -0.638511 3 1 0
0.0531527 -0.0980967 -0.639251 3 1 0
0.0534007 -0.0977133 -0.639997 3 1 0
0.0536566 -0.0961164 -0.640605 3 1 0
0.0539176 -0.0957384 -0.641252 3 1 0
0.0541809 -0.0965321 -0.64206 3 1 0
0.0544421 -0.0981013 -0.642817 3 1 0
0.0547087 -0.0966124 -0.643534 3 1 0
0.0549754 -0.096393 -0.644207 3 1 0
0.0552386 -0.0969677 -0.644912 3 1 0
0.055506 -0.0987536 -0.645532 3 1 0
0.0557699 -0.0983773 -0.646361 3 1 0
0.0560475 -0.0983666 -0.647223 3 1 0
0.0563176 -0.0977335 -0.647939 3 1 0
0.0565921 -0.0983654 -0.648614 3 1 0
0.056875 -0.0993342 -0.649376 3 1 0
0.0571616 -0.101817 -0.65018 3 1 0
0.0574546 -0.100203 -0.650934 3 1 0
0.0577275 -0.102839 -0.651621 3 1 0
0.058014 -0.100643 -0.652298 3 1 0
0.0583101 -0.0998877 -0.652933 3 1 0
0.0585875 -0.100224 -0.653663 3 1 0
0.0588819 -0.101255 -0.654312 3 1 0
0.0591622 -0.103728 -0.654884 3 1 0
0.0594176 -0.102488 -0.655193 3 1 0
0.0596754 -0.101614 -0.655746 3 1 0
0.0599272 -0.102225 -0.656303 3 1 0
0.0601707 -0.103047 -0.656862 3 1 0
0.0603997 -0.103448 -0.657227 3 1 0
0.0606119 -0.102812 -0.657521 3 1 0
0.0607975 -0.105107 -0.657573 3 1 0
0.0609616 -0.103821 -0.657688 3 1 0
0.0611075 -0.104131 -0.657841 3 1 0
0.0612365 -0.105183 -0.658096 3 1 0
0.061343 -0.107311 -0.658139 3 1 0
0.0613532 -0.107019 -0.658138 4 1 0
0.0614238 -0.106126 -0.658032 4 1 0
0.0614772 -0.105356 -0.657924 4 1 0
0.0614945 -0.106352 -0.657727 4 1 0
0.0614769 -0.108603 -0.657472 4 1 0
0.0614226 -0.108558 -0.65711 4 1 0
0.0613382 -0.107072 -0.656685 4 1 0
0.0612257 -0.107473 -0.656159 4 1 0
0.0610795 -0.107589 -0.65559 4 1 0
0.0608999 -0.109405 -0.654952 4 1 0
0.0606839 -0.108698 -0.654074 4 1 0
0.0604328 -0.108416 -0.65329 4 1 0
0.0601424 -0.109913 -0.652438 4 1 0
0.0598176 -0.110947 -0.651753 4 1 0
0.0594551 -0.109596 -0.65083 4 1 0
0.0590612 -0.110058 -0.649853 4 1 0
0.0586342 -0.110347 -0.648837 4 1 0
0.0581735 -0.112505 -0.64774 4 1 0
0.0576826 -0.111589 -0.646588 4 1 0
0.0571484 -0.111285 -0.645086 4 1 0
0.0565933 -0.1115 -0.643851 4 1 0
0.0559978 -0.113639 -0.642549 4 1 0
0.0553594 -0.112055 -0.641384 4 1 0
0.0547108 -0.113726 -0.63997 4 1 0
0.054024 -0.116222 -0.638491 4 1 0
0.0533154 -0.116981 -0.636979 4 1 0
0.0525736 -0.114334 -0.635403 4 1 0
0.0517995 -0.113824 -0.633776 4 1 0
0.0510136 -0.115441 -0.6321 4 1 0
0.0502166 -0.11516 -0.630403 4 1 0
0.0494055 -0.114908 -0.628668 4 1 0
0.0485792 -0.116828 -0.62693 4 1 0
0.047743 -0.116449 -0.625196 4 1 0
0.046904 -0.116228 -0.623434 4 1 0
0.046074 -0.116572 -0.621638 4 1 0
0.0452457 -0.117814 -0.619805 4 1 0
0.0444345 -0.119111 -0.617952 4 1 0
0.0436285 -0.118703 -0.616152 4 1 0
0.0428577 -0.117882 -0.614391 4 1 0
0.0421044 -0.119377 -0.614064 4 1 0
0.0413733 -0.12051 -0.613779 4 1 0
0.0406728 -0.118502 -0.613609 4 1 0
0.0400146 -0.118815 -0.613365 4 1 0
0.039403 -0.120072 -0.613276 4 1 0
0.0388318 -0.118017 -0.613202 4 1 0
0.0382978 -0.118345 -0.613048 4 1 0
0.0378023 -0.11874 -0.612985 4 1 0
0.0373451 -0.117442 -0.613035 4 1 0
0.0369255 -0.116561 -0.613013 4 1 0
0.0365671 -0.115846 -0.612925 4 1 0
0.0362371 -0.116843 -0.613135 4 1 0
0.035962 -0.115381 -0.613256 4 1 0
0.0357047 -0.11394 -0.6133 4 1 0
0.0355132 -0.113839 -0.61362 4 1 0
0.0353317 -0.115261 -0.613906 4 1 0
0.0351867 -0.113967 -0.614269 4 1 0
0.035062 -0.113039 -0.614737 4 1 0
0.0349552 -0.110695 -0.615263 4 1 0
0.034892 -0.11075 -0.615943 4 1 0
0.0348549 -0.109612 -0.616584 4 1 0
0.0348466 -0.111092 -0.617481 4 1 0
0.0348566 -0.109883 -0.618287 4 1 0
0.0348936 -0.108092 -0.619178 4 1 0
0.0349414 -0.109077 -0.62023 4 1 0
0.034946 -0.107716 -0.620287 3 1 0
0.0350228 -0.108354 -0.621238 3 1 0
0.0351113 -0.108085 -0.622071 3 1 0
0.035232 -0.107247 -0.623315 3 1 0
0.0353716 -0.106902 -0.624491 3 1 0
0.0355529 -0.108693 -0.625531 3 1 0
0.0357301 -0.109027 -0.626529 3 1 0
0.0359672 -0.106322 -0.62782 3 1 0
0.0362423 -0.105941 -0.628965 3 1 0
0.0365171 -0.109845 -0.629907 3 1 0
0.036825 -0.106002 -0.63118 3 1 0
0.0371792 -0.105226 -0.632467 3 1 0
0.0375717 -0.105036 -0.633661 3 1 0
0.0380112 -0.106001 -0.634778 3 1 0
0.0384946 -0.104288 -0.635794 3 1 0
0.0390095 -0.104037 -0.637094 3 1 0
0.0395772 -0.105047 -0.638522 3 1 0
0.0401759 -0.104044 -0.639827 3 1 0
0.0408416 -0.103416 -0.641092 3 1 0
0.0415514 -0.103716 -0.642263 3 1 0
0.0423344 -0.103894 -0.643414 3 1 0
0.0431598 -0.102187 -0.645029 3 1 0
0.0440458 -0.103153 -0.646237 3 1 0
0.0449626 -0.103306 -0.647337 3 1 0
0.0459554 -0.103341 -0.648794 3 1 0
0.0469777 -0.10174 -0.650176 3 1 0
0.0480575 -0.0998417 -0.651475 3 1 0
0.0491814 -0.0992754 -0.652685 3 1 0
0.0503493 -0.0995519 -0.653809 3 1 0
0.0515532 -0.0979923 -0.654837 3 1 0
0.0527682 -0.0972783 -0.65596 3 1 0
0.0540056 -0.0966525 -0.656856 3 1 0
0.0552251 -0.0964103 -0.657658 3 1 0
0.0564581 -0.0967238 -0.658866 3 1 0
0.0576351 -0.0936834 -0.659552 3 1 0
0.0587767 -0.0933119 -0.660144 3 1 0
0.0598496 -0.0955025 -0.660948 3 1 0
0.0608554 -0.0910612 -0.661412 3 1 0
0.0617395 -0.090458 -0.661689 3 1 0
0.0624969 -0.0921192 -0.661789 3 1 0
0.0631026 -0.0888433 -0.661702 3 1 0
0.0635774 -0.0894391 -0.661453 3 1 0
0.0638951 -0.088605 -0.661072 3 1 0
0.064065 -0.0888023 -0.660441 3 1 0
0.0640802 -0.0886573 -0.659703 4 1 0
0.0639518 -0.0890203 -0.658817 4 1 0
0.0637068 -0.0917124 -0.657681 4 1 0
0.0633356 -0.0912695 -0.656374 4 1 0
0.0628799 -0.0923585 -0.654961 4 1 0
0.0623271 -0.0948425 -0.653369 4 1 0
0.0617022 -0.0962469 -0.65163 4 1 0
0.0609924 -0.0972042 -0.649611 4 1 0
0.0602074 -0.101591 -0.647654 4 1 0
0.0593684 -0.101817 -0.645574 4 1 0
0.0584943 -0.104415 -0.643277 4 1 0
0.0575886 -0.105679 -0.640995 4 1 0
0.0566623 -0.108365 -0.638601 4 1 0
0.0557158 -0.11016 -0.636086 4 1 0
0.0547699 -0.111966 -0.633501 4 1 0
0.0538226 -0.113791 -0.630832 4 1 0
0.0529109 -0.116509 -0.629638 4 1 0
0.0520113 -0.116214 -0.628633 4 1 0
0.0511578 -0.118874 -0.627734 4 1 0
0.0503475 -0.119012 -0.626843 4 1 0
0.0495967 -0.118824 -0.625906 4 1 0
0.0488837 -0.120411 -0.625145 4 1 0
0.0482405 -0.122628 -0.624214 4 1 0
0.0476495 -0.11853 -0.623586 4 1 0
0.0471294 -0.119167 -0.622954 4 1 0
0.0466659 -0.117178 -0.622345 4 1 0
0.0462722 -0.117786 -0.621828 4 1 0
0.0459399 -0.115496 -0.621234 4 1 0
0.0456442 -0.114533 -0.620884 4 1 0
0.0454055 -0.115156 -0.620689 4 1 0
0.0451902 -0.112812 -0.620516 4 1 0
0.0450344 -0.113031 -0.620326 4 1 0
0.0448884 -0.111452 -0.620073 4 1 0
0.0447878 -0.11181 -0.620188 4 1 0
0.044697 -0.110325 -0.620163 4 1 0
0.0445975 -0.111747 -0.620128 4 1 0
0.044513 -0.109091 -0.620106 4 1 0
0.0444382 -0.108931 -0.620284 4 1 0
0.0443713 -0.109801 -0.620359 4 1 0
0.0443071 -0.108148 -0.620368 4 1 0
0.0442273 -0.108079 -0.620603 4 1 0
0.0442519 -0.109036 -0.620468 4 1 0
0.0441515 -0.108453 -0.62075 4 1 0
0.0440422 -0.109589 -0.6209 4 1 0
0.0439377 -0.10781 -0.621106 4 1 0
0.0438755 -0.108068 -0.62152 4 1 0
0.0438161 -0.108915 -0.621852 4 1 0
0.0437695 -0.107886 -0.622356 4 1 0
0.0437826 -0.107996 -0.623022 4 1 0
0.0438288 -0.108243 -0.623774 4 1 0
0.0439101 -0.107184 -0.624852 4 1 0
0.0440065 -0.106902 -0.6261 3 1 0
0.0441679 -0.10659 -0.627591 3 1 0
0.0443762 -0.108965 -0.62915 3 1 0
0.0446297 -0.106365 -0.630804 3 1 0
0.044914 -0.107606 -0.632334 3 1 0
0.0449703 -0.106892 -0.632599 3 1 0
0.0453217 -0.106713 -0.633976 3 1 0
0.0457075 -0.107289 -0.635099 3 1 0
0.0461205 -0.106251 -0.636491 3 1 0
0.0466095 -0.106058 -0.637707 3 1 0
0.0471115 -0.108473 -0.638328 4 1 0
0.0476458 -0.105499 -0.639317 3 1 0
0.0482282 -0.106235 -0.640027 3 1 0
0.0488264 -0.105756 -0.640231 3 1 0
0.0494303 -0.105293 -0.640549 3 1 0
0.0494374 -0.105276 -0.640555 3 1 0
0.0500902 -0.105723 -0.641012 3 1 0
0.0507442 -0.105928 -0.640988 4 1 0
0.0514008 -0.105204 -0.640753 3 1 0
0.0514084 -0.105179 -0.640929 3 1 0
0.0518269 -0.10504 -0.640452 3 1 0
0.0522179 -0.105311 -0.639854 3 1 0
0.052571 -0.104557 -0.639424 3 1 0
0.0528809 -0.106691 -0.638746 3 1 0
0.0531462 -0.104529 -0.637976 3 1 0
0.0533794 -0.104628 -0.637265 3 1 0
0.0535706 -0.106795 -0.636595 3 1 0
0.053709 -0.104319 -0.635809 3 1 0
0.0537842 -0.104265 -0.634901 3 1 0
0.0538102 -0.105367 -0.634071 3 1 0
0.0537657 -0.106037 -0.633355 3 1 0
0.0536773 -0.105742 -0.632586 3 1 0
0.0535409 -0.104257 -0.631923 3 1 0
0.0533629 -0.106089 -0.631375 3 1 0
0.0531381 -0.104731 -0.63088 3 1 0
0.0530885 -0.105143 -0.630807 4 1 0
0.0528523 -0.105593 -0.630607 4 1 0
0.0525614 -0.104948 -0.630335 4 1 0
0.0522618 -0.107703 -0.630147 4 1 0
0.0519504 -0.105582 -0.629888 4 1 0
0.0516333 -0.105959 -0.62983 4 1 0
0.0513289 -0.107371 -0.629692 4 1 0
0.0510256 -0.108095 -0.629422 4 1 0
0.0507585 -0.107539 -0.629455 4 1 0
0.0505286 -0.107558 -0.629352 4 1 0
0.0503379 -0.10758 -0.629116 4 1 0
0.050161 -0.109543 -0.629074 4 1 0
0.0500184 -0.107485 -0.628926 4 1 0
0.0500024 -0.107531 -0.628957 4 1 0
0.0499295 -0.10883 -0.629022 3 1 0
0.0498981 -0.107487 -0.629082 3 1 0
0.0498788 -0.107827 -0.629004 3 1 0
0.0499039 -0.10694 -0.628962 3 1 0
0.0499314 -0.108806 -0.629196 3 1 0
0.0499843 -0.106129 -0.629326 3 1 0
0.0500696 -0.108149 -0.629396 3 1 0
0.0501677 -0.105587 -0.629705 3 1 0
0.0502846 -0.106942 -0.629878 3 1 0
0.0504009 -0.10524 -0.630178 3 1 0
0.050511 -0.10725 -0.630387 3 1 0
0.0506338 -0.105258 -0.63062 3 1 0
0.0507614 -0.105329 -0.631044 3 1 0
0.0509019 -0.107944 -0.631268 3 1 0
0.0510494 -0.105531 -0.631625 3 1 0
0.0511783 -0.106372 -0.632001 3 1 0
0.0513306 -0.10642 -0.63217 3 1 0
0.0514583 -0.10758 -0.632556 3 1 0
0.051603 -0.107916 -0.632914 3 1 0
0.0517547 -0.106414 -0.633085 3 1 0
0.051921 -0.107042 -0.633448 3 1 0
0.0520804 -0.106521 -0.633804 3 1 0
0.0522413 -0.10872 -0.63397 3 1 0
0.0523993 -0.106812 -0.634237 3 1 0
0.0525901 -0.107179 -0.634618 3 1 0
0.0527695 -0.108079 -0.63483 3 1 0
0.0529777 -0.107303 -0.634948 3 1 0
0.053165 -0.107622 -0.635334 3 1 0
0.0533738 -0.108098 -0.635536 3 1 0
0.0535554 -0.10871 -0.635546 4 1 0
0.0537406 -0.108449 -0.635755 3 1 0
0.0539167 -0.107868 -0.635873 3 1 0
0.0540768 -0.107623 -0.635785 3 1 0
0.0542006 -0.108005 -0.635538 3 1 0
0.0542005 -0.107997 -0.63554 3 1 0
0.0542808 -0.108222 -0.6355 4 1 0
0.0543383 -0.108271 -0.635317 4 1 0
0.0543429 -0.109353 -0.634976 4 1 0
0.0543419 -0.109433 -0.634965 4 1 0
0.0543068 -0.109928 -0.634455 4 1 0
0.0542301 -0.108554 -0.633792 4 1 0
0.0540768 -0.110239 -0.633257 4 1 0
0.0540791 -0.110934 -0.633243 4 1 0
0.0538564 -0.10939 -0.632644 4 1 0
0.0535779 -0.10982 -0.631905 4 1 0
0.0532425 -0.110526 -0.631047 4 1 0
0.0528371 -0.109439 -0.630082 4 1 0
0.0523443 -0.109848 -0.629001 4 1 0
0.0518071 -0.111995 -0.627966 4 1 0
0.051186 -0.109744 -0.626755 4 1 0
0.0511785 -0.109754 -0.62674 4 1 0
0.0505141 -0.111832 -0.625551 4 1 0
0.0497941 -0.109993 -0.624357 4 1 0
0.0492384 -0.111183 -0.623493 4 1 0
0.0486692 -0.111367 -0.622612 4 1 0
0.0480724 -0.110436 -0.621683 4 1 0
0.04745 -0.112215 -0.620708 4 1 0
0.0467963 -0.111222 -0.619726 4 1 0
0.0461266 -0.11192 -0.618667 4 1 0
0.0454385 -0.111075 -0.617556 4 1 0
0.0447275 -0.111448 -0.616513 4 1 0
0.0440144 -0.112107 -0.617143 4 1 0
0.0432896 -0.112976 -0.618024 4 1 0
0.0425778 -0.113347 -0.618827 4 1 0
0.0418657 -0.113123 -0.619504 4 1 0
0.041169 -0.112926 -0.620058 4 1 0
0.0405019 -0.113353 -0.620488 4 1 0
0.0398657 -0.116274 -0.621222 4 1 0
0.0392715 -0.1139 -0.621804 4 1 0
0.0387115 -0.114041 -0.622207 4 1 0
0.0382041 -0.115938 -0.622461 4 1 0
0.0377432 -0.115853 -0.622782 4 1 0
0.0373536 -0.115044 -0.623314 4 1 0
0.0370348 -0.115246 -0.62354 4 1 0
0.0367914 -0.115243 -0.623637 4 1 0
0.0366276 -0.114551 -0.623754 4 1 0
0.0365268 -0.11603 -0.624086 3 1 0
0.0364761 -0.114187 -0.624391 3 1 0
0.0365413 -0.115284 -0.624577 3 1 0
0.0366566 -0.113292 -0.624809 3 1 0
0.0368519 -0.112995 -0.624955 3 1 0
0.0371347 -0.11217 -0.625034 3 1 0
0.0374998 -0.112433 -0.625469 3 1 0
0.037941 -0.109726 -0.62588 3 1 0
0.0384405 -0.11006 -0.626054 3 1 0
0.0389931 -0.109711 -0.626622 3 1 0
0.0396161 -0.10659 -0.62712 3 1 0
0.0403034 -0.108001 -0.627602 3 1 0
0.0410382 -0.104366 -0.628102 3 1 0
0.0418293 -0.104244 -0.628917 3 1 0
0.0426442 -0.102003 -0.629662 3 1 0
0.0435105 -0.102749 -0.630387 3 1 0
0.0444045 -0.0996543 -0.63121 3 1 0
0.0453006 -0.0995015 -0.632249 3 1 0
0.0462184 -0.0975708 -0.633221 3 1 0
0.0471155 -0.0982934 -0.634128 3 1 0
0.048041 -0.097848 -0.635292 3 1 0
0.048923 -0.094697 -0.636612 3 1 0
0.0498163 -0.0947197 -0.637838 3 1 0
0.0506923 -0.0933146 -0.639171 3 1 0
0.0515422 -0.0928228 -0.640427 3 1 0
0.0523288 -0.0946093 -0.641701 3 1 0
0.0531077 -0.0946953 -0.643196 3 1 0
0.0538434 -0.0918322 -0.64465 3 1 0
0.054559 -0.0915398 -0.645967 3 1 0
0.0552359 -0.0912589 -0.647373 3 1 0
0.0558949 -0.0934705 -0.648963 3 1 0
0.0565268 -0.0917883 -0.650374 3 1 0
0.0571205 -0.0923171 -0.651736 3 1 0
0.0576883 -0.0945121 -0.652894 3 1 0
0.0582213 -0.0939867 -0.654307 3 1 0
0.0587466 -0.094694 -0.65559 3 1 0
0.0592465 -0.0971505 -0.656682 3 1 0
0.059726 -0.0969152 -0.657568 3 1 0
0.060165 -0.0984376 -0.658551 3 1 0
0.0605549 -0.100671 -0.659153 3 1 0
0.0609134 -0.0996663 -0.659556 3 1 0
0.061224 -0.10065 -0.659908 3 1 0
0.0614857 -0.102939 -0.660187 3 1 0
0.061683 -0.10268 -0.660272 3 1 0
0.0618048 -0.103423 -0.660128 3 1 0
0.0618309 -0.103722 -0.660028 3 1 0
0.0618553 -0.105978 -0.659582 4 1 0
0.0618097 -0.106234 -0.658948 4 1 0
0.0616803 -0.106391 -0.658122 4 1 0
0.0614841 -0.107759 -0.657129 4 1 0
0.0611961 -0.110868 -0.656037 4 1 0
0.0608188 -0.108135 -0.654771 4 1 0
0.0603685 -0.109879 -0.653368 4 1 0
0.0598347 -0.109931 -0.651808 4 1 0
0.059221 -0.109578 -0.650152 4 1 0
0.0585185 -0.111613 -0.648355 4 1 0
0.0577352 -0.112902 -0.646396 4 1 0
0.0568669 -0.110997 -0.644334 4 1 0
0.055933 -0.113607 -0.642171 4 1 0
0.0549095 -0.112163 -0.639937 4 1 0
0.0538209 -0.113809 -0.637556 4 1 0
0.0526718 -0.112849 -0.635234 4 1 0
0.0514608 -0.113491 -0.632936 4 1 0
0.0501859 -0.114499 -0.630424 4 1 0
0.0488718 -0.115081 -0.627846 4 1 0
0.0475411 -0.114851 -0.6252 4 1 0
0.0461788 -0.117883 -0.622467 4 1 0
0.0448171 -0.115935 -0.619871 4 1 0
0.0434918 -0.117667 -0.617292 4 1 0
0.0428377 -0.116579 -0.616028 4 1 0
0.0418724 -0.117812 -0.614113 4 1 0
0.040624 -0.117866 -0.61247 4 1 0
0.0394649 -0.11768 -0.612327 4 1 0
0.0383813 -0.118815 -0.612386 4 1 0
0.0373865 -0.117401 -0.612538 4 1 0
0.0365014 -0.119143 -0.612779 4 1 0
0.0357359 -0.116641 -0.613299 4 1 0
0.035065 -0.116907 -0.61395 4 1 0
0.0344981 -0.116038 -0.614607 4 1 0
0.0340846 -0.114637 -0.615617 4 1 0
0.0337477 -0.113715 -0.616573 4 1 0
0.0335264 -0.114556 -0.61752 4 1 0
0.0333772 -0.112021 -0.618622 4 1 0
0.0333379 -0.11251 -0.619759 4 1 0
0.0333385 -0.111809 -0.619886 4 1 0
0.0334001 -0.110277 -0.621012 3 1 0
0.0335476 -0.108916 -0.622077 3 1 0
0.0334785 -0.10968 -0.621706 3 1 0
0.0336692 -0.109819 -0.622896 3 1 0
0.033947 -0.107824 -0.624063 3 1 0
0.0343466 -0.108162 -0.625551 4 1 0
0.034815 -0.107036 -0.626855 3 1 0
0.0353925 -0.107099 -0.627947 3 1 0
0.0360459 -0.10565 -0.629446 3 1 0
0.0368199 -0.106005 -0.630834 3 1 0
0.0367607 -0.10464 -0.63051 3 1 0
0.0376314 -0.105018 -0.632091 3 1 0
0.0386121 -0.104 -0.633516 3 1 0
0.0396828 -0.103121 -0.634762 3 1 0
0.0408798 -0.103114 -0.6366 3 1 0
0.0422088 -0.100878 -0.638215 4 1 0
0.0436054 -0.101229 -0.639853 3 1 0
0.0451566 -0.0990881 -0.64193 3 1 0
0.0467549 -0.0985985 -0.643863 3 1 0
0.0484086 -0.0994379 -0.645997 4 1 0
0.0501287 -0.0943141 -0.648227 3 1 0
0.0519027 -0.0936795 -0.65037 3 1 0
0.053655 -0.0909489 -0.652921 3 1 0
0.055334 -0.0909177 -0.655122 3 1 0
0.0569408 -0.0884851 -0.657382 4 1 0
0.0584217 -0.0872673 -0.659657 3 1 0
0.0597892 -0.088029 -0.661739 3 1 0
0.0609881 -0.086159 -0.663452 3 1 0
0.0620124 -0.0864493 -0.664946 3 1 0
0.0628176 -0.0885291 -0.666047 3 1 0
0.0634638 -0.0885053 -0.667123 3 1 0
0.063936 -0.0898151 -0.667763 3 1 0
0.0642433 -0.0922588 -0.667997 3 1 0
0.0643732 -0.095362 -0.667774 3 1 0
0.0643827 -0.0950398 -0.667631 3 1 0
0.0643221 -0.0982608 -0.666883 4 1 0
0.0641001 -0.0992048 -0.665723 4 1 0
0.0637457 -0.10433 -0.664313 4 1 0
0.0632509 -0.103441 -0.662658 4 1 0
0.0626104 -0.106722 -0.660659 4 1 0
0.0618456 -0.10959 -0.658376 4 1 0
0.0609592 -0.108208 -0.655852 4 1 0
0.0599791 -0.109401 -0.653153 4 1 0
0.0588753 -0.110881 -0.650229 4 1 0
0.057662 -0.11141 -0.647137 4 1 0
0.0563823 -0.113544 -0.643955 4 1 0
0.0550242 -0.115345 -0.640647 4 1 0
0.0536101 -0.114173 -0.637402 4 1 0
0.0521181 -0.115582 -0.634098 4 1 0
0.050593 -0.116417 -0.630725 4 1 0
0.049055 -0.117449 -0.627283 4 1 0
0.0475265 -0.11696 -0.623795 4 1 0
0.0459925 -0.117943 -0.620311 4 1 0
0.0444865 -0.118199 -0.616993 4 1 0
0.0444619 -0.118188 -0.616938 4 1 0
0.0430443 -0.118442 -0.615027 4 1 0
0.041694 -0.119739 -0.614298 4 1 0
0.0404388 -0.119502 -0.613833 4 1 0
0.0398023 -0.121681 -0.613582 4 1 0
0.039199 -0.118706 -0.613499 4 1 0
0.0386464 -0.117958 -0.613335 4 1 0
0.0381438 -0.117979 -0.613255 4 1 0
0.037685 -0.11699 -0.613065 4 1 0
0.0372762 -0.117856 -0.613144 4 1 0
0.0369036 -0.117666 -0.613169 4 1 0
0.0365816 -0.114948 -0.613105 4 1 0
0.0362951 -0.114952 -0.613254 4 1 0
0.036041 -0.113911 -0.613432 4 1 0
0.0358216 -0.114436 -0.613547 4 1 0
0.0356288 -0.112124 -0.613882 4 1 0
0.0354879 -0.111823 -0.614257 4 1 0
0.0353598 -0.111097 -0.614597 4 1 0
0.035275 -0.112955 -0.615262 4 1 0
0.0352049 -0.111971 -0.615886 4 1 0
0.0351813 -0.109197 -0.61667 4 1 0
0.0351684 -0.109525 -0.617424 4 1 0
0.0351641 -0.108851 -0.618421 4 1 0
0.0351925 -0.108145 -0.619394 4 1 0
0.0352519 -0.109601 -0.620511 3 1 0
0.0353293 -0.107897 -0.62154 3 1 0
0.0354386 -0.107753 -0.62247 3 1 0
0.0355717 -0.1067 -0.623595 3 1 0
0.0357107 -0.106424 -0.624711 3 1 0
0.0358829 -0.10723 -0.625936 3 1 0
0.0360649 -0.10674 -0.627026 3 1 0
0.0362981 -0.107972 -0.628162 3 1 0
0.0365391 -0.105712 -0.62911 3 1 0
0.0368244 -0.10635 -0.630511 3 1 0
0.037147 -0.10763 -0.631782 3 1 0
0.0375165 -0.105091 -0.632854 3 1 0
0.0379076 -0.105702 -0.633989 3 1 0
0.0383369 -0.107444 -0.635371 3 1 0
0.0388065 -0.104571 -0.636407 3 1 0
0.0393293 -0.104809 -0.637838 3 1 0
0.039896 -0.103894 -0.638976 3 1 0
0.0405167 -0.104852 -0.640437 3 1 0
0.0411914 -0.103431 -0.641778 3 1 0
0.0419068 -0.10292 -0.643019 3 1 0
0.0426683 -0.104301 -0.644148 3 1 0
0.0434701 -0.102506 -0.645303 3 1 0
0.0443563 -0.104327 -0.646517 3 1 0
0.045263 -0.101593 -0.64797 3 1 0
0.0462334 -0.1021 -0.649339 3 1 0
0.0472576 -0.101968 -0.650522 3 1 0
0.0483349 -0.100024 -0.651573 3 1 0
0.0494322 -0.101524 -0.652529 3 1 0
0.0505753 -0.10197 -0.653915 3 1 0
0.0517356 -0.098831 -0.655012 3 1 0
0.0529266 -0.0977426 -0.65602 3 1 0
0.0541251 -0.0972167 -0.656879 3 1 0
0.0553263 -0.0962431 -0.657752 3 1 0
0.0565174 -0.0959512 -0.658508 3 1 0
0.0576707 -0.0947801 -0.659127 3 1 0
0.0587816 -0.0933764 -0.659684 3 1 0
0.0598028 -0.093898 -0.660084 3 1 0
0.0607614 -0.0937041 -0.660351 3 1 0
0.061587 -0.0909426 -0.6605 3 1 0
0.0623049 -0.0908667 -0.660513 3 1 0
0.0629011 -0.0895708 -0.66 3 1 0
0.0633284 -0.0901453 -0.659704 3 1 0
0.0635938 -0.091344 -0.659221 3 1 0
0.0637147 -0.0914089 -0.658718 3 1 0
0.0637002 -0.0893866 -0.657976 4 1 0
0.0636954 -0.0893584 -0.657918 4 1 0
0.0635352 -0.0904175 -0.656748 4 1 0
0.0632464 -0.0910631 -0.655484 4 1 0
0.0628369 -0.0922727 -0.654037 4 1 0
0.0623035 -0.0931034 -0.652527 4 1 0
0.0616664 -0.095939 -0.650729 4 1 0
0.0609345 -0.096722 -0.648772 4 1 0
0.0601448 -0.0990636 -0.646996 4 1 0
0.0592845 -0.101175 -0.644811 4 1 0
0.0583862 -0.10392 -0.642494 4 1 0
0.0574419 -0.106396 -0.640084 4 1 0
0.056466 -0.108937 -0.637568 4 1 0
0.0554889 -0.10963 -0.634957 4 1 0
0.0545144 -0.111616 -0.632228 4 1 0
0.0535575 -0.114199 -0.630466 4 1 0
0.0526193 -0.1154 -0.629404 4 1 0
0.051714 -0.117998 -0.62852 4 1 0
0.0508459 -0.117364 -0.62746 4 1 0
0.0500442 -0.1202 -0.626676 4 1 0
0.049294 -0.119221 -0.625664 4 1 0
0.0485989 -0.119139 -0.624894 4 1 0
0.0479814 -0.118657 -0.624138 4 1 0
0.0474338 -0.117742 -0.623365 4 1 0
0.0469437 -0.118851 -0.622764 4 1 0
0.0464939 -0.116518 -0.62209 4 1 0
0.0461369 -0.11715 -0.621617 4 1 0
0.045842 -0.114634 -0.621324 4 1 0
0.0455734 -0.115725 -0.620924 4 1 0
0.0453591 -0.11305 -0.620748 4 1 0
0.0451915 -0.112249 -0.620423 4 1 0
0.0450503 -0.111933 -0.620422 4 1 0
0.0449084 -0.110601 -0.620372 4 1 0
0.0448556 -0.111663 -0.620363 4 1 0
0.0447935 -0.110401 -0.620269 4 1 0
0.0447011 -0.110945 -0.620324 4 1 0
0.044597 -0.109551 -0.620251 4 1 0
0.0445116 -0.109358 -0.620472 4 1 0
0.0444375 -0.108285 -0.620556 4 1 0
0.0443343 -0.109961 -0.620586 4 1 0
0.044234 -0.108064 -0.62079 4 1 0
0.0441553 -0.108957 -0.620923 4 1 0
0.0441542 -0.108988 -0.620922 4 1 0
0.0441021 -0.107831 -0.621278 4 1 0
0.0440429 -0.107464 -0.621564 4 1 0
0.0439945 -0.11052 -0.621879 4 1 0
0.0439653 -0.1073 -0.622369 4 1 0
0.043989 -0.107147 -0.622911 4 1 0
0.0440459 -0.107867 -0.623526 4 1 0
0.0441213 -0.107427 -0.624421 4 1 0
0.0442273 -0.106833 -0.625418 3 1 0
0.0443864 -0.108759 -0.626591 3 1 0
0.0445803 -0.106566 -0.62799 4 1 0
0.0448028 -0.106416 -0.629341 3 1 0
0.0450632 -0.109319 -0.630602 3 1 0
0.0453408 -0.106348 -0.632079 3 1 0
0.0456694 -0.106204 -0.633071 3 1 0
0.0460362 -0.107694 -0.634452 3 1 0
0.046426 -0.106101 -0.635538 4 1 0
0.0468334 -0.107278 -0.636216 3 1 0
0.0472683 -0.106095 -0.637082 4 1 0
0.0477474 -0.106434 -0.637937 3 1 0
0.04822 -0.107777 -0.638505 3 1 0
0.0481932 -0.107528 -0.638484 3 1 0
0.0487258 -0.105536 -0.639261 3 1 0
0.0493083 -0.106795 -0.639779 3 1 0
0.0499336 -0.10565 -0.640228 3 1 0
0.049635 -0.10797 -0.639934 3 1 0
0.0502887 -0.10623 -0.640508 3 1 0
0.0510077 -0.105721 -0.64097 3 1 0
0.0510203 -0.105782 -0.640976 4 1 0
0.0517739 -0.104498 -0.641152 3 1 0
0.0525458 -0.105308 -0.641055 3 1 0
0.053338 -0.104836 -0.64075 3 1 0
0.0541185 -0.106051 -0.640573 3 1 0
0.0548937 -0.102852 -0.640336 4 1 0
0.0555624 -0.10397 -0.639866 3 1 0
0.0561593 -0.105102 -0.639244 3 1 0
0.0566251 -0.101011 -0.638469 4 1 0
0.0569533 -0.100698 -0.637528 3 1 0
0.0570971 -0.100559 -0.636682 4 1 0
0.0570642 -0.100999 -0.635626 4 1 0
0.0568295 -0.09984 -0.634364 4 1 0
0.0570489 -0.102087 -0.63468 4 1 0
0.0572268 -0.101176 -0.634994 4 1 0
0.0573843 -0.100037 -0.635297 4 1 0
0.0575271 -0.10126 -0.635592 4 1 0
0.0576456 -0.100065 -0.635873 4 1 0
0.0577434 -0.099239 -0.63614 4 1 0
0.0578246 -0.0990053 -0.636394 4 1 0
0.0578827 -0.0987165 -0.63663 4 1 0
0.057922 -0.0987983 -0.636848 4 1 0
0.0579461 -0.0990965 -0.637044 4 1 0
0.0579483 -0.0998259 -0.63722 4 1 0
0.057934 -0.100927 -0.637375 4 1 0
0.0579006 -0.1006 -0.637496 4 1 0
0.0578509 -0.101923 -0.637602 4 1 0
0.0577869 -0.103629 -0.637683 4 1 0
0.0577042 -0.103673 -0.637746 4 1 0
0.057611 -0.102895 -0.637775 4 1 0
0.0575037 -0.102593 -0.637774 4 1 0
0.0573805 -0.10275 -0.637725 4 1 0
0.0572457 -0.103822 -0.637663 4 1 0
0.0570958 -0.10536 -0.637568 4 1 0
0.0569341 -0.106457 -0.637466 4 1 0
0.0567596 -0.108615 -0.637304 4 1 0
0.0565741 -0.109395 -0.637111 4 1 0
0.0563794 -0.109051 -0.636893 4 1 0
0.0561787 -0.108646 -0.63664 4 1 0
0.0559708 -0.108747 -0.636356 4 1 0
0.055756 -0.109586 -0.635981 4 1 0
0.0555337 -0.110057 -0.635623 4 1 0
0.0553043 -0.111032 -0.635233 4 1 0
0.0550675 -0.112466 -0.634891 4 1 0
0.0548243 -0.113657 -0.634477 4 1 0
0.0545743 -0.113229 -0.634034 4 1 0
0.0543163 -0.113307 -0.633514 4 1 0
0.0540524 -0.114069 -0.633025 4 1 0
0.0537811 -0.115348 -0.632508 4 1 0
0.0535056 -0.115633 -0.631981 4 1 0
0.0532227 -0.117268 -0.631406 4 1 0
0.0529333 -0.117182 -0.630807 4 1 0
0.0526419 -0.11788 -0.63019 4 1 0
0.052342 -0.117193 -0.629547 4 1 0
0.0520374 -0.117075 -0.628882 4 1 0
0.0517315 -0.117408 -0.628222 4 1 0
0.0514186 -0.117763 -0.627524 4 1 0
0.0511032 -0.118663 -0.626808 4 1 0
0.0507857 -0.11818 -0.626144 4 1 0
0.0504616 -0.118849 -0.625404 4 1 0
0.0501362 -0.120066 -0.624675 4 1 0
0.0498075 -0.119277 -0.624048 4 1 0
0.0494757 -0.120509 -0.623621 4 1 0
0.0491437 -0.121412 -0.623186 4 1 0
0.0488038 -0.121908 -0.622735 4 1 0
0.048468 -0.120702 -0.622285 4 1 0
0.0481325 -0.119727 -0.621826 4 1 0
0.0477935 -0.119675 -0.621352 4 1 0
0.0474561 -0.12064 -0.620948 4 1 0
0.0471129 -0.122228 -0.620563 4 1 0
0.0467651 -0.121909 -0.620173 4 1 0
0.0464167 -0.122521 -0.619775 4 1 0
0.0460648 -0.120877 -0.619367 4 1 0
0.0457146 -0.121196 -0.618974 4 1 0
0.0453626 -0.120058 -0.61856 4 1 0
0.0450114 -0.119607 -0.618137 4 1 0
0.044661 -0.119623 -0.617778 4 1 0
0.0443107 -0.119633 -0.61747 4 1 0
0.0439605 -0.120323 -0.617183 4 1 0
0.0436071 -0.119993 -0.616844 4 1 0
0.0432561 -0.121163 -0.616561 4 1 0
0.0429052 -0.119908 -0.616264 4 1 0
0.042553 -0.119119 -0.615935 4 1 0
0.0422002 -0.119209 -0.615599 4 1 0
0.0418452 -0.120022 -0.615253 4 1 0
0.041492 -0.118929 -0.615058 4 1 0
0.0411403 -0.119674 -0.614862 4 1 0
0.0407873 -0.120556 -0.614652 4 1 0
0.0404368 -0.119887 -0.614433 4 1 0
0.040085 -0.118611 -0.614205 4 1 0
0.0397356 -0.118126 -0.613964 4 1 0
0.0393957 -0.117957 -0.613718 4 1 0
0.039055 -0.118315 -0.613638 4 1 0
0.0387224 -0.119422 -0.613539 4 1 0
0.0383918 -0.118024 -0.613414 4 1 0
0.0380667 -0.1192 -0.613268 4 1 0
0.0377522 -0.118625 -0.613103 4 1 0
0.0374399 -0.117106 -0.613081 4 1 0
0.0371423 -0.116531 -0.613066 4 1 0
0.0368481 -0.116828 -0.613026 4 1 0
0.0365559 -0.118594 -0.612927 4 1 0
0.036266 -0.116716 -0.612993 4 1 0
0.0359862 -0.115721 -0.613093 4 1 0
0.035724 -0.115897 -0.613162 4 1 0
0.0354686 -0.115157 -0.613215 4 1 0
0.0352271 -0.115294 -0.613481 4 1 0
0.0349954 -0.114954 -0.613719 4 1 0
0.0347785 -0.115847 -0.613967 4 1 0
0.0345748 -0.115431 -0.614258 4 1 0
0.0343819 -0.114427 -0.614689 4 1 0
0.0342048 -0.113526 -0.615154 4 1 0
0.0340411 -0.113568 -0.615578 4 1 0
0.0338884 -0.114645 -0.615954 4 1 0
0.033749 -0.114412 -0.616578 4 1 0
0.0336216 -0.112873 -0.61716 4 1 0
0.0335209 -0.113243 -0.617703 4 1 0
0.033427 -0.112096 -0.618212 4 1 0
0.0333509 -0.111928 -0.618678 4 1 0
0.0332995 -0.11171 -0.619074 4 1 0
0.0332634 -0.112573 -0.619729 4 1 0
0.0332574 -0.113013 -0.619918 4 1 0
0.0332565 -0.113291 -0.620025 4 1 0
0.0332417 -0.11411 -0.620287 3 1 0
0.0332339 -0.113886 -0.620543 3 1 0
0.0332324 -0.112382 -0.620745 3 1 0
0.0332391 -0.111708 -0.620973 3 1 0
0.0332525 -0.111215 -0.621193 3 1 0
0.0332802 -0.113271 -0.621279 3 1 0
0.0333016 -0.114247 -0.621561 3 1 0
0.0333294 -0.113392 -0.621834 3 1 0
0.0333711 -0.11395 -0.622075 3 1 0
0.0334155 -0.114621 -0.622338 3 1 0
0.0334676 -0.113329 -0.622592 3 1 0
0.0335349 -0.114121 -0.622771 3 1 0
0.0336046 -0.114225 -0.623018 3 1 0
0.0336829 -0.112914 -0.623256 3 1 0
0.0337728 -0.112824 -0.623495 3 1 0
0.0338707 -0.11173 -0.623713 3 1 0
0.0339791 -0.110877 -0.623922 3 1 0
0.0340976 -0.110457 -0.624121 3 1 0
0.0342279 -0.109983 -0.624311 3 1 0
0.0343693 -0.109762 -0.624491 3 1 0
0.0345171 -0.110665 -0.624624 3 1 0
0.0346785 -0.109946 -0.624812 3 1 0
0.034852 -0.109495 -0.624992 3 1 0
0.0350369 -0.110419 -0.625131 3 1 0
0.0352329 -0.109626 -0.625306 3 1 0
0.0354416 -0.109117 -0.62547 3 1 0
0.0356604 -0.109524 -0.625619 3 1 0
0.035893 -0.1089 -0.62577 3 1 0
0.0361388 -0.108572 -0.625911 3 1 0
0.036393 -0.108573 -0.626051 3 1 0
0.0366633 -0.108226 -0.626193 3 1 0
0.036947 -0.108184 -0.626326 3 1 0
0.0372478 -0.109602 -0.626294 3 1 0
0.0375571 -0.108426 -0.626476 3 1 0
0.0378785 -0.107582 -0.626649 3 1 0
0.03821 -0.107251 -0.626859 3 1 0
0.0385527 -0.107539 -0.626994 3 1 0
0.0389051 -0.108147 -0.62712 3 1 0
0.0392739 -0.106606 -0.627265 3 1 0
0.0396508 -0.106996 -0.627394 3 1 0
0.0400362 -0.107715 -0.627515 3 1 0
0.0404329 -0.107736 -0.627566 3 1 0
0.0408347 -0.106674 -0.627657 3 1 0
0.041243 -0.105397 -0.62776 3 1 0
0.0416645 -0.104786 -0.628001 3 1 0
0.0420861 -0.103993 -0.628201 3 1 0
0.0425139 -0.103564 -0.628394 3 1 0
0.0429518 -0.103187 -0.628587 3 1 0
0.0433874 -0.103192 -0.628742 3 1 0
0.0438275 -0.103554 -0.628891 3 1 0
0.0442693 -0.104878 -0.628914 3 1 0
0.044712 -0.10378 -0.629054 3 1 0
0.0451521 -0.102146 -0.629315 3 1 0
0.0455891 -0.100601 -0.629666 3 1 0
0.0460167 -0.100588 -0.629849 3 1 0
0.0464296 -0.10101 -0.630018 3 1 0
0.046823 -0.0997923 -0.630174 3 1 0
0.0472191 -0.100196 -0.630321 3 1 0
0.047596 -0.101049 -0.630451 3 1 0
0.0479592 -0.100294 -0.630671 3 1 0
0.0483041 -0.101483 -0.630929 3 1 0
0.0486276 -0.103111 -0.631167 3 1 0
0.048934 -0.101882 -0.631388 3 1 0
0.0492199 -0.100062 -0.631584 3 1 0
0.0494889 -0.0987558 -0.63176 3 1 0
0.0497451 -0.102165 -0.63192 3 1 0
0.0499752 -0.100315 -0.632091 3 1 0
0.0501878 -0.0990129 -0.632237 3 1 0
0.0503821 -0.0993563 -0.63237 3 1 0
0.050558 -0.0985504 -0.632471 3 1 0
0.0507164 -0.0983035 -0.632543 3 1 0
0.0508491 -0.0989938 -0.632676 3 1 0
0.0509715 -0.098857 -0.632717 3 1 0
0.0510776 -0.0992881 -0.632726 3 1 0
0.051166 -0.0998241 -0.632852 3 1 0
0.05124 -0.101027 -0.632929 3 1 0
0.0512989 -0.102268 -0.632972 3 1 0
0.0513416 -0.10127 -0.632938 3 1 0
0.0513749 -0.10117 -0.632957 3 1 0
0.0513942 -0.101683 -0.632941 3 1 0
0.0513991 -0.102041 -0.632854 3 1 0
0.0513953 -0.102975 -0.632812 3 1 0
0.0513781 -0.104506 -0.632736 3 1 0
0.0513567 -0.10385 -0.63259 3 1 0
0.0513212 -0.105382 -0.632494 3 1 0
0.0512743 -0.105891 -0.632365 3 1 0
0.0512304 -0.106001 -0.632185 3 1 0
0.0511683 -0.106766 -0.632032 3 1 0
0.0510979 -0.105853 -0.63185 3 1 0
0.0510293 -0.106628 -0.63165 3 1 0
0.0509459 -0.106046 -0.631432 3 1 0
0.0508591 -0.106125 -0.63119 3 1 0
0.0507686 -0.106353 -0.630952 3 1 0
0.0506722 -0.107027 -0.630675 3 1 0
0.0505744 -0.108339 -0.630375 3 1 0
0.0504685 -0.109146 -0.630112 3 1 0
0.0503633 -0.107823 -0.629901 3 1 0
0.0502506 -0.107252 -0.629664 3 1 0
0.0501281 -0.107397 -0.629394 3 1 0
0.0500636 -0.10774 -0.629258 4 1 0
0.0499005 -0.109055 -0.628763 4 1 0
0.0498027 -0.107829 -0.628658 4 1 0
0.0497282 -0.108364 -0.628398 4 1 0
0.0496519 -0.109911 -0.628327 4 1 0
0.0495856 -0.109474 -0.628171 4 1 0
0.0495308 -0.108389 -0.628033 4 1 0
0.0494819 -0.110581 -0.627803 4 1 0
0.0494587 -0.110564 -0.627749 4 1 0
0.0494455 -0.109481 -0.627789 4 1 0
0.0494607 -0.111713 -0.627852 4 1 0
0.0494997 -0.110723 -0.627817 4 1 0
0.0495645 -0.111002 -0.627979 4 1 0
0.0496717 -0.114755 -0.628078 4 1 0
0.0498015 -0.113089 -0.628259 4 1 0
0.049972 -0.113349 -0.628353 4 1 0
0.0501526 -0.111387 -0.628644 4 1 0
0.0504069 -0.111268 -0.628941 4 1 0
0.0506948 -0.113641 -0.629175 4 1 0
0.0510619 -0.11119 -0.629347 4 1 0
0.0514482 -0.110007 -0.629804 4 1 0
0.0518921 -0.111168 -0.630083 4 1 0
0.0523693 -0.107979 -0.63025 4 1 0
0.0528943 -0.108831 -0.630571 4 1 0
0.0534502 -0.105926 -0.631019 4 1 0
0.0540204 -0.105623 -0.63133 4 1 0
0.0546094 -0.10391 -0.631547 4 1 0
0.0551966 -0.103033 -0.632005 4 1 0
0.055783 -0.104848 -0.632354 4 1 0
0.0563268 -0.100809 -0.632975 4 1 0
0.0568424 -0.10062 -0.634054 4 1 0
0.0573152 -0.10238 -0.635358 4 1 0
0.0576958 -0.10144 -0.636762 4 1 0
0.0579784 -0.09858 -0.638076 4 1 0
0.0580546 -0.0986369 -0.638525 3 1 0
0.0582134 -0.101825 -0.639891 3 1 0
0.0582425 -0.0993737 -0.640951 3 1 0
0.0581263 -0.0992445 -0.642138 3 1 0
0.0578789 -0.100955 -0.643234 3 1 0
0.0575007 -0.0999903 -0.644146 3 1 0
0.0570071 -0.101129 -0.644917 3 1 0
0.056416 -0.101082 -0.645559 3 1 0
0.0557365 -0.102143 -0.646035 3 1 0
0.0549966 -0.103728 -0.64637 3 1 0
0.0541919 -0.103734 -0.64675 3 1 0
0.0533371 -0.103706 -0.646813 3 1 0
0.0524203 -0.102946 -0.646972 3 1 0
0.0515543 -0.104495 -0.647142 3 1 0
0.0506695 -0.103184 -0.647023 3 1 0
0.0497731 -0.107343 -0.646687 3 1 0
0.0489155 -0.105001 -0.646147 3 1 0
0.0480566 -0.104018 -0.645396 3 1 0
0.0472295 -0.105421 -0.644647 3 1 0
0.0464458 -0.104353 -0.644013 3 1 0
0.0457103 -0.106918 -0.64313 3 1 0
0.0450236 -0.105308 -0.642025 3 1 0
0.0443601 -0.104919 -0.640734 3 1 0
0.0437603 -0.107922 -0.639141 3 1 0
0.043246 -0.106228 -0.637719 3 1 0
0.0427436 -0.105682 -0.63634 3 1 0
0.042331 -0.107047 -0.634587 3 1 0
0.0419526 -0.106008 -0.632539 3 1 0
0.0416501 -0.106055 -0.630956 3 1 0
0.0413863 -0.107867 -0.629106 3 1 0
0.0411848 -0.10639 -0.627083 3 1 0
0.0410477 -0.107794 -0.625373 3 1 0
0.0410213 -0.109155 -0.624871 3 1 0
0.0409562 -0.10742 -0.623212 4 1 0
0.0409055 -0.109073 -0.621755 4 1 0
0.0409439 -0.107771 -0.620632 4 1 0
0.0409445 -0.107742 -0.620625 4 1 0
0.0409916 -0.107359 -0.619704 4 1 0
0.0410842 -0.109088 -0.6192 4 1 0
0.0411913 -0.107774 -0.618555 4 1 0
0.041342 -0.107856 -0.61835 4 1 0
0.0414869 -0.110298 -0.61789 4 1 0
