0.05 1.78712 1.78712 2 1 0
0.0526088 1.80695 1.80695 1 1 0
0.053982 1.81686 1.81686 1 1 0
0.0554032 1.82675 1.82675 1 1 0
0.0568743 1.83665 1.83665 1 1 0
0.0583969 1.84653 1.84653 1 1 0
0.059973 1.8564 1.8564 1 1 0
0.0616045 1.86627 1.86627 1 1 0
0.0632933 1.87613 1.87613 1 1 0
0.0650415 1.88597 1.88597 1 1 0
0.0668512 1.89581 1.89581 1 1 0
0.0687246 1.90563 1.90563 1 1 0
0.0706639 1.91544 1.91544 1 1 0
0.0726714 1.92524 1.92524 1 1 0
0.0747496 1.93502 1.93502 1 1 0
0.0769007 1.94479 1.94479 1 1 0
0.0791275 1.95454 1.95454 1 1 0
0.0814323 1.96427 1.96427 1 1 0
0.0838179 1.97398 1.97398 1 1 0
0.086287 1.98367 1.98367 1 1 0
0.0888422 1.99334 1.99334 1 1 0
0.0914864 2.00298 2.00298 1 1 0
0.0942225 2.0126 2.0126 1 1 0
0.0970532 2.02219 2.02219 1 1 0
0.0999816 2.03175 2.03175 1 1 0
0.103011 2.04129 2.04129 1 1 0
0.106143 2.05078 2.05078 1 1 0
0.109382 2.06024 2.06024 1 1 0
0.11273 2.06967 2.06967 1 1 0
0.11619 2.07905 2.07905 1 1 0
0.119766 2.08839 2.08839 1 1 0
0.123459 2.09768 2.09768 1 1 0
0.127274 2.10693 2.10693 1 1 0
0.131211 2.11612 2.11612 1 1 0
0.135275 2.12526 2.12526 1 1 0
0.139467 2.13433 2.13433 1 1 0
0.143789 2.14335 2.14335 1 1 0
0.148245 2.1523 2.1523 1 1 0
0.152834 2.16119 2.16119 1 1 0
0.15756 2.17 2.17 1 1 0
0.162424 2.17874 2.17874 1 1 0
0.167427 2.1874 2.1874 1 1 0
0.172569 2.19597 2.19597 1 1 0
0.177852 2.20447 2.20447 1 1 0
0.183276 2.21287 2.21287 1 1 0
0.188841 2.22118 2.22118 1 1 0
0.194545 2.22939 2.22939 1 1 0
0.20039 2.2375 2.2375 1 1 0
0.206374 2.24551 2.24551 1 1 0
0.212495 2.25342 2.25342 1 1 0
0.218753 2.26122 2.26122 1 1 0
0.225144 2.26891 2.26891 1 1 0
0.231668 2.27649 2.27649 1 1 0
0.238321 2.28396 2.28396 1 1 0
0.245102 2.29131 2.29131 1 1 0
0.252007 2.29854 2.29854 1 1 0
0.259034 2.30566 2.30566 1 1 0
0.266178 2.31266 2.31266 1 1 0
0.273438 2.31954 2.31954 1 1 0
0.280808 2.3263 2.3263 1 1 0
0.288286 2.33294 2.33294 1 1 0
0.295868 2.33946 2.33946 1 1 0
0.30355 2.34586 2.34586 1 1 0
0.05 1.78712 1.78712 2 1 0
0.0475642 1.76727 1.76727 1 1 0
0.0464074 1.75734 1.75734 1 1 0
0.0452894 1.7474 1.7474 1 1 0
0.0442089 1.73746 1.73746 1 1 0
0.0431645 1.72751 1.72751 1 1 0
0.0421551 1.71756 1.71756 1 1 0
0.0411793 1.70761 1.70761 1 1 0
0.0402361 1.69766 1.69766 1 1 0
0.0393242 1.6877 1.6877 1 1 0
0.0384425 1.67774 1.67774 1 1 0
0.0375901 1.66777 1.66777 1 1 0
0.0367658 1.65781 1.65781 1 1 0
0.0359687 1.64784 1.64784 1 1 0
0.0351979 1.63787 1.63787 1 1 0
0.0344524 1.6279 1.6279 1 1 0
0.0337313 1.61792 1.61792 1 1 0
0.0330338 1.60795 1.60795 1 1 0
0.032359 1.59797 1.59797 1 1 0
0.0317062 1.58799 1.58799 1 1 0
0.0310746 1.57801 1.57801 1 1 0
0.0304634 1.56803 1.56803 1 1 0
0.029872 1.55805 1.55805 1 1 0
0.0292996 1.54806 1.54806 1 1 0
0.0287456 1.53808 1.53808 1 1 0
0.0282094 1.52809 1.52809 1 1 0
0.0276902 1.51811 1.51811 1 1 0
0.0271876 1.50812 1.50812 1 1 0
0.026701 1.49813 1.49813 1 1 0
0.0262298 1.48814 1.48814 1 1 0
0.0257734 1.47815 1.47815 1 1 0
0.0253314 1.46816 1.46816 1 1 0
0.0249033 1.45817 1.45817 1 1 0
0.0244886 1.44818 1.44818 1 1 0
0.0240868 1.43819 1.43819 1 1 0
0.0236975 1.4282 1.4282 1 1 0
0.0233202 1.4182 1.4182 1 1 0
0.0229547 1.40821 1.40821 1 1 0
0.0226003 1.39822 1.39822 1 1 0
0.0222569 1.38822 1.38822 1 1 0
0.021924 1.37823 1.37823 1 1 0
0.0216013 1.36823 1.36823 1 1 0
0.0212883 1.35824 1.35824 1 1 0
0.0209849 1.34824 1.34824 1 1 0
0.0206907 1.33825 1.33825 1 1 0
0.0204054 1.32825 1.32825 1 1 0
0.0201286 1.31825 1.31825 1 1 0
0.0198602 1.30826 1.30826 1 1 0
0.0195998 1.29826 1.29826 1 1 0
0.0193472 1.28826 1.28826 1 1 0
0.0191021 1.27827 1.27827 1 1 0
0.0188644 1.26827 1.26827 1 1 0
0.0186337 1.25827 1.25827 1 1 0
0.0184098 1.24827 1.24827 1 1 0
0.0181926 1.23828 1.23828 1 1 0
0.0179817 1.22828 1.22828 1 1 0
0.0177772 1.21828 1.21828 1 1 0
0.0175786 1.20828 1.20828 1 1 0
0.0173859 1.19829 1.19829 1 1 0
0.0171989 1.18829 1.18829 1 1 0
0.0170174 1.17829 1.17829 1 1 0
0.0168412 1.16829 1.16829 1 1 0
0.0166702 1.15829 1.15829 1 1 0
0.0165043 1.14829 1.14829 1 1 0
0.0163432 1.13829 1.13829 1 1 0
0.0161869 1.1283 1.1283 1 1 0
0.0160353 1.1183 1.1183 1 1 0
0.0158881 1.1083 1.1083 1 1 0
0.0157452 1.0983 1.0983 1 1 0
0.0156067 1.0883 1.0883 1 1 0
0.0154722 1.0783 1.0783 1 1 0
0.0153418 1.0683 1.0683 1 1 0
0.0152153 1.0583 1.0583 1 1 0
0.0150926 1.0483 1.0483 1 1 0
0.0149736 1.0383 1.0383 1 1 0
0.0148582 1.0283 1.0283 1 1 0
0.0147464 1.0183 1.0183 1 1 0
0.014638 1.00831 1.00831 1 1 0
0.014533 0.998306 0.998306 1 1 0
0.0144312 0.988307 0.988307 1 1 0
0.0143327 0.978307 0.978307 1 1 0
0.0142372 0.968308 0.968308 1 1 0
0.0141449 0.958308 0.958308 1 1 0
0.0140555 0.948308 0.948308 1 1 0
0.0139691 0.938309 0.938309 1 1 0
0.0138855 0.928309 0.928309 1 1 0
0.0138047 0.918309 0.918309 1 1 0
0.0137267 0.90831 0.90831 1 1 0
0.0136513 0.89831 0.89831 1 1 0
0.0135786 0.88831 0.88831 1 1 0
0.0135085 0.87831 0.87831 1 1 0
0.0134409 0.868311 0.868311 1 1 0
0.0133758 0.858311 0.858311 1 1 0
0.0133131 0.848311 0.848311 1 1 0
0.0132529 0.838311 0.838311 1 1 0
0.013195 0.828311 0.828311 1 1 0
0.0131394 0.818312 0.818312 1 1 0
0.0130862 0.808312 0.808312 1 1 0
0.0130351 0.798312 0.798312 1 1 0
0.0129863 0.788312 0.788312 1 1 0
0.0129397 0.778312 0.778312 1 1 0
0.0128952 0.768312 0.768312 1 1 0
0.0128529 0.758312 0.758312 1 1 0
0.0128127 0.748312 0.748312 1 1 0
0.0127745 0.738312 0.738312 1 1 0
0.0127384 0.728312 0.728312 1 1 0
0.0127043 0.718313 0.718313 1 1 0
0.0126722 0.708313 0.708313 1 1 0
0.0126421 0.698313 0.698313 1 1 0
0.012614 0.688313 0.688313 1 1 0
0.0125878 0.678313 0.678313 1 1 0
0.0125635 0.668313 0.668313 1 1 0
0.0125412 0.658313 0.658313 1 1 0
0.0125208 0.648313 0.648313 1 1 0
0.0125022 0.638313 0.638313 1 1 0
0.0124855 0.628313 0.628313 1 1 0
0.0124707 0.618313 0.618313 1 1 0
0.0124578 0.608313 0.608313 1 1 0
0.0124467 0.598313 0.598313 1 1 0
0.0124374 0.588313 0.588313 1 1 0
0.01243 0.578313 0.578313 1 1 0
0.0124244 0.568313 0.568313 1 1 0
0.0124206 0.558313 0.558313 1 1 0
0.0124187 0.548313 0.548313 1 1 0
0.0124184 0.542559 0.542559 2 1 0
0.0124193 0.532559 0.532559 2 1 0
0.012422 0.522559 0.522559 2 1 0
0.0124265 0.512559 0.512559 2 1 0
0.0124329 0.502559 0.502559 2 1 0
0.0124411 0.492559 0.492559 2 1 0
0.0124511 0.482559 0.482559 2 1 0
0.0124629 0.472559 0.472559 2 1 0
0.0124765 0.462559 0.462559 2 1 0
0.012492 0.452559 0.452559 2 1 0
0.0125093 0.442559 0.442559 2 1 0
0.0125284 0.432559 0.432559 2 1 0
0.0125494 0.422559 0.422559 2 1 0
0.0125723 0.412559 0.412559 2 1 0
0.012597 0.402559 0.402559 2 1 0
0.0126237 0.392559 0.392559 2 1 0
0.0126522 0.382559 0.382559 2 1 0
0.0126826 0.372559 0.372559 2 1 0
0.0127149 0.362559 0.362559 2 1 0
0.0127491 0.352559 0.352559 2 1 0
0.0127853 0.342559 0.342559 2 1 0
0.0128234 0.332559 0.332559 2 1 0
0.0128635 0.322559 0.322559 2 1 0
0.0129056 0.312559 0.312559 2 1 0
0.0129497 0.302559 0.302559 2 1 0
0.0129958 0.29256 0.29256 2 1 0
0.013044 0.28256 0.28256 2 1 0
0.0130942 0.27256 0.27256 2 1 0
0.0131464 0.26256 0.26256 2 1 0
0.0132008 0.25256 0.25256 2 1 0
0.0132573 0.24256 0.24256 2 1 0
0.0133159 0.23256 0.23256 2 1 0
0.0133767 0.222561 0.222561 2 1 0
0.0134396 0.212561 0.212561 2 1 0
0.0135048 0.202561 0.202561 2 1 0
0.0135721 0.192561 0.192561 2 1 0
0.0136418 0.182561 0.182561 2 1 0
0.0137136 0.172562 0.172562 2 1 0
0.0137878 0.162562 0.162562 2 1 0
0.0138643 0.152562 0.152562 2 1 0
0.0139432 0.142563 0.142563 2 1 0
0.0140244 0.132563 0.132563 2 1 0
0.014108 0.122563 0.122563 2 1 0
0.0141941 0.112564 0.112564 2 1 0
0.0142826 0.102564 0.102564 2 1 0
0.0143736 0.0925645 0.0925645 2 1 0
0.0144671 0.0825649 0.0825649 2 1 0
0.0145631 0.0725654 0.0725654 2 1 0
0.0146617 0.0625659 0.0625659 2 1 0
0.0147629 0.0525664 0.0525664 2 1 0
0.0148667 0.0425669 0.0425669 2 1 0
0.0149731 0.0325675 0.0325675 2 1 0
0.0150823 0.0225681 0.0225681 2 1 0
0.0151941 0.0125687 0.0125687 2 1 0
0.0153087 0.00256934 0.00256934 2 1 0
0.015426 -0.00742997 -0.00742997 2 1 0
0.0155462 -0.0174293 -0.0174293 2 1 0
0.0156691 -0.0274285 -0.0274285 2 1 0
0.0157949 -0.0374277 -0.0374277 2 1 0
0.0159236 -0.0474269 -0.0474269 2 1 0
0.0160552 -0.057426 -0.057426 2 1 0
0.0161897 -0.0674251 -0.0674251 2 1 0
0.0163272 -0.0774242 -0.0774242 2 1 0
0.0164677 -0.0874232 -0.0874232 2 1 0
0.0166112 -0.0974222 -0.0974222 2 1 0
0.0167577 -0.107421 -0.107421 2 1 0
0.0169073 -0.11742 -0.11742 2 1 0
0.01706 -0.127419 -0.127419 2 1 0
0.0172159 -0.137418 -0.137418 2 1 0
0.0173749 -0.147416 -0.147416 2 1 0
0.017537 -0.157415 -0.157415 2 1 0
0.0177024 -0.167414 -0.167414 2 1 0
0.017871 -0.177412 -0.177412 2 1 0
0.0180428 -0.187411 -0.187411 2 1 0
0.0182179 -0.197409 -0.197409 2 1 0
0.0183962 -0.207408 -0.207408 2 1 0
