0.03 1.52591 1.52591 2 1 0
0.0318851 1.506 1.506 1 1 0
0.0328857 1.49605 1.49605 1 1 0
0.0339247 1.48611 1.48611 1 1 0
0.0350019 1.47617 1.47617 1 1 0
0.0361168 1.46623 1.46623 1 1 0
0.0372693 1.45629 1.45629 1 1 0
0.0384589 1.44636 1.44636 1 1 0
0.0396853 1.43644 1.43644 1 1 0
0.0409482 1.42652 1.42652 1 1 0
0.0422471 1.4166 1.4166 1 1 0
0.0435815 1.40669 1.40669 1 1 0
0.0449511 1.39679 1.39679 1 1 0
0.0463554 1.38689 1.38689 1 1 0
0.0477938 1.37699 1.37699 1 1 0
0.049266 1.3671 1.3671 1 1 0
0.0507714 1.35721 1.35721 1 1 0
0.0523093 1.34733 1.34733 1 1 0
0.0538795 1.33746 1.33746 1 1 0
0.0554811 1.32759 1.32759 1 1 0
0.0571138 1.31772 1.31772 1 1 0
0.0587769 1.30786 1.30786 1 1 0
0.0604698 1.298 1.298 1 1 0
0.0621919 1.28815 1.28815 1 1 0
0.0639427 1.27831 1.27831 1 1 0
0.0657215 1.26847 1.26847 1 1 0
0.0675278 1.25863 1.25863 1 1 0
0.0693609 1.2488 1.2488 1 1 0
0.0712201 1.23898 1.23898 1 1 0
0.073105 1.22915 1.22915 1 1 0
0.0750148 1.21934 1.21934 1 1 0
0.076949 1.20953 1.20953 1 1 0
0.0789069 1.19972 1.19972 1 1 0
0.080888 1.18992 1.18992 1 1 0
0.0828915 1.18012 1.18012 1 1 0
0.084917 1.17033 1.17033 1 1 0
0.0869638 1.16054 1.16054 1 1 0
0.0890312 1.15076 1.15076 1 1 0
0.0911188 1.14098 1.14098 1 1 0
0.0932259 1.1312 1.1312 1 1 0
0.095352 1.12143 1.12143 1 1 0
0.0974964 1.11166 1.11166 1 1 0
0.0996586 1.1019 1.1019 1 1 0
0.101838 1.09214 1.09214 1 1 0
0.104034 1.08238 1.08238 1 1 0
0.106246 1.07263 1.07263 1 1 0
0.108474 1.06288 1.06288 1 1 0
0.110717 1.05314 1.05314 1 1 0
0.112975 1.0434 1.0434 1 1 0
0.115246 1.03366 1.03366 1 1 0
0.117531 1.02392 1.02392 1 1 0
0.119829 1.01419 1.01419 1 1 0
0.122139 1.00446 1.00446 1 1 0
0.124461 0.994733 0.994733 1 1 0
0.126795 0.985009 0.985009 1 1 0
0.12914 0.975288 0.975288 1 1 0
0.131494 0.965569 0.965569 1 1 0
0.133859 0.955853 0.955853 1 1 0
0.136233 0.946139 0.946139 1 1 0
0.138616 0.936427 0.936427 1 1 0
0.141008 0.926717 0.926717 1 1 0
0.143407 0.917009 0.917009 1 1 0
0.145813 0.907303 0.907303 1 1 0
0.148226 0.897598 0.897598 1 1 0
0.150645 0.887895 0.887895 1 1 0
0.15307 0.878193 0.878193 1 1 0
0.155499 0.868493 0.868493 1 1 0
0.157933 0.858794 0.858794 1 1 0
0.160371 0.849095 0.849095 1 1 0
0.162811 0.839398 0.839398 1 1 0
0.165254 0.829701 0.829701 1 1 0
0.167698 0.820004 0.820004 1 1 0
0.170143 0.810307 0.810307 1 1 0
0.172588 0.800611 0.800611 1 1 0
0.175032 0.790914 0.790914 1 1 0
0.177475 0.781217 0.781217 1 1 0
0.179915 0.771519 0.771519 1 1 0
0.182352 0.761821 0.761821 1 1 0
0.184784 0.752121 0.752121 1 1 0
0.18721 0.74242 0.74242 1 1 0
0.189631 0.732717 0.732717 1 1 0
0.192043 0.723013 0.723013 1 1 0
0.194447 0.713306 0.713306 1 1 0
0.196841 0.703597 0.703597 1 1 0
0.199223 0.693885 0.693885 1 1 0
0.201593 0.684169 0.684169 1 1 0
0.203948 0.674451 0.674451 1 1 0
0.206289 0.664728 0.664728 1 1 0
0.208612 0.655002 0.655002 1 1 0
0.210917 0.645271 0.645271 1 1 0
0.213201 0.635536 0.635536 1 1 0
0.215464 0.625795 0.625795 1 1 0
0.217703 0.616049 0.616049 1 1 0
0.219917 0.606297 0.606297 1 1 0
0.222103 0.596539 0.596539 1 1 0
0.22426 0.586774 0.586774 1 1 0
0.226386 0.577003 0.577003 1 1 0
0.228479 0.567224 0.567224 1 1 0
0.230536 0.557438 0.557438 1 1 0
0.232555 0.547644 0.547644 1 1 0
0.234535 0.537842 0.537842 1 1 0
0.236473 0.528031 0.528031 1 1 0
0.238366 0.518212 0.518212 1 1 0
0.240212 0.508384 0.508384 1 1 0
0.24201 0.498546 0.498546 1 1 0
0.243756 0.4887 0.4887 1 1 0
0.245448 0.478844 0.478844 1 1 0
0.247083 0.468978 0.468978 1 1 0
0.24866 0.459103 0.459103 1 1 0
0.250175 0.449219 0.449219 1 1 0
0.251627 0.439324 0.439324 1 1 0
0.253013 0.429421 0.429421 1 1 0
0.25433 0.419507 0.419507 1 1 0
0.255576 0.409585 0.409585 1 1 0
0.256749 0.399654 0.399654 1 1 0
0.257847 0.389714 0.389714 1 1 0
0.258868 0.379766 0.379766 1 1 0
0.259809 0.36981 0.36981 1 1 0
0.260669 0.359847 0.359847 1 1 0
0.261446 0.349877 0.349877 1 1 0
0.262137 0.3399 0.3399 1 1 0
0.262743 0.329918 0.329918 1 1 0
0.263261 0.319931 0.319931 1 1 0
0.26369 0.30994 0.30994 1 1 0
0.264029 0.299945 0.299945 1 1 0
0.264277 0.289948 0.289948 1 1 0
0.264433 0.279949 0.279949 1 1 0
0.264498 0.269949 0.269949 1 1 0
0.264499 0.26796 0.26796 1 1 0
0.264453 0.25796 0.25796 2 1 0
0.264315 0.24796 0.24796 2 1 0
0.264084 0.237962 0.237962 2 1 0
0.263761 0.227967 0.227967 2 1 0
0.263347 0.217975 0.217975 2 1 0
0.262842 0.207988 0.207988 2 1 0
0.262248 0.198005 0.198005 2 1 0
0.261565 0.188028 0.188028 2 1 0
0.260795 0.178057 0.178057 2 1 0
0.259939 0.168094 0.168094 2 1 0
0.258998 0.158138 0.158138 2 1 0
0.257976 0.14819 0.14819 2 1 0
0.256872 0.13825 0.13825 2 1 0
0.25569 0.12832 0.12832 2 1 0
0.254432 0.118399 0.118399 2 1 0
0.253099 0.108488 0.108488 2 1 0
0.251695 0.0985871 0.0985871 2 1 0
0.250221 0.0886961 0.0886961 2 1 0
0.24868 0.0788154 0.0788154 2 1 0
0.247074 0.0689449 0.0689449 2 1 0
0.245406 0.0590847 0.0590847 2 1 0
0.243679 0.0492349 0.0492349 2 1 0
0.241895 0.0393951 0.0393951 2 1 0
0.240057 0.0295654 0.0295654 2 1 0
0.238167 0.0197454 0.0197454 2 1 0
0.236228 0.00993509 0.00993509 2 1 0
0.234243 0.000134042 0.000134042 2 1 0
0.232213 -0.00965801 -0.00965801 2 1 0
0.230143 -0.0194414 -0.0194414 2 1 0
0.228034 -0.0292165 -0.0292165 2 1 0
0.225888 -0.0389837 -0.0389837 2 1 0
0.223709 -0.0487434 -0.0487434 2 1 0
0.221498 -0.0584961 -0.0584961 2 1 0
0.219258 -0.068242 -0.068242 2 1 0
0.216992 -0.0779819 -0.0779819 2 1 0
0.214701 -0.0877159 -0.0877159 2 1 0
0.212388 -0.0974447 -0.0974447 2 1 0
0.210055 -0.107169 -0.107169 2 1 0
0.207703 -0.116888 -0.116888 2 1 0
0.205336 -0.126604 -0.126604 2 1 0
0.202955 -0.136317 -0.136317 2 1 0
0.200562 -0.146026 -0.146026 2 1 0
0.198158 -0.155733 -0.155733 2 1 0
0.195746 -0.165438 -0.165438 2 1 0
0.193328 -0.175141 -0.175141 2 1 0
0.190904 -0.184843 -0.184843 2 1 0
0.188478 -0.194544 -0.194544 2 1 0
0.186049 -0.204244 -0.204244 2 1 0
0.18362 -0.213945 -0.213945 2 1 0
0.181193 -0.223646 -0.223646 2 1 0
0.178768 -0.233347 -0.233347 2 1 0
0.176347 -0.24305 -0.24305 2 1 0
0.173931 -0.252754 -0.252754 2 1 0
0.171521 -0.262459 -0.262459 2 1 0
0.169119 -0.272166 -0.272166 2 1 0
0.166726 -0.281876 -0.281876 2 1 0
0.164342 -0.291587 -0.291587 2 1 0
0.161969 -0.301302 -0.301302 2 1 0
0.159608 -0.311019 -0.311019 2 1 0
0.157259 -0.320739 -0.320739 2 1 0
0.154924 -0.330463 -0.330463 2 1 0
0.152603 -0.34019 -0.34019 2 1 0
0.150297 -0.34992 -0.34992 2 1 0
0.148007 -0.359655 -0.359655 2 1 0
0.145734 -0.369393 -0.369393 2 1 0
0.143477 -0.379135 -0.379135 2 1 0
0.141238 -0.388881 -0.388881 2 1 0
0.139017 -0.398631 -0.398631 2 1 0
0.136814 -0.408386 -0.408386 2 1 0
0.134631 -0.418144 -0.418144 2 1 0
0.132467 -0.427907 -0.427907 2 1 0
0.03 1.52591 1.52591 2 1 0
0.0282712 1.54584 1.54584 1 1 0
0.0274657 1.55581 1.55581 1 1 0
0.0266997 1.56578 1.56578 1 1 0
0.0259732 1.57575 1.57575 1 1 0
0.0252863 1.58573 1.58573 1 1 0
0.0246391 1.59571 1.59571 1 1 0
0.0240316 1.60569 1.60569 1 1 0
0.0234637 1.61567 1.61567 1 1 0
0.0229354 1.62566 1.62566 1 1 0
0.0224465 1.63565 1.63565 1 1 0
0.0219971 1.64564 1.64564 1 1 0
0.021587 1.65563 1.65563 1 1 0
0.021216 1.66562 1.66562 1 1 0
0.0208839 1.67562 1.67562 1 1 0
0.0205905 1.68561 1.68561 1 1 0
0.0203357 1.69561 1.69561 1 1 0
0.0201191 1.70561 1.70561 1 1 0
0.0199405 1.7156 1.7156 1 1 0
0.0197996 1.7256 1.7256 1 1 0
0.019696 1.7356 1.7356 1 1 0
0.0196294 1.7456 1.7456 1 1 0
0.0195995 1.7556 1.7556 1 1 0
0.0195975 1.75885 1.75885 2 1 0
0.0196156 1.76885 1.76885 2 1 0
0.0196694 1.77885 1.77885 2 1 0
0.0197585 1.78885 1.78885 2 1 0
0.0198824 1.79885 1.79885 2 1 0
0.0200408 1.80885 1.80885 2 1 0
0.0202331 1.81885 1.81885 2 1 0
0.0204589 1.82885 1.82885 2 1 0
0.0207176 1.83884 1.83884 2 1 0
0.0210088 1.84884 1.84884 2 1 0
0.021332 1.85884 1.85884 2 1 0
0.0216866 1.86883 1.86883 2 1 0
0.0220721 1.87882 1.87882 2 1 0
0.022488 1.88881 1.88881 2 1 0
0.0229337 1.8988 1.8988 2 1 0
0.0234088 1.90879 1.90879 2 1 0
0.0239126 1.91878 1.91878 2 1 0
0.0244446 1.92877 1.92877 2 1 0
0.0250044 1.93875 1.93875 2 1 0
0.0255913 1.94873 1.94873 2 1 0
0.0262048 1.95871 1.95871 2 1 0
0.0268444 1.96869 1.96869 2 1 0
0.0275096 1.97867 1.97867 2 1 0
0.0281999 1.98865 1.98865 2 1 0
0.0289147 1.99862 1.99862 2 1 0
0.0296536 2.00859 2.00859 2 1 0
0.0304161 2.01857 2.01857 2 1 0
0.0312017 2.02853 2.02853 2 1 0
0.03201 2.0385 2.0385 2 1 0
0.0328406 2.04847 2.04847 2 1 0
0.0336929 2.05843 2.05843 2 1 0
0.0345666 2.06839 2.06839 2 1 0
0.0354613 2.07835 2.07835 2 1 0
0.0363766 2.08831 2.08831 2 1 0
0.0373122 2.09827 2.09827 2 1 0
0.0382677 2.10822 2.10822 2 1 0
0.0392428 2.11817 2.11817 2 1 0
0.0402372 2.12812 2.12812 2 1 0
0.0412506 2.13807 2.13807 2 1 0
0.0422827 2.14802 2.14802 2 1 0
0.0433334 2.15796 2.15796 2 1 0
0.0444024 2.16791 2.16791 2 1 0
0.0454895 2.17785 2.17785 2 1 0
0.0465945 2.18779 2.18779 2 1 0
0.0477172 2.19772 2.19772 2 1 0
0.0488577 2.20766 2.20766 2 1 0
0.0500156 2.21759 2.21759 2 1 0
0.051191 2.22752 2.22752 2 1 0
0.0523837 2.23745 2.23745 2 1 0
0.0535937 2.24738 2.24738 2 1 0
0.0548211 2.2573 2.2573 2 1 0
0.0560656 2.26722 2.26722 2 1 0
0.0573275 2.27714 2.27714 2 1 0
0.0586067 2.28706 2.28706 2 1 0
0.0599032 2.29698 2.29698 2 1 0
0.0612171 2.30689 2.30689 2 1 0
0.0625485 2.3168 2.3168 2 1 0
0.0638974 2.32671 2.32671 2 1 0
0.065264 2.33662 2.33662 2 1 0
0.0666484 2.34652 2.34652 2 1 0
0.0680508 2.35642 2.35642 2 1 0
0.0694712 2.36632 2.36632 2 1 0
0.0709098 2.37621 2.37621 2 1 0
0.0723667 2.38611 2.38611 2 1 0
0.0738422 2.396 2.396 2 1 0
0.0753365 2.40589 2.40589 2 1 0
0.0768496 2.41577 2.41577 2 1 0
0.0783819 2.42565 2.42565 2 1 0
0.0799334 2.43553 2.43553 2 1 0
0.0815043 2.44541 2.44541 2 1 0
0.083095 2.45528 2.45528 2 1 0
0.0847055 2.46515 2.46515 2 1 0
0.086336 2.47502 2.47502 2 1 0
0.0879868 2.48488 2.48488 2 1 0
0.089658 2.49474 2.49474 2 1 0
0.0913497 2.50459 2.50459 2 1 0
0.0930622 2.51445 2.51445 2 1 0
0.0947957 2.5243 2.5243 2 1 0
0.0965501 2.53414 2.53414 2 1 0
0.0983258 2.54398 2.54398 2 1 0
0.100123 2.55382 2.55382 2 1 0
0.101941 2.56365 2.56365 2 1 0
0.103781 2.57348 2.57348 2 1 0
0.105643 2.58331 2.58331 2 1 0
0.107526 2.59313 2.59313 2 1 0
0.10943 2.60294 2.60294 2 1 0
0.111357 2.61276 2.61276 2 1 0
0.113305 2.62257 2.62257 2 1 0
0.115275 2.63237 2.63237 2 1 0
0.117266 2.64217 2.64217 2 1 0
0.119279 2.65197 2.65197 2 1 0
0.121313 2.66176 2.66176 2 1 0
0.123368 2.67154 2.67154 2 1 0
0.125444 2.68132 2.68132 2 1 0
0.127541 2.6911 2.6911 2 1 0
0.129659 2.70088 2.70088 2 1 0
0.131797 2.71064 2.71064 2 1 0
0.133955 2.72041 2.72041 2 1 0
0.136132 2.73017 2.73017 2 1 0
0.138329 2.73992 2.73992 2 1 0
0.140544 2.74968 2.74968 2 1 0
0.142778 2.75942 2.75942 2 1 0
0.145029 2.76917 2.76917 2 1 0
0.147298 2.77891 2.77891 2 1 0
0.149583 2.78864 2.78864 2 1 0
0.151884 2.79837 2.79837 2 1 0
0.1542 2.8081 2.8081 2 1 0
0.156531 2.81783 2.81783 2 1 0
0.158875 2.82755 2.82755 2 1 0
0.161233 2.83727 2.83727 2 1 0
0.163602 2.84698 2.84698 2 1 0
0.165982 2.85669 2.85669 2 1 0
0.168373 2.8664 2.8664 2 1 0
0.170772 2.87611 2.87611 2 1 0
0.17318 2.88582 2.88582 2 1 0
0.175594 2.89552 2.89552 2 1 0
0.178013 2.90522 2.90522 2 1 0
0.180437 2.91493 2.91493 2 1 0
0.182864 2.92463 2.92463 2 1 0
0.185293 2.93433 2.93433 2 1 0
0.187722 2.94403 2.94403 2 1 0
0.190149 2.95373 2.95373 2 1 0
0.192574 2.96343 2.96343 2 1 0
0.194994 2.97313 2.97313 2 1 0
0.197408 2.98284 2.98284 2 1 0
0.199814 2.99254 2.99254 2 1 0
0.202211 3.00225 3.00225 2 1 0
0.204596 3.01196 3.01196 2 1 0
0.206968 3.02168 3.02168 2 1 0
0.209324 3.0314 3.0314 2 1 0
0.211663 3.04112 3.04112 2 1 0
0.213983 3.05085 3.05085 2 1 0
0.216281 3.06058 3.06058 2 1 0
0.218555 3.07032 3.07032 2 1 0
0.220804 3.08006 3.08006 2 1 0
0.223024 3.08981 3.08981 2 1 0
0.225213 3.09957 3.09957 2 1 0
0.227369 3.10933 3.10933 2 1 0
0.22949 3.11911 3.11911 2 1 0
0.231573 3.12889 3.12889 2 1 0
0.233615 3.13868 3.13868 2 1 0
0.235615 3.14847 3.14847 2 1 0
0.237568 3.15828 3.15828 2 1 0
0.239474 3.1681 3.1681 2 1 0
0.241328 3.17793 3.17793 2 1 0
0.24313 3.18776 3.18776 2 1 0
0.244875 3.19761 3.19761 2 1 0
0.246561 3.20747 3.20747 2 1 0
0.248187 3.21733 3.21733 2 1 0
0.249748 3.22721 3.22721 2 1 0
0.251243 3.2371 3.2371 2 1 0
0.25267 3.247 3.247 2 1 0
0.254025 3.2569 3.2569 2 1 0
0.255307 3.26682 3.26682 2 1 0
0.256513 3.27675 3.27675 2 1 0
0.257641 3.28669 3.28669 2 1 0
0.258689 3.29663 3.29663 2 1 0
0.259655 3.30659 3.30659 2 1 0
0.260537 3.31655 3.31655 2 1 0
0.261334 3.32652 3.32652 2 1 0
0.262045 3.33649 3.33649 2 1 0
0.262667 3.34647 3.34647 2 1 0
0.2632 3.35646 3.35646 2 1 0
0.263642 3.36645 3.36645 2 1 0
0.263993 3.37644 3.37644 2 1 0
0.264253 3.38644 3.38644 2 1 0
0.26442 3.39644 3.39644 2 1 0
0.264495 3.40644 3.40644 2 1 0
0.264499 3.40955 3.40955 1 1 0
0.264453 3.41955 3.41955 1 1 0
0.264315 3.42955 3.42955 1 1 0
0.264085 3.43955 3.43955 1 1 0
0.263764 3.44955 3.44955 1 1 0
0.263353 3.45954 3.45954 1 1 0
0.262853 3.46953 3.46953 1 1 0
0.262265 3.47951 3.47951 1 1 0
0.26159 3.48949 3.48949 1 1 0
