0.05 -5.08302 -5.08302 2 1 0
0.0576103 -5.06452 -5.06452 1 1 0
0.0614026 -5.05527 -5.05527 1 1 0
0.0651873 -5.04601 -5.04601 1 1 0
0.0689654 -5.03676 -5.03676 1 1 0
0.0727377 -5.02749 -5.02749 1 1 0
0.076505 -5.01823 -5.01823 1 1 0
0.0802683 -5.00897 -5.00897 1 1 0
0.0840285 -4.9997 -4.9997 1 1 0
0.0877867 -4.99043 -4.99043 1 1 0
0.0915437 -4.98117 -4.98117 1 1 0
0.0953008 -4.9719 -4.9719 1 1 0
0.0990589 -4.96263 -4.96263 1 1 0
0.102819 -4.95337 -4.95337 1 1 0
0.106583 -4.9441 -4.9441 1 1 0
0.110351 -4.93484 -4.93484 1 1 0
0.114124 -4.92558 -4.92558 1 1 0
0.117904 -4.91632 -4.91632 1 1 0
0.121692 -4.90706 -4.90706 1 1 0
0.125489 -4.89781 -4.89781 1 1 0
0.129296 -4.88857 -4.88857 1 1 0
0.133114 -4.87932 -4.87932 1 1 0
0.136945 -4.87009 -4.87009 1 1 0
0.140791 -4.86086 -4.86086 1 1 0
0.144651 -4.85163 -4.85163 1 1 0
0.148528 -4.84241 -4.84241 1 1 0
0.152422 -4.8332 -4.8332 1 1 0
0.156335 -4.824 -4.824 1 1 0
0.160268 -4.81481 -4.81481 1 1 0
0.164223 -4.80562 -4.80562 1 1 0
0.168201 -4.79645 -4.79645 1 1 0
0.172202 -4.78728 -4.78728 1 1 0
0.176229 -4.77813 -4.77813 1 1 0
0.180282 -4.76899 -4.76899 1 1 0
0.184363 -4.75986 -4.75986 1 1 0
0.188473 -4.75074 -4.75074 1 1 0
0.192613 -4.74164 -4.74164 1 1 0
0.196784 -4.73255 -4.73255 1 1 0
0.200989 -4.72348 -4.72348 1 1 0
0.205227 -4.71442 -4.71442 1 1 0
0.2095 -4.70538 -4.70538 1 1 0
0.21381 -4.69635 -4.69635 1 1 0
0.218158 -4.68735 -4.68735 1 1 0
0.222544 -4.67836 -4.67836 1 1 0
0.22697 -4.66939 -4.66939 1 1 0
0.231437 -4.66045 -4.66045 1 1 0
0.235946 -4.65152 -4.65152 1 1 0
0.240499 -4.64262 -4.64262 1 1 0
0.245096 -4.63374 -4.63374 1 1 0
0.249738 -4.62488 -4.62488 1 1 0
0.254427 -4.61605 -4.61605 1 1 0
0.259163 -4.60724 -4.60724 1 1 0
0.263948 -4.59846 -4.59846 1 1 0
0.268782 -4.5897 -4.5897 1 1 0
0.273667 -4.58098 -4.58098 1 1 0
0.278603 -4.57228 -4.57228 1 1 0
0.283591 -4.56361 -4.56361 1 1 0
0.288632 -4.55498 -4.55498 1 1 0
0.293727 -4.54637 -4.54637 1 1 0
0.298877 -4.5378 -4.5378 1 1 0
0.304081 -4.52926 -4.52926 1 1 0
0.05 -5.08302 -5.08302 2 1 0
0.0423511 -5.1015 -5.1015 1 1 0
0.0385104 -5.11073 -5.11073 1 1 0
0.0346583 -5.11996 -5.11996 1 1 0
0.0307941 -5.12918 -5.12918 1 1 0
0.0269175 -5.1384 -5.1384 1 1 0
0.0230281 -5.14761 -5.14761 1 1 0
0.0191256 -5.15682 -5.15682 1 1 0
0.0152097 -5.16602 -5.16602 1 1 0
0.0112802 -5.17522 -5.17522 1 1 0
0.00733711 -5.18441 -5.18441 1 1 0
0.00338036 -5.19359 -5.19359 1 1 0
-4.37572e-06 -5.20142 -5.20142 2 1 0
-0.00398518 -5.21059 -5.21059 2 1 0
-0.00798044 -5.21976 -5.21976 2 1 0
-0.0119887 -5.22892 -5.22892 2 1 0
-0.0160096 -5.23807 -5.23807 2 1 0
-0.0200427 -5.24722 -5.24722 2 1 0
-0.0240874 -5.25637 -5.25637 2 1 0
-0.028143 -5.26551 -5.26551 2 1 0
-0.0322087 -5.27465 -5.27465 2 1 0
-0.0362836 -5.28378 -5.28378 2 1 0
-0.0403666 -5.29291 -5.29291 2 1 0
-0.0444568 -5.30203 -5.30203 2 1 0
-0.0485527 -5.31115 -5.31115 2 1 0
-0.0526531 -5.32028 -5.32028 2 1 0
-0.0567562 -5.3294 -5.3294 2 1 0
-0.0608606 -5.33851 -5.33851 2 1 0
-0.0649644 -5.34763 -5.34763 2 1 0
-0.0690655 -5.35675 -5.35675 2 1 0
-0.0731619 -5.36588 -5.36588 2 1 0
-0.0772513 -5.375 -5.375 2 1 0
-0.0813312 -5.38413 -5.38413 2 1 0
-0.0853989 -5.39327 -5.39327 2 1 0
-0.0894516 -5.40241 -5.40241 2 1 0
-0.0934863 -5.41156 -5.41156 2 1 0
-0.0974998 -5.42072 -5.42072 2 1 0
-0.101489 -5.42989 -5.42989 2 1 0
-0.105449 -5.43907 -5.43907 2 1 0
-0.109377 -5.44827 -5.44827 2 1 0
-0.113268 -5.45748 -5.45748 2 1 0
-0.117119 -5.46671 -5.46671 2 1 0
-0.120924 -5.47596 -5.47596 2 1 0
-0.124679 -5.48522 -5.48522 2 1 0
-0.128378 -5.49452 -5.49452 2 1 0
-0.132015 -5.50383 -5.50383 2 1 0
-0.135586 -5.51317 -5.51317 2 1 0
-0.139083 -5.52254 -5.52254 2 1 0
-0.142501 -5.53194 -5.53194 2 1 0
-0.145832 -5.54137 -5.54137 2 1 0
-0.149069 -5.55083 -5.55083 2 1 0
-0.152206 -5.56033 -5.56033 2 1 0
-0.155234 -5.56986 -5.56986 2 1 0
-0.158145 -5.57942 -5.57942 2 1 0
-0.160931 -5.58903 -5.58903 2 1 0
-0.163584 -5.59867 -5.59867 2 1 0
-0.166095 -5.60835 -5.60835 2 1 0
-0.168454 -5.61807 -5.61807 2 1 0
-0.170654 -5.62782 -5.62782 2 1 0
-0.172684 -5.63761 -5.63761 2 1 0
-0.174537 -5.64744 -5.64744 2 1 0
-0.176204 -5.6573 -5.6573 2 1 0
-0.177675 -5.66719 -5.66719 2 1 0
-0.178943 -5.67711 -5.67711 2 1 0
-0.180001 -5.68705 -5.68705 2 1 0
-0.18084 -5.69702 -5.69702 2 1 0
-0.181456 -5.707 -5.707 2 1 0
-0.181843 -5.71699 -5.71699 2 1 0
-0.181996 -5.72699 -5.72699 2 1 0
-0.181998 -5.72845 -5.72845 2 1 0
-0.181879 -5.73845 -5.73845 1 1 0
-0.181521 -5.74845 -5.74845 1 1 0
-0.180922 -5.75843 -5.75843 1 1 0
-0.180083 -5.76839 -5.76839 1 1 0
-0.179006 -5.77833 -5.77833 1 1 0
-0.177692 -5.78825 -5.78825 1 1 0
-0.176147 -5.79813 -5.79813 1 1 0
-0.174374 -5.80797 -5.80797 1 1 0
-0.172378 -5.81777 -5.81777 1 1 0
-0.170167 -5.82752 -5.82752 1 1 0
-0.167747 -5.83722 -5.83722 1 1 0
-0.165126 -5.84687 -5.84687 1 1 0
-0.16231 -5.85647 -5.85647 1 1 0
-0.15931 -5.86601 -5.86601 1 1 0
-0.156131 -5.87549 -5.87549 1 1 0
-0.152784 -5.88491 -5.88491 1 1 0
-0.149276 -5.89428 -5.89428 1 1 0
-0.145616 -5.90358 -5.90358 1 1 0
-0.141811 -5.91283 -5.91283 1 1 0
-0.13787 -5.92202 -5.92202 1 1 0
-0.133799 -5.93116 -5.93116 1 1 0
-0.129608 -5.94023 -5.94023 1 1 0
-0.125301 -5.94926 -5.94926 1 1 0
-0.120887 -5.95823 -5.95823 1 1 0
-0.116372 -5.96716 -5.96716 1 1 0
-0.111761 -5.97603 -5.97603 1 1 0
-0.107062 -5.98486 -5.98486 1 1 0
-0.102279 -5.99364 -5.99364 1 1 0
-0.0974171 -6.00238 -6.00238 1 1 0
-0.0924823 -6.01108 -6.01108 1 1 0
-0.0874788 -6.01974 -6.01974 1 1 0
-0.082411 -6.02836 -6.02836 1 1 0
-0.077283 -6.03694 -6.03694 1 1 0
-0.0720987 -6.0455 -6.0455 1 1 0
-0.0668619 -6.05401 -6.05401 1 1 0
-0.0615758 -6.0625 -6.0625 1 1 0
-0.0562437 -6.07096 -6.07096 1 1 0
-0.0508685 -6.0794 -6.0794 1 1 0
-0.0454531 -6.0878 -6.0878 1 1 0
-0.0400001 -6.09619 -6.09619 1 1 0
-0.0345118 -6.10455 -6.10455 1 1 0
-0.0289906 -6.11288 -6.11288 1 1 0
-0.0234386 -6.1212 -6.1212 1 1 0
-0.0178577 -6.1295 -6.1295 1 1 0
-0.0122496 -6.13778 -6.13778 1 1 0
-0.00661616 -6.14604 -6.14604 1 1 0
-0.000959247 -6.15429 -6.15429 1 1 0
-5.33904e-06 -6.15567 -6.15567 1 1 0
0.00567711 -6.1639 -6.1639 2 1 0
0.0113817 -6.17211 -6.17211 2 1 0
0.017106 -6.18031 -6.18031 2 1 0
0.0228491 -6.1885 -6.1885 2 1 0
0.02861 -6.19667 -6.19667 2 1 0
0.0343879 -6.20483 -6.20483 2 1 0
0.0401819 -6.21298 -6.21298 2 1 0
0.0459914 -6.22112 -6.22112 2 1 0
0.0518158 -6.22925 -6.22925 2 1 0
0.0576546 -6.23737 -6.23737 2 1 0
0.0635073 -6.24548 -6.24548 2 1 0
0.0693736 -6.25358 -6.25358 2 1 0
0.075253 -6.26166 -6.26166 2 1 0
0.0811455 -6.26974 -6.26974 2 1 0
0.0870508 -6.27781 -6.27781 2 1 0
0.0929687 -6.28588 -6.28588 2 1 0
0.0988993 -6.29393 -6.29393 2 1 0
0.104842 -6.30197 -6.30197 2 1 0
0.110798 -6.31 -6.31 2 1 0
0.116767 -6.31803 -6.31803 2 1 0
0.122748 -6.32604 -6.32604 2 1 0
0.128742 -6.33404 -6.33404 2 1 0
0.13475 -6.34204 -6.34204 2 1 0
0.140771 -6.35002 -6.35002 2 1 0
0.146805 -6.358 -6.358 2 1 0
0.152854 -6.36596 -6.36596 2 1 0
0.158917 -6.37391 -6.37391 2 1 0
0.164994 -6.38185 -6.38185 2 1 0
0.171087 -6.38978 -6.38978 2 1 0
0.177195 -6.3977 -6.3977 2 1 0
0.183319 -6.40561 -6.40561 2 1 0
0.18946 -6.4135 -6.4135 2 1 0
0.195617 -6.42138 -6.42138 2 1 0
0.201792 -6.42925 -6.42925 2 1 0
0.207984 -6.4371 -6.4371 2 1 0
0.214195 -6.44493 -6.44493 2 1 0
0.220424 -6.45276 -6.45276 2 1 0
0.226673 -6.46056 -6.46056 2 1 0
0.232942 -6.46836 -6.46836 2 1 0
0.239231 -6.47613 -6.47613 2 1 0
0.245541 -6.48389 -6.48389 2 1 0
0.251872 -6.49163 -6.49163 2 1 0
0.258226 -6.49935 -6.49935 2 1 0
0.264602 -6.50705 -6.50705 2 1 0
0.271001 -6.51474 -6.51474 2 1 0
0.277424 -6.5224 -6.5224 2 1 0
0.28387 -6.53005 -6.53005 2 1 0
0.290342 -6.53767 -6.53767 2 1 0
0.296838 -6.54528 -6.54528 2 1 0
0.30336 -6.55286 -6.55286 2 1 0
-3.46303e-06 -5.20142 -5.20142 2 2 0
6.16965e-08 -5.17622 -5.17622 2 2 0
1.05437e-12 -5.16622 -5.16622 1 2 0
-1.20056e-17 -5.15622 -5.15622 2 2 0
4.4647e-18 -5.14622 -5.14622 1 2 0
-7.94093e-23 -5.13622 -5.13622 2 2 0
1.32349e-23 -5.12622 -5.12622 1 2 0
0 -5.11622 -5.11622 2 2 0
0 -5.10622 -5.10622 1 2 0
0 -5.09622 -5.09622 2 2 0
0 -5.08622 -5.08622 1 2 0
0 -5.07622 -5.07622 2 2 0
0 -5.06622 -5.06622 1 2 0
0 -5.05622 -5.05622 2 2 0
0 -5.04622 -5.04622 1 2 0
0 -5.03622 -5.03622 2 2 0
0 -5.02622 -5.02622 1 2 0
0 -5.01622 -5.01622 2 2 0
0 -5.00622 -5.00622 1 2 0
0 -4.99622 -4.99622 2 2 0
0 -4.98622 -4.98622 1 2 0
0 -4.97622 -4.97622 2 2 0
0 -4.96622 -4.96622 1 2 0
0 -4.95622 -4.95622 2 2 0
0 -4.94622 -4.94622 1 2 0
0 -4.93622 -4.93622 2 2 0
0 -4.92622 -4.92622 1 2 0
0 -4.91622 -4.91622 2 2 0
0 -4.90622 -4.90622 1 2 0
0 -4.89622 -4.89622 2 2 0
0 -4.88622 -4.88622 1 2 0
0 -4.87622 -4.87622 2 2 0
0 -4.86622 -4.86622 1 2 0
0 -4.85622 -4.85622 2 2 0
0 -4.84622 -4.84622 1 2 0
0 -4.83622 -4.83622 2 2 0
0 -4.82622 -4.82622 1 2 0
0 -4.81622 -4.81622 2 2 0
0 -4.80622 -4.80622 1 2 0
0 -4.79622 -4.79622 2 2 0
0 -4.78622 -4.78622 1 2 0
0 -4.77622 -4.77622 2 2 0
0 -4.76622 -4.76622 1 2 0
0 -4.75622 -4.75622 2 2 0
0 -4.74622 -4.74622 1 2 0
0 -4.73622 -4.73622 2 2 0
0 -4.72622 -4.72622 1 2 0
0 -4.71622 -4.71622 2 2 0
0 -4.70622 -4.70622 1 2 0
0 -4.69622 -4.69622 2 2 0
0 -4.68622 -4.68622 1 2 0
0 -4.67622 -4.67622 2 2 0
0 -4.66622 -4.66622 1 2 0
0 -4.65622 -4.65622 2 2 0
0 -4.64622 -4.64622 1 2 0
0 -4.63622 -4.63622 2 2 0
0 -4.62622 -4.62622 1 2 0
0 -4.61622 -4.61622 2 2 0
0 -4.60622 -4.60622 1 2 0
0 -4.59622 -4.59622 2 2 0
0 -4.58622 -4.58622 1 2 0
0 -4.57622 -4.57622 2 2 0
0 -4.56622 -4.56622 1 2 0
0 -4.55622 -4.55622 2 2 0
0 -4.54622 -4.54622 1 2 0
0 -4.53622 -4.53622 2 2 0
0 -4.52622 -4.52622 1 2 0
0 -4.51622 -4.51622 2 2 0
0 -4.50622 -4.50622 1 2 0
0 -4.49622 -4.49622 2 2 0
0 -4.48622 -4.48622 1 2 0
0 -4.47622 -4.47622 2 2 0
0 -4.46622 -4.46622 1 2 0
0 -4.45622 -4.45622 2 2 0
0 -4.44622 -4.44622 1 2 0
0 -4.43622 -4.43622 2 2 0
0 -4.42622 -4.42622 1 2 0
0 -4.41622 -4.41622 2 2 0
0 -4.40622 -4.40622 1 2 0
0 -4.39622 -4.39622 2 2 0
0 -4.38622 -4.38622 1 2 0
0 -4.37622 -4.37622 2 2 0
0 -4.36622 -4.36622 1 2 0
0 -4.35622 -4.35622 2 2 0
0 -4.34622 -4.34622 1 2 0
0 -4.33622 -4.33622 2 2 0
0 -4.32622 -4.32622 1 2 0
0 -4.31622 -4.31622 2 2 0
0 -4.30622 -4.30622 1 2 0
0 -4.29622 -4.29622 2 2 0
0 -4.28622 -4.28622 1 2 0
0 -4.27622 -4.27622 2 2 0
0 -4.26622 -4.26622 1 2 0
0 -4.25622 -4.25622 2 2 0
0 -4.24622 -4.24622 1 2 0
0 -4.23622 -4.23622 2 2 0
0 -4.22622 -4.22622 1 2 0
0 -4.21622 -4.21622 2 2 0
0 -4.20622 -4.20622 1 2 0
0 -4.19622 -4.19622 1 2 0
0 -4.18622 -4.18622 1 2 0
0 -4.17622 -4.17622 1 2 0
0 -4.16622 -4.16622 1 2 0
0 -4.15622 -4.15622 1 2 0
0 -4.14622 -4.14622 1 2 0
0 -4.13622 -4.13622 1 2 0
0 -4.12622 -4.12622 1 2 0
0 -4.11622 -4.11622 1 2 0
0 -4.10622 -4.10622 1 2 0
0 -4.09622 -4.09622 1 2 0
0 -4.08622 -4.08622 1 2 0
0 -4.07622 -4.07622 1 2 0
0 -4.06622 -4.06622 1 2 0
0 -4.05622 -4.05622 1 2 0
0 -4.04622 -4.04622 1 2 0
0 -4.03622 -4.03622 1 2 0
0 -4.02622 -4.02622 1 2 0
0 -4.01622 -4.01622 1 2 0
0 -4.00622 -4.00622 1 2 0
0 -3.99622 -3.99622 1 2 0
0 -3.98622 -3.98622 1 2 0
0 -3.97622 -3.97622 1 2 0
0 -3.96622 -3.96622 1 2 0
0 -3.95622 -3.95622 1 2 0
0 -3.94622 -3.94622 1 2 0
0 -3.93622 -3.93622 1 2 0
0 -3.92622 -3.92622 1 2 0
0 -3.91622 -3.91622 1 2 0
0 -3.90622 -3.90622 1 2 0
0 -3.89622 -3.89622 1 2 0
0 -3.88622 -3.88622 1 2 0
0 -3.87622 -3.87622 1 2 0
0 -3.86622 -3.86622 1 2 0
0 -3.85622 -3.85622 1 2 0
0 -3.84622 -3.84622 1 2 0
0 -3.83622 -3.83622 1 2 0
0 -3.82622 -3.82622 1 2 0
0 -3.81622 -3.81622 1 2 0
0 -3.80622 -3.80622 1 2 0
0 -3.79622 -3.79622 1 2 0
0 -3.78622 -3.78622 1 2 0
0 -3.77622 -3.77622 1 2 0
0 -3.76622 -3.76622 1 2 0
0 -3.75622 -3.75622 1 2 0
0 -3.74622 -3.74622 1 2 0
0 -3.73622 -3.73622 1 2 0
0 -3.72622 -3.72622 1 2 0
0 -3.71622 -3.71622 1 2 0
0 -3.70622 -3.70622 1 2 0
0 -3.69622 -3.69622 1 2 0
0 -3.68622 -3.68622 1 2 0
0 -3.67622 -3.67622 1 2 0
0 -3.66622 -3.66622 1 2 0
0 -3.65622 -3.65622 1 2 0
0 -3.64622 -3.64622 1 2 0
0 -3.63622 -3.63622 1 2 0
0 -3.62622 -3.62622 1 2 0
0 -3.61622 -3.61622 1 2 0
0 -3.60622 -3.60622 1 2 0
0 -3.59622 -3.59622 1 2 0
0 -3.58622 -3.58622 1 2 0
0 -3.57622 -3.57622 1 2 0
0 -3.56622 -3.56622 1 2 0
0 -3.55622 -3.55622 1 2 0
0 -3.54622 -3.54622 1 2 0
0 -3.53622 -3.53622 1 2 0
0 -3.52622 -3.52622 1 2 0
0 -3.51622 -3.51622 1 2 0
0 -3.50622 -3.50622 1 2 0
0 -3.49622 -3.49622 1 2 0
0 -3.48622 -3.48622 1 2 0
0 -3.47622 -3.47622 1 2 0
0 -3.46622 -3.46622 1 2 0
0 -3.45622 -3.45622 1 2 0
0 -3.44622 -3.44622 1 2 0
0 -3.43622 -3.43622 1 2 0
0 -3.42622 -3.42622 1 2 0
0 -3.41622 -3.41622 1 2 0
0 -3.40622 -3.40622 1 2 0
0 -3.39622 -3.39622 1 2 0
0 -3.38622 -3.38622 1 2 0
0 -3.37622 -3.37622 1 2 0
0 -3.36622 -3.36622 1 2 0
0 -3.35622 -3.35622 1 2 0
0 -3.34622 -3.34622 1 2 0
0 -3.33622 -3.33622 1 2 0
0 -3.32622 -3.32622 1 2 0
0 -3.31622 -3.31622 1 2 0
0 -3.30622 -3.30622 1 2 0
0 -3.29622 -3.29622 1 2 0
0 -3.28622 -3.28622 1 2 0
0 -3.27622 -3.27622 1 2 0
0 -3.26622 -3.26622 1 2 0
0 -3.25622 -3.25622 1 2 0
0 -3.24622 -3.24622 1 2 0
0 -3.23622 -3.23622 1 2 0
0 -3.22622 -3.22622 1 2 0
0 -3.21622 -3.21622 1 2 0
0 -3.20622 -3.20622 1 2 0
0 -3.19622 -3.19622 1 2 0
-3.46303e-06 -5.20142 -5.20142 2 2 0
4.86327e-08 -5.22659 -5.22659 1 2 0
8.12305e-13 -5.23659 -5.23659 1 2 0
6.68042e-18 -5.24659 -5.24659 1 2 0
0 -5.2537 -5.2537 2 2 0
-3.97047e-23 -5.2637 -5.2637 2 2 0
0 -5.2737 -5.2737 2 2 0
0 -5.28089 -5.28089 1 2 0
0 -5.29089 -5.29089 1 2 0
0 -5.30089 -5.30089 1 2 0
0 -5.30797 -5.30797 2 2 0
0 -5.31797 -5.31797 2 2 0
0 -5.32797 -5.32797 2 2 0
0 -5.33497 -5.33497 1 2 0
0 -5.34497 -5.34497 1 2 0
0 -5.35497 -5.35497 1 2 0
0 -5.36193 -5.36193 2 2 0
0 -5.37193 -5.37193 2 2 0
0 -5.38193 -5.38193 2 2 0
0 -5.38885 -5.38885 1 2 0
0 -5.39885 -5.39885 1 2 0
0 -5.40885 -5.40885 1 2 0
0 -5.41576 -5.41576 2 2 0
0 -5.42576 -5.42576 2 2 0
0 -5.43576 -5.43576 2 2 0
0 -5.44264 -5.44264 1 2 0
0 -5.45264 -5.45264 1 2 0
0 -5.46264 -5.46264 1 2 0
0 -5.46952 -5.46952 2 2 0
0 -5.47952 -5.47952 2 2 0
0 -5.48952 -5.48952 2 2 0
0 -5.49639 -5.49639 1 2 0
0 -5.50639 -5.50639 1 2 0
0 -5.51639 -5.51639 1 2 0
0 -5.52326 -5.52326 2 2 0
0 -5.53326 -5.53326 2 2 0
0 -5.54326 -5.54326 2 2 0
0 -5.55014 -5.55014 1 2 0
0 -5.56014 -5.56014 1 2 0
0 -5.57014 -5.57014 1 2 0
0 -5.57704 -5.57704 2 2 0
0 -5.58704 -5.58704 2 2 0
0 -5.59704 -5.59704 2 2 0
0 -5.60704 -5.60704 1 2 0
0 -5.61704 -5.61704 1 2 0
0 -5.62704 -5.62704 2 2 0
0 -5.63704 -5.63704 2 2 0
0 -5.64704 -5.64704 1 2 0
0 -5.65704 -5.65704 1 2 0
0 -5.66704 -5.66704 2 2 0
0 -5.67704 -5.67704 2 2 0
0 -5.68704 -5.68704 1 2 0
0 -5.69704 -5.69704 2 2 0
0 -5.70704 -5.70704 1 2 0
0 -5.71704 -5.71704 1 2 0
0 -5.72704 -5.72704 2 2 0
0 -5.73704 -5.73704 2 2 0
0 -5.74704 -5.74704 1 2 0
0 -5.75704 -5.75704 1 2 0
0 -5.76704 -5.76704 2 2 0
0 -5.77704 -5.77704 2 2 0
0 -5.78704 -5.78704 1 2 0
0 -5.79704 -5.79704 1 2 0
0 -5.80704 -5.80704 2 2 0
0 -5.81704 -5.81704 2 2 0
0 -5.82704 -5.82704 1 2 0
0 -5.83704 -5.83704 1 2 0
0 -5.84704 -5.84704 2 2 0
0 -5.85704 -5.85704 2 2 0
0 -5.86704 -5.86704 1 2 0
0 -5.87704 -5.87704 1 2 0
0 -5.88704 -5.88704 2 2 0
0 -5.89704 -5.89704 2 2 0
0 -5.90704 -5.90704 1 2 0
0 -5.91704 -5.91704 1 2 0
0 -5.92704 -5.92704 2 2 0
0 -5.93704 -5.93704 2 2 0
0 -5.94704 -5.94704 1 2 0
0 -5.95704 -5.95704 1 2 0
0 -5.96704 -5.96704 2 2 0
0 -5.97704 -5.97704 2 2 0
0 -5.98704 -5.98704 1 2 0
0 -5.99704 -5.99704 1 2 0
0 -6.00704 -6.00704 2 2 0
0 -6.01704 -6.01704 2 2 0
0 -6.02704 -6.02704 1 2 0
0 -6.03704 -6.03704 1 2 0
0 -6.04704 -6.04704 2 2 0
0 -6.05704 -6.05704 2 2 0
0 -6.06704 -6.06704 1 2 0
0 -6.07704 -6.07704 1 2 0
0 -6.08704 -6.08704 2 2 0
0 -6.09704 -6.09704 2 2 0
0 -6.10704 -6.10704 1 2 0
0 -6.11704 -6.11704 1 2 0
0 -6.12704 -6.12704 1 2 0
0 -6.13704 -6.13704 1 2 0
0 -6.14704 -6.14704 1 2 0
0 -6.15567 -6.15567 1 2 0
0 -6.16567 -6.16567 1 2 0
0 -6.17567 -6.17567 1 2 0
0 -6.18567 -6.18567 1 2 0
0 -6.19567 -6.19567 1 2 0
0 -6.20567 -6.20567 1 2 0
0 -6.21567 -6.21567 1 2 0
0 -6.22567 -6.22567 1 2 0
0 -6.23567 -6.23567 1 2 0
0 -6.24567 -6.24567 1 2 0
0 -6.25567 -6.25567 1 2 0
0 -6.26567 -6.26567 1 2 0
0 -6.27567 -6.27567 1 2 0
0 -6.28567 -6.28567 1 2 0
0 -6.29567 -6.29567 1 2 0
0 -6.30567 -6.30567 1 2 0
0 -6.31567 -6.31567 1 2 0
0 -6.32567 -6.32567 1 2 0
0 -6.33567 -6.33567 1 2 0
0 -6.34567 -6.34567 1 2 0
0 -6.35567 -6.35567 1 2 0
0 -6.36567 -6.36567 1 2 0
0 -6.37567 -6.37567 1 2 0
0 -6.38567 -6.38567 1 2 0
0 -6.39567 -6.39567 1 2 0
0 -6.40567 -6.40567 1 2 0
0 -6.41567 -6.41567 1 2 0
0 -6.42567 -6.42567 1 2 0
0 -6.43567 -6.43567 1 2 0
0 -6.44567 -6.44567 1 2 0
0 -6.45567 -6.45567 1 2 0
0 -6.46567 -6.46567 1 2 0
0 -6.47567 -6.47567 1 2 0
0 -6.48567 -6.48567 1 2 0
0 -6.49567 -6.49567 1 2 0
0 -6.50567 -6.50567 1 2 0
0 -6.51567 -6.51567 1 2 0
0 -6.52567 -6.52567 1 2 0
0 -6.53567 -6.53567 1 2 0
0 -6.54567 -6.54567 1 2 0
0 -6.55567 -6.55567 1 2 0
0 -6.56567 -6.56567 1 2 0
0 -6.57567 -6.57567 1 2 0
0 -6.58567 -6.58567 1 2 0
0 -6.59567 -6.59567 1 2 0
0 -6.60567 -6.60567 1 2 0
0 -6.61567 -6.61567 1 2 0
0 -6.62567 -6.62567 1 2 0
0 -6.63567 -6.63567 1 2 0
0 -6.64567 -6.64567 1 2 0
0 -6.65567 -6.65567 1 2 0
0 -6.66567 -6.66567 1 2 0
0 -6.67567 -6.67567 1 2 0
0 -6.68567 -6.68567 1 2 0
0 -6.69567 -6.69567 1 2 0
0 -6.70567 -6.70567 1 2 0
0 -6.71567 -6.71567 1 2 0
0 -6.72567 -6.72567 1 2 0
0 -6.73567 -6.73567 1 2 0
0 -6.74567 -6.74567 1 2 0
0 -6.75567 -6.75567 1 2 0
0 -6.76567 -6.76567 1 2 0
0 -6.77567 -6.77567 1 2 0
0 -6.78567 -6.78567 1 2 0
0 -6.79567 -6.79567 1 2 0
0 -6.80567 -6.80567 1 2 0
0 -6.81567 -6.81567 1 2 0
0 -6.82567 -6.82567 1 2 0
0 -6.83567 -6.83567 1 2 0
0 -6.84567 -6.84567 1 2 0
0 -6.85567 -6.85567 1 2 0
0 -6.86567 -6.86567 1 2 0
0 -6.87567 -6.87567 1 2 0
0 -6.88567 -6.88567 1 2 0
0 -6.89567 -6.89567 1 2 0
0 -6.90567 -6.90567 1 2 0
0 -6.91567 -6.91567 1 2 0
0 -6.92567 -6.92567 1 2 0
0 -6.93567 -6.93567 1 2 0
0 -6.94567 -6.94567 1 2 0
0 -6.95567 -6.95567 1 2 0
0 -6.96567 -6.96567 1 2 0
0 -6.97567 -6.97567 1 2 0
0 -6.98567 -6.98567 1 2 0
0 -6.99567 -6.99567 1 2 0
0 -7.00567 -7.00567 1 2 0
0 -7.01567 -7.01567 1 2 0
0 -7.02567 -7.02567 1 2 0
0 -7.03567 -7.03567 1 2 0
0 -7.04567 -7.04567 1 2 0
0 -7.05567 -7.05567 1 2 0
0 -7.06567 -7.06567 1 2 0
0 -7.07567 -7.07567 1 2 0
0 -7.08567 -7.08567 1 2 0
0 -7.09567 -7.09567 1 2 0
0 -7.10567 -7.10567 1 2 0
0 -7.11567 -7.11567 1 2 0
0 -7.12567 -7.12567 1 2 0
0 -7.13567 -7.13567 1 2 0
0 -7.14567 -7.14567 1 2 0
0 -7.15567 -7.15567 1 2 0
0 -7.16567 -7.16567 1 2 0
-6.68845e-06 -6.15567 -6.15567 2 3 0
7.52271e-05 -6.17328 -6.17328 1 3 0
2.69292e-10 -6.18328 -6.18328 2 3 0
-1.29878e-13 -6.19328 -6.19328 1 3 0
8.07401e-16 -6.20328 -6.20328 2 3 0
-3.25512e-19 -6.21328 -6.21328 1 3 0
1.69407e-21 -6.22328 -6.22328 2 3 0
0 -6.23328 -6.23328 1 3 0
0 -6.24328 -6.24328 2 3 0
0 -6.25328 -6.25328 1 3 0
0 -6.26328 -6.26328 2 3 0
0 -6.27328 -6.27328 1 3 0
0 -6.28328 -6.28328 2 3 0
0 -6.29328 -6.29328 1 3 0
0 -6.30328 -6.30328 2 3 0
0 -6.31328 -6.31328 1 3 0
0 -6.32328 -6.32328 2 3 0
0 -6.33328 -6.33328 1 3 0
0 -6.34328 -6.34328 2 3 0
0 -6.35328 -6.35328 1 3 0
0 -6.36328 -6.36328 2 3 0
0 -6.37328 -6.37328 1 3 0
0 -6.38328 -6.38328 2 3 0
0 -6.39328 -6.39328 1 3 0
0 -6.40328 -6.40328 2 3 0
0 -6.41328 -6.41328 1 3 0
0 -6.42328 -6.42328 2 3 0
0 -6.43328 -6.43328 1 3 0
0 -6.44328 -6.44328 2 3 0
0 -6.45328 -6.45328 1 3 0
0 -6.46328 -6.46328 2 3 0
0 -6.47328 -6.47328 1 3 0
0 -6.48328 -6.48328 2 3 0
0 -6.49328 -6.49328 1 3 0
0 -6.50328 -6.50328 2 3 0
0 -6.51328 -6.51328 1 3 0
0 -6.52328 -6.52328 2 3 0
0 -6.53328 -6.53328 1 3 0
0 -6.54328 -6.54328 2 3 0
0 -6.55328 -6.55328 1 3 0
0 -6.56328 -6.56328 2 3 0
0 -6.57328 -6.57328 1 3 0
0 -6.58328 -6.58328 2 3 0
0 -6.59328 -6.59328 1 3 0
0 -6.60328 -6.60328 2 3 0
0 -6.61328 -6.61328 1 3 0
0 -6.62328 -6.62328 2 3 0
0 -6.63328 -6.63328 1 3 0
0 -6.64328 -6.64328 2 3 0
0 -6.65328 -6.65328 1 3 0
0 -6.66328 -6.66328 2 3 0
0 -6.67328 -6.67328 1 3 0
0 -6.68328 -6.68328 2 3 0
0 -6.69328 -6.69328 1 3 0
0 -6.70328 -6.70328 2 3 0
0 -6.71328 -6.71328 1 3 0
0 -6.72328 -6.72328 2 3 0
0 -6.73328 -6.73328 1 3 0
0 -6.74328 -6.74328 2 3 0
0 -6.75328 -6.75328 1 3 0
0 -6.76328 -6.76328 2 3 0
0 -6.77328 -6.77328 1 3 0
0 -6.78328 -6.78328 2 3 0
0 -6.79328 -6.79328 1 3 0
0 -6.80328 -6.80328 2 3 0
0 -6.81328 -6.81328 1 3 0
0 -6.82328 -6.82328 2 3 0
0 -6.83328 -6.83328 1 3 0
0 -6.84328 -6.84328 2 3 0
0 -6.85328 -6.85328 1 3 0
0 -6.86328 -6.86328 2 3 0
0 -6.87328 -6.87328 1 3 0
0 -6.88328 -6.88328 2 3 0
0 -6.89328 -6.89328 1 3 0
0 -6.90328 -6.90328 2 3 0
0 -6.91328 -6.91328 1 3 0
0 -6.92328 -6.92328 2 3 0
0 -6.93328 -6.93328 1 3 0
0 -6.94328 -6.94328 2 3 0
0 -6.95328 -6.95328 1 3 0
0 -6.96328 -6.96328 2 3 0
0 -6.97328 -6.97328 1 3 0
0 -6.98328 -6.98328 2 3 0
0 -6.99328 -6.99328 1 3 0
0 -7.00328 -7.00328 2 3 0
0 -7.01328 -7.01328 1 3 0
0 -7.02328 -7.02328 2 3 0
0 -7.03328 -7.03328 1 3 0
0 -7.04328 -7.04328 2 3 0
0 -7.05328 -7.05328 1 3 0
0 -7.06328 -7.06328 2 3 0
0 -7.07328 -7.07328 1 3 0
0 -7.08328 -7.08328 2 3 0
0 -7.09328 -7.09328 1 3 0
0 -7.10328 -7.10328 2 3 0
0 -7.11328 -7.11328 1 3 0
0 -7.12328 -7.12328 2 3 0
0 -7.13328 -7.13328 1 3 0
0 -7.14328 -7.14328 1 3 0
0 -7.15328 -7.15328 1 3 0
0 -7.16328 -7.16328 1 3 0
0 -7.17328 -7.17328 1 3 0
0 -7.18328 -7.18328 1 3 0
0 -7.19328 -7.19328 1 3 0
0 -7.20328 -7.20328 1 3 0
0 -7.21328 -7.21328 1 3 0
0 -7.22328 -7.22328 1 3 0
0 -7.23328 -7.23328 1 3 0
0 -7.24328 -7.24328 1 3 0
0 -7.25328 -7.25328 1 3 0
0 -7.26328 -7.26328 1 3 0
0 -7.27328 -7.27328 1 3 0
0 -7.28328 -7.28328 1 3 0
0 -7.29328 -7.29328 1 3 0
0 -7.30328 -7.30328 1 3 0
0 -7.31328 -7.31328 1 3 0
0 -7.32328 -7.32328 1 3 0
0 -7.33328 -7.33328 1 3 0
0 -7.34328 -7.34328 1 3 0
0 -7.35328 -7.35328 1 3 0
0 -7.36328 -7.36328 1 3 0
0 -7.37328 -7.37328 1 3 0
0 -7.38328 -7.38328 1 3 0
0 -7.39328 -7.39328 1 3 0
0 -7.40328 -7.40328 1 3 0
0 -7.41328 -7.41328 1 3 0
0 -7.42328 -7.42328 1 3 0
0 -7.43328 -7.43328 1 3 0
0 -7.44328 -7.44328 1 3 0
0 -7.45328 -7.45328 1 3 0
0 -7.46328 -7.46328 1 3 0
0 -7.47328 -7.47328 1 3 0
0 -7.48328 -7.48328 1 3 0
0 -7.49328 -7.49328 1 3 0
0 -7.50328 -7.50328 1 3 0
0 -7.51328 -7.51328 1 3 0
0 -7.52328 -7.52328 1 3 0
0 -7.53328 -7.53328 1 3 0
0 -7.54328 -7.54328 1 3 0
0 -7.55328 -7.55328 1 3 0
0 -7.56328 -7.56328 1 3 0
0 -7.57328 -7.57328 1 3 0
0 -7.58328 -7.58328 1 3 0
0 -7.59328 -7.59328 1 3 0
0 -7.60328 -7.60328 1 3 0
0 -7.61328 -7.61328 1 3 0
0 -7.62328 -7.62328 1 3 0
0 -7.63328 -7.63328 1 3 0
0 -7.64328 -7.64328 1 3 0
0 -7.65328 -7.65328 1 3 0
0 -7.66328 -7.66328 1 3 0
0 -7.67328 -7.67328 1 3 0
0 -7.68328 -7.68328 1 3 0
0 -7.69328 -7.69328 1 3 0
0 -7.70328 -7.70328 1 3 0
0 -7.71328 -7.71328 1 3 0
0 -7.72328 -7.72328 1 3 0
0 -7.73328 -7.73328 1 3 0
0 -7.74328 -7.74328 1 3 0
0 -7.75328 -7.75328 1 3 0
0 -7.76328 -7.76328 1 3 0
0 -7.77328 -7.77328 1 3 0
0 -7.78328 -7.78328 1 3 0
0 -7.79328 -7.79328 1 3 0
0 -7.80328 -7.80328 1 3 0
0 -7.81328 -7.81328 1 3 0
0 -7.82328 -7.82328 1 3 0
0 -7.83328 -7.83328 1 3 0
0 -7.84328 -7.84328 1 3 0
0 -7.85328 -7.85328 1 3 0
0 -7.86328 -7.86328 1 3 0
0 -7.87328 -7.87328 1 3 0
0 -7.88328 -7.88328 1 3 0
0 -7.89328 -7.89328 1 3 0
0 -7.90328 -7.90328 1 3 0
0 -7.91328 -7.91328 1 3 0
0 -7.92328 -7.92328 1 3 0
0 -7.93328 -7.93328 1 3 0
0 -7.94328 -7.94328 1 3 0
0 -7.95328 -7.95328 1 3 0
0 -7.96328 -7.96328 1 3 0
0 -7.97328 -7.97328 1 3 0
0 -7.98328 -7.98328 1 3 0
0 -7.99328 -7.99328 1 3 0
0 -8.00328 -8.00328 1 3 0
0 -8.01328 -8.01328 1 3 0
0 -8.02328 -8.02328 1 3 0
0 -8.03328 -8.03328 1 3 0
0 -8.04328 -8.04328 1 3 0
0 -8.05328 -8.05328 1 3 0
0 -8.06328 -8.06328 1 3 0
0 -8.07328 -8.07328 1 3 0
0 -8.08328 -8.08328 1 3 0
0 -8.09328 -8.09328 1 3 0
0 -8.10328 -8.10328 1 3 0
0 -8.11328 -8.11328 1 3 0
0 -8.12328 -8.12328 1 3 0
0 -8.13328 -8.13328 1 3 0
0 -8.14328 -8.14328 1 3 0
0 -8.15328 -8.15328 1 3 0
-6.68845e-06 -6.15567 -6.15567 2 3 0
9.67289e-05 -6.13807 -6.13807 1 3 0
2.23615e-10 -6.12807 -6.12807 2 3 0
-4.1357e-13 -6.11807 -6.11807 1 3 0
-6.95977e-16 -6.10807 -6.10807 1 3 0
1.06329e-18 -6.09807 -6.09807 2 3 0
1.53525e-21 -6.08807 -6.08807 2 3 0
0 -6.07807 -6.07807 1 3 0
0 -6.06807 -6.06807 1 3 0
0 -6.05807 -6.05807 2 3 0
0 -6.04807 -6.04807 2 3 0
0 -6.03807 -6.03807 1 3 0
0 -6.02807 -6.02807 1 3 0
0 -6.01807 -6.01807 2 3 0
0 -6.00807 -6.00807 2 3 0
0 -5.99807 -5.99807 1 3 0
0 -5.98807 -5.98807 1 3 0
0 -5.97807 -5.97807 2 3 0
0 -5.96807 -5.96807 2 3 0
0 -5.95807 -5.95807 1 3 0
0 -5.94807 -5.94807 1 3 0
0 -5.93807 -5.93807 2 3 0
0 -5.92807 -5.92807 2 3 0
0 -5.91807 -5.91807 1 3 0
0 -5.90807 -5.90807 1 3 0
0 -5.89807 -5.89807 2 3 0
0 -5.88807 -5.88807 2 3 0
0 -5.87807 -5.87807 1 3 0
0 -5.86807 -5.86807 1 3 0
0 -5.85807 -5.85807 2 3 0
0 -5.84807 -5.84807 2 3 0
0 -5.83807 -5.83807 1 3 0
0 -5.82807 -5.82807 1 3 0
0 -5.81807 -5.81807 2 3 0
0 -5.80807 -5.80807 2 3 0
0 -5.79807 -5.79807 1 3 0
0 -5.78807 -5.78807 1 3 0
0 -5.77807 -5.77807 2 3 0
0 -5.76807 -5.76807 2 3 0
0 -5.75807 -5.75807 1 3 0
0 -5.74807 -5.74807 1 3 0
0 -5.73807 -5.73807 2 3 0
0 -5.72807 -5.72807 2 3 0
0 -5.71807 -5.71807 1 3 0
0 -5.70807 -5.70807 1 3 0
0 -5.69807 -5.69807 2 3 0
0 -5.68807 -5.68807 2 3 0
0 -5.67807 -5.67807 2 3 0
0 -5.66807 -5.66807 2 3 0
0 -5.65807 -5.65807 1 3 0
0 -5.64807 -5.64807 1 3 0
0 -5.63807 -5.63807 2 3 0
0 -5.62807 -5.62807 2 3 0
0 -5.61807 -5.61807 1 3 0
0 -5.60807 -5.60807 1 3 0
0 -5.59807 -5.59807 2 3 0
0 -5.58807 -5.58807 2 3 0
0 -5.57807 -5.57807 1 3 0
0 -5.56807 -5.56807 1 3 0
0 -5.55807 -5.55807 2 3 0
0 -5.54807 -5.54807 2 3 0
0 -5.53807 -5.53807 1 3 0
0 -5.52807 -5.52807 1 3 0
0 -5.51807 -5.51807 2 3 0
0 -5.50807 -5.50807 2 3 0
0 -5.49807 -5.49807 1 3 0
0 -5.48807 -5.48807 1 3 0
0 -5.47807 -5.47807 2 3 0
0 -5.46807 -5.46807 2 3 0
0 -5.45807 -5.45807 1 3 0
0 -5.44807 -5.44807 1 3 0
0 -5.43807 -5.43807 2 3 0
0 -5.42807 -5.42807 2 3 0
0 -5.41807 -5.41807 1 3 0
0 -5.40807 -5.40807 1 3 0
0 -5.39807 -5.39807 2 3 0
0 -5.38807 -5.38807 2 3 0
0 -5.37807 -5.37807 1 3 0
0 -5.36807 -5.36807 1 3 0
0 -5.35807 -5.35807 2 3 0
0 -5.34807 -5.34807 2 3 0
0 -5.33807 -5.33807 1 3 0
0 -5.32807 -5.32807 1 3 0
0 -5.31807 -5.31807 2 3 0
0 -5.30807 -5.30807 2 3 0
0 -5.29807 -5.29807 1 3 0
0 -5.28807 -5.28807 1 3 0
0 -5.27807 -5.27807 2 3 0
0 -5.26807 -5.26807 2 3 0
0 -5.25807 -5.25807 1 3 0
0 -5.24807 -5.24807 1 3 0
0 -5.23807 -5.23807 2 3 0
0 -5.22807 -5.22807 2 3 0
0 -5.21807 -5.21807 1 3 0
0 -5.20807 -5.20807 1 3 0
0 -5.20143 -5.20143 1 3 0
0 -5.19143 -5.19143 2 3 0
0 -5.18143 -5.18143 1 3 0
0 -5.17143 -5.17143 2 3 0
0 -5.16143 -5.16143 1 3 0
0 -5.15143 -5.15143 2 3 0
0 -5.14143 -5.14143 1 3 0
0 -5.13143 -5.13143 2 3 0
0 -5.12143 -5.12143 1 3 0
0 -5.11143 -5.11143 2 3 0
0 -5.10143 -5.10143 1 3 0
0 -5.09143 -5.09143 1 3 0
0 -5.08143 -5.08143 1 3 0
0 -5.07143 -5.07143 1 3 0
0 -5.06143 -5.06143 1 3 0
0 -5.05143 -5.05143 1 3 0
0 -5.04143 -5.04143 1 3 0
0 -5.03143 -5.03143 1 3 0
0 -5.02143 -5.02143 1 3 0
0 -5.01143 -5.01143 1 3 0
0 -5.00143 -5.00143 1 3 0
0 -4.99143 -4.99143 1 3 0
0 -4.98143 -4.98143 1 3 0
0 -4.97143 -4.97143 1 3 0
0 -4.96143 -4.96143 1 3 0
0 -4.95143 -4.95143 1 3 0
0 -4.94143 -4.94143 1 3 0
0 -4.93143 -4.93143 1 3 0
0 -4.92143 -4.92143 1 3 0
0 -4.91143 -4.91143 1 3 0
0 -4.90143 -4.90143 1 3 0
0 -4.89143 -4.89143 1 3 0
0 -4.88143 -4.88143 1 3 0
0 -4.87143 -4.87143 1 3 0
0 -4.86143 -4.86143 1 3 0
0 -4.85143 -4.85143 1 3 0
0 -4.84143 -4.84143 1 3 0
0 -4.83143 -4.83143 1 3 0
0 -4.82143 -4.82143 1 3 0
0 -4.81143 -4.81143 1 3 0
0 -4.80143 -4.80143 1 3 0
0 -4.79143 -4.79143 1 3 0
0 -4.78143 -4.78143 1 3 0
0 -4.77143 -4.77143 1 3 0
0 -4.76143 -4.76143 1 3 0
0 -4.75143 -4.75143 1 3 0
0 -4.74143 -4.74143 1 3 0
0 -4.73143 -4.73143 1 3 0
0 -4.72143 -4.72143 1 3 0
0 -4.71143 -4.71143 1 3 0
0 -4.70143 -4.70143 1 3 0
0 -4.69143 -4.69143 1 3 0
0 -4.68143 -4.68143 1 3 0
0 -4.67143 -4.67143 1 3 0
0 -4.66143 -4.66143 1 3 0
0 -4.65143 -4.65143 1 3 0
0 -4.64143 -4.64143 1 3 0
0 -4.63143 -4.63143 1 3 0
0 -4.62143 -4.62143 1 3 0
0 -4.61143 -4.61143 1 3 0
0 -4.60143 -4.60143 1 3 0
0 -4.59143 -4.59143 1 3 0
0 -4.58143 -4.58143 1 3 0
0 -4.57143 -4.57143 1 3 0
0 -4.56143 -4.56143 1 3 0
0 -4.55143 -4.55143 1 3 0
0 -4.54143 -4.54143 1 3 0
0 -4.53143 -4.53143 1 3 0
0 -4.52143 -4.52143 1 3 0
0 -4.51143 -4.51143 1 3 0
0 -4.50143 -4.50143 1 3 0
0 -4.49143 -4.49143 1 3 0
0 -4.48143 -4.48143 1 3 0
0 -4.47143 -4.47143 1 3 0
0 -4.46143 -4.46143 1 3 0
0 -4.45143 -4.45143 1 3 0
0 -4.44143 -4.44143 1 3 0
0 -4.43143 -4.43143 1 3 0
0 -4.42143 -4.42143 1 3 0
0 -4.41143 -4.41143 1 3 0
0 -4.40143 -4.40143 1 3 0
0 -4.39143 -4.39143 1 3 0
0 -4.38143 -4.38143 1 3 0
0 -4.37143 -4.37143 1 3 0
0 -4.36143 -4.36143 1 3 0
0 -4.35143 -4.35143 1 3 0
0 -4.34143 -4.34143 1 3 0
0 -4.33143 -4.33143 1 3 0
0 -4.32143 -4.32143 1 3 0
0 -4.31143 -4.31143 1 3 0
0 -4.30143 -4.30143 1 3 0
0 -4.29143 -4.29143 1 3 0
0 -4.28143 -4.28143 1 3 0
0 -4.27143 -4.27143 1 3 0
0 -4.26143 -4.26143 1 3 0
0 -4.25143 -4.25143 1 3 0
0 -4.24143 -4.24143 1 3 0
0 -4.23143 -4.23143 1 3 0
0 -4.22143 -4.22143 1 3 0
0 -4.21143 -4.21143 1 3 0
0 -4.20143 -4.20143 1 3 0
0 -4.19143 -4.19143 1 3 0
0 -4.18143 -4.18143 1 3 0
0 -4.17143 -4.17143 1 3 0
0 -4.16143 -4.16143 1 3 0
-6.0276e-322 -6.15567 -6.15567 2 4 0
-0.01 -6.14108 -6.14108 1 4 0
-0.0156188 -6.13281 -6.13281 1 4 0
-0.0212108 -6.12452 -6.12452 1 4 0
-0.0267746 -6.11621 -6.11621 1 4 0
-0.0323084 -6.10788 -6.10788 1 4 0
-0.03781 -6.09953 -6.09953 1 4 0
-0.0432774 -6.09116 -6.09116 1 4 0
-0.0487082 -6.08276 -6.08276 1 4 0
-0.0540997 -6.07434 -6.07434 1 4 0
-0.0594494 -6.06589 -6.06589 1 4 0
-0.0647542 -6.05741 -6.05741 1 4 0
-0.0700112 -6.04891 -6.04891 1 4 0
-0.0752169 -6.04037 -6.04037 1 4 0
-0.0803678 -6.0318 -6.0318 1 4 0
-0.0854601 -6.02319 -6.02319 1 4 0
-0.0904898 -6.01455 -6.01455 1 4 0
-0.0954526 -6.00586 -6.00586 1 4 0
-0.100344 -5.99714 -5.99714 1 4 0
-0.105159 -5.98838 -5.98838 1 4 0
-0.109893 -5.97957 -5.97957 1 4 0
-0.114539 -5.97071 -5.97071 1 4 0
-0.119093 -5.96181 -5.96181 1 4 0
-0.123549 -5.95285 -5.95285 1 4 0
-0.127899 -5.94385 -5.94385 1 4 0
-0.132138 -5.93479 -5.93479 1 4 0
-0.136258 -5.92568 -5.92568 1 4 0
-0.140252 -5.91651 -5.91651 1 4 0
-0.144112 -5.90729 -5.90729 1 4 0
-0.147831 -5.898 -5.898 1 4 0
-0.151401 -5.88866 -5.88866 1 4 0
-0.154813 -5.87926 -5.87926 1 4 0
-0.15806 -5.86981 -5.86981 1 4 0
-0.161133 -5.86029 -5.86029 1 4 0
-0.164023 -5.85072 -5.85072 1 4 0
-0.166723 -5.84109 -5.84109 1 4 0
-0.169224 -5.83141 -5.83141 1 4 0
-0.17152 -5.82167 -5.82167 1 4 0
-0.173602 -5.81189 -5.81189 1 4 0
-0.175465 -5.80207 -5.80207 1 4 0
-0.177102 -5.7922 -5.7922 1 4 0
-0.178509 -5.7823 -5.7823 1 4 0
-0.179681 -5.77237 -5.77237 1 4 0
-0.180615 -5.76241 -5.76241 1 4 0
-0.18131 -5.75244 -5.75244 1 4 0
-0.181765 -5.74245 -5.74245 1 4 0
-0.181979 -5.73245 -5.73245 1 4 0
-0.181998 -5.72845 -5.72845 2 4 0
-0.18188 -5.71845 -5.71845 2 4 0
-0.181527 -5.70845 -5.70845 2 4 0
-0.180944 -5.69847 -5.69847 2 4 0
-0.180136 -5.6885 -5.6885 2 4 0
-0.17911 -5.67855 -5.67855 2 4 0
-0.177872 -5.66863 -5.66863 2 4 0
-0.17643 -5.65874 -5.65874 2 4 0
-0.174791 -5.64887 -5.64887 2 4 0
-0.172965 -5.63904 -5.63904 2 4 0
-0.17096 -5.62924 -5.62924 2 4 0
-0.168784 -5.61948 -5.61948 2 4 0
-0.166447 -5.60976 -5.60976 2 4 0
-0.163958 -5.60007 -5.60007 2 4 0
-0.161325 -5.59043 -5.59043 2 4 0
-0.158558 -5.58082 -5.58082 2 4 0
-0.155664 -5.57124 -5.57124 2 4 0
-0.152653 -5.56171 -5.56171 2 4 0
-0.149532 -5.55221 -5.55221 2 4 0
-0.146308 -5.54274 -5.54274 2 4 0
-0.14299 -5.53331 -5.53331 2 4 0
-0.139585 -5.5239 -5.5239 2 4 0
-0.136099 -5.51453 -5.51453 2 4 0
-0.132538 -5.50519 -5.50519 2 4 0
-0.12891 -5.49587 -5.49587 2 4 0
-0.12522 -5.48657 -5.48657 2 4 0
-0.121473 -5.4773 -5.4773 2 4 0
-0.117675 -5.46805 -5.46805 2 4 0
-0.113831 -5.45882 -5.45882 2 4 0
-0.109945 -5.4496 -5.4496 2 4 0
-0.106022 -5.44041 -5.44041 2 4 0
-0.102066 -5.43122 -5.43122 2 4 0
-0.098081 -5.42205 -5.42205 2 4 0
-0.0940709 -5.41289 -5.41289 2 4 0
-0.0900391 -5.40374 -5.40374 2 4 0
-0.0859888 -5.39459 -5.39459 2 4 0
-0.081923 -5.38546 -5.38546 2 4 0
-0.0778448 -5.37633 -5.37633 2 4 0
-0.0737566 -5.3672 -5.3672 2 4 0
-0.0696611 -5.35808 -5.35808 2 4 0
-0.0655605 -5.34896 -5.34896 2 4 0
-0.061457 -5.33984 -5.33984 2 4 0
-0.0573526 -5.33072 -5.33072 2 4 0
-0.0532491 -5.3216 -5.3216 2 4 0
-0.0491483 -5.31248 -5.31248 2 4 0
-0.0450516 -5.30336 -5.30336 2 4 0
-0.0409605 -5.29423 -5.29423 2 4 0
-0.0368763 -5.28511 -5.28511 2 4 0
-0.0328002 -5.27597 -5.27597 2 4 0
-0.0287331 -5.26684 -5.26684 2 4 0
-0.024676 -5.2577 -5.2577 2 4 0
-0.0206297 -5.24855 -5.24855 2 4 0
-0.0165949 -5.2394 -5.2394 2 4 0
-0.0125722 -5.23025 -5.23025 2 4 0
-0.00856205 -5.22109 -5.22109 2 4 0
-0.0045649 -5.21192 -5.21192 2 4 0
-0.000581301 -5.20275 -5.20275 2 4 0
-4.33159e-06 -5.20142 -5.20142 2 4 0
0.00396518 -5.19224 -5.19224 1 4 0
0.00791997 -5.18305 -5.18305 1 4 0
0.011861 -5.17386 -5.17386 1 4 0
0.0157885 -5.16466 -5.16466 1 4 0
0.0197024 -5.15546 -5.15546 1 4 0
0.023603 -5.14625 -5.14625 1 4 0
0.0274905 -5.13704 -5.13704 1 4 0
0.0313652 -5.12782 -5.12782 1 4 0
0.0352276 -5.1186 -5.1186 1 4 0
0.039078 -5.10937 -5.10937 1 4 0
0.042917 -5.10014 -5.10014 1 4 0
0.0467451 -5.0909 -5.0909 1 4 0
0.050563 -5.08165 -5.08165 1 4 0
0.0543712 -5.07241 -5.07241 1 4 0
0.0581705 -5.06316 -5.06316 1 4 0
0.0619616 -5.0539 -5.0539 1 4 0
0.0657454 -5.04465 -5.04465 1 4 0
0.0695225 -5.03539 -5.03539 1 4 0
0.073294 -5.02613 -5.02613 1 4 0
0.0770607 -5.01686 -5.01686 1 4 0
0.0808234 -5.0076 -5.0076 1 4 0
0.0845833 -4.99833 -4.99833 1 4 0
0.0883412 -4.98907 -4.98907 1 4 0
0.0920983 -4.9798 -4.9798 1 4 0
0.0958554 -4.97053 -4.97053 1 4 0
0.0996138 -4.96126 -4.96126 1 4 0
0.103374 -4.952 -4.952 1 4 0
0.107138 -4.94273 -4.94273 1 4 0
0.110907 -4.93347 -4.93347 1 4 0
0.114681 -4.92421 -4.92421 1 4 0
0.118462 -4.91495 -4.91495 1 4 0
0.122252 -4.9057 -4.9057 1 4 0
0.12605 -4.89645 -4.89645 1 4 0
0.129859 -4.8872 -4.8872 1 4 0
0.133679 -4.87796 -4.87796 1 4 0
0.137512 -4.86872 -4.86872 1 4 0
0.141359 -4.85949 -4.85949 1 4 0
0.145222 -4.85027 -4.85027 1 4 0
0.149101 -4.84105 -4.84105 1 4 0
0.152998 -4.83184 -4.83184 1 4 0
0.156914 -4.82264 -4.82264 1 4 0
0.160851 -4.81345 -4.81345 1 4 0
0.164809 -4.80427 -4.80427 1 4 0
0.16879 -4.79509 -4.79509 1 4 0
0.172795 -4.78593 -4.78593 1 4 0
0.176825 -4.77678 -4.77678 1 4 0
0.180883 -4.76764 -4.76764 1 4 0
0.184968 -4.75851 -4.75851 1 4 0
0.189082 -4.7494 -4.7494 1 4 0
0.193227 -4.74029 -4.74029 1 4 0
0.197403 -4.73121 -4.73121 1 4 0
0.201612 -4.72214 -4.72214 1 4 0
0.205856 -4.71308 -4.71308 1 4 0
0.210134 -4.70404 -4.70404 1 4 0
0.21445 -4.69502 -4.69502 1 4 0
0.218803 -4.68602 -4.68602 1 4 0
0.223195 -4.67704 -4.67704 1 4 0
0.227627 -4.66807 -4.66807 1 4 0
0.2321 -4.65913 -4.65913 1 4 0
0.236615 -4.65021 -4.65021 1 4 0
0.241174 -4.6413 -4.6413 1 4 0
0.245778 -4.63243 -4.63243 1 4 0
0.250427 -4.62357 -4.62357 1 4 0
0.255123 -4.61474 -4.61474 1 4 0
0.259866 -4.60594 -4.60594 1 4 0
0.264658 -4.59716 -4.59716 1 4 0
0.2695 -4.58841 -4.58841 1 4 0
0.274392 -4.57969 -4.57969 1 4 0
0.279336 -4.571 -4.571 1 4 0
0.284332 -4.56234 -4.56234 1 4 0
0.289381 -4.5537 -4.5537 1 4 0
0.294484 -4.5451 -4.5451 1 4 0
0.299641 -4.53654 -4.53654 1 4 0
0.304854 -4.528 -4.528 1 4 0
-6.0276e-322 -6.15567 -6.15567 2 4 0
0.01 -6.17012 -6.17012 1 4 0
0.01572 -6.17833 -6.17833 2 4 0
0.0214587 -6.18652 -6.18652 2 4 0
0.0272154 -6.19469 -6.19469 2 4 0
0.0329892 -6.20286 -6.20286 2 4 0
0.0387794 -6.21101 -6.21101 2 4 0
0.0445853 -6.21915 -6.21915 2 4 0
0.0504061 -6.22729 -6.22729 2 4 0
0.0562415 -6.23541 -6.23541 2 4 0
0.0620908 -6.24352 -6.24352 2 4 0
0.0679538 -6.25162 -6.25162 2 4 0
0.0738302 -6.25971 -6.25971 2 4 0
0.0797195 -6.26779 -6.26779 2 4 0
0.0856217 -6.27586 -6.27586 2 4 0
0.0915366 -6.28393 -6.28393 2 4 0
0.0974641 -6.29198 -6.29198 2 4 0
0.103404 -6.30003 -6.30003 2 4 0
0.109357 -6.30806 -6.30806 2 4 0
0.115322 -6.31609 -6.31609 2 4 0
0.1213 -6.3241 -6.3241 2 4 0
0.127292 -6.33211 -6.33211 2 4 0
0.133296 -6.34011 -6.34011 2 4 0
0.139313 -6.34809 -6.34809 2 4 0
0.145345 -6.35607 -6.35607 2 4 0
0.15139 -6.36404 -6.36404 2 4 0
0.157449 -6.37199 -6.37199 2 4 0
0.163523 -6.37993 -6.37993 2 4 0
0.169612 -6.38787 -6.38787 2 4 0
0.175717 -6.39579 -6.39579 2 4 0
0.181837 -6.4037 -6.4037 2 4 0
0.187973 -6.41159 -6.41159 2 4 0
0.194127 -6.41948 -6.41948 2 4 0
0.200297 -6.42734 -6.42734 2 4 0
0.206485 -6.4352 -6.4352 2 4 0
0.212691 -6.44304 -6.44304 2 4 0
0.218916 -6.45087 -6.45087 2 4 0
0.22516 -6.45868 -6.45868 2 4 0
0.231424 -6.46647 -6.46647 2 4 0
0.237708 -6.47425 -6.47425 2 4 0
0.244013 -6.48201 -6.48201 2 4 0
0.250339 -6.48976 -6.48976 2 4 0
0.256687 -6.49749 -6.49749 2 4 0
0.263058 -6.50519 -6.50519 2 4 0
0.269451 -6.51288 -6.51288 2 4 0
0.275868 -6.52055 -6.52055 2 4 0
0.282309 -6.5282 -6.5282 2 4 0
0.288775 -6.53583 -6.53583 2 4 0
0.295265 -6.54344 -6.54344 2 4 0
0.301781 -6.55102 -6.55102 2 4 0
2.41642e-287 -5.20143 -5.20143 2 5 0
-0.01 -5.22438 -5.22438 2 5 0
-0.0140147 -5.23353 -5.23353 2 5 0
-0.0180418 -5.24269 -5.24269 2 5 0
-0.0220808 -5.25184 -5.25184 2 5 0
-0.0261311 -5.26098 -5.26098 2 5 0
-0.0301918 -5.27012 -5.27012 2 5 0
-0.0342623 -5.27925 -5.27925 2 5 0
-0.0383415 -5.28838 -5.28838 2 5 0
-0.0424283 -5.29751 -5.29751 2 5 0
-0.0465215 -5.30663 -5.30663 2 5 0
-0.0506198 -5.31575 -5.31575 2 5 0
-0.0547218 -5.32487 -5.32487 2 5 0
-0.0588258 -5.33399 -5.33399 2 5 0
-0.0629301 -5.34311 -5.34311 2 5 0
-0.0670328 -5.35223 -5.35223 2 5 0
-0.0711318 -5.36135 -5.36135 2 5 0
-0.075225 -5.37048 -5.37048 2 5 0
-0.0793099 -5.3796 -5.3796 2 5 0
-0.083384 -5.38874 -5.38874 2 5 0
-0.0874445 -5.39788 -5.39788 2 5 0
-0.0914885 -5.40702 -5.40702 2 5 0
-0.095513 -5.41618 -5.41618 2 5 0
-0.0995144 -5.42534 -5.42534 2 5 0
-0.103489 -5.43452 -5.43452 2 5 0
-0.107434 -5.44371 -5.44371 2 5 0
-0.111344 -5.45291 -5.45291 2 5 0
-0.115215 -5.46213 -5.46213 2 5 0
-0.119044 -5.47137 -5.47137 2 5 0
-0.122824 -5.48063 -5.48063 2 5 0
-0.126551 -5.48991 -5.48991 2 5 0
-0.13022 -5.49921 -5.49921 2 5 0
-0.133824 -5.50854 -5.50854 2 5 0
-0.137359 -5.51789 -5.51789 2 5 0
-0.140817 -5.52728 -5.52728 2 5 0
-0.144192 -5.53669 -5.53669 2 5 0
-0.147476 -5.54613 -5.54613 2 5 0
-0.150664 -5.55561 -5.55561 2 5 0
-0.153747 -5.56513 -5.56513 2 5 0
-0.156717 -5.57468 -5.57468 2 5 0
-0.159566 -5.58426 -5.58426 2 5 0
-0.162286 -5.59389 -5.59389 2 5 0
-0.164868 -5.60355 -5.60355 2 5 0
-0.167304 -5.61324 -5.61324 2 5 0
-0.169584 -5.62298 -5.62298 2 5 0
-0.171699 -5.63276 -5.63276 2 5 0
-0.173642 -5.64256 -5.64256 2 5 0
-0.175402 -5.65241 -5.65241 2 5 0
-0.176971 -5.66228 -5.66228 2 5 0
-0.17834 -5.67219 -5.67219 2 5 0
-0.179503 -5.68212 -5.68212 2 5 0
-0.180452 -5.69208 -5.69208 2 5 0
-0.181179 -5.70205 -5.70205 2 5 0
-0.18168 -5.71204 -5.71204 2 5 0
-0.181949 -5.72203 -5.72203 2 5 0
-0.181998 -5.72845 -5.72845 2 5 0
-0.181879 -5.73845 -5.73845 1 5 0
-0.181521 -5.74844 -5.74844 1 5 0
-0.180922 -5.75842 -5.75842 1 5 0
-0.180084 -5.76839 -5.76839 1 5 0
-0.179007 -5.77833 -5.77833 1 5 0
-0.177693 -5.78824 -5.78824 1 5 0
-0.176148 -5.79812 -5.79812 1 5 0
-0.174375 -5.80796 -5.80796 1 5 0
-0.17238 -5.81776 -5.81776 1 5 0
-0.170169 -5.82751 -5.82751 1 5 0
-0.167749 -5.83722 -5.83722 1 5 0
-0.165127 -5.84687 -5.84687 1 5 0
-0.162312 -5.85646 -5.85646 1 5 0
-0.159312 -5.866 -5.866 1 5 0
-0.156134 -5.87548 -5.87548 1 5 0
-0.152787 -5.88491 -5.88491 1 5 0
-0.149279 -5.89427 -5.89427 1 5 0
-0.145619 -5.90358 -5.90358 1 5 0
-0.141814 -5.91282 -5.91282 1 5 0
-0.137872 -5.92202 -5.92202 1 5 0
-0.133802 -5.93115 -5.93115 1 5 0
-0.12961 -5.94023 -5.94023 1 5 0
-0.125304 -5.94925 -5.94925 1 5 0
-0.12089 -5.95823 -5.95823 1 5 0
-0.116375 -5.96715 -5.96715 1 5 0
-0.111764 -5.97603 -5.97603 1 5 0
-0.107065 -5.98485 -5.98485 1 5 0
-0.102282 -5.99364 -5.99364 1 5 0
-0.0974204 -6.00237 -6.00237 1 5 0
-0.0924857 -6.01107 -6.01107 1 5 0
-0.0874822 -6.01973 -6.01973 1 5 0
-0.0824144 -6.02835 -6.02835 1 5 0
-0.0772865 -6.03694 -6.03694 1 5 0
-0.0721023 -6.04549 -6.04549 1 5 0
-0.0668655 -6.05401 -6.05401 1 5 0
-0.0615794 -6.0625 -6.0625 1 5 0
-0.0562473 -6.07096 -6.07096 1 5 0
-0.0508722 -6.07939 -6.07939 1 5 0
-0.0454568 -6.0878 -6.0878 1 5 0
-0.0400038 -6.09618 -6.09618 1 5 0
-0.0345156 -6.10454 -6.10454 1 5 0
-0.0289944 -6.11288 -6.11288 1 5 0
-0.0234424 -6.12119 -6.12119 1 5 0
-0.0178615 -6.12949 -6.12949 1 5 0
-0.0122535 -6.13777 -6.13777 1 5 0
-0.00662003 -6.14603 -6.14603 1 5 0
-0.000963126 -6.15428 -6.15428 1 5 0
-5.35981e-06 -6.15567 -6.15567 1 5 0
0.00567708 -6.1639 -6.1639 2 5 0
0.0113816 -6.17211 -6.17211 2 5 0
0.017106 -6.18031 -6.18031 2 5 0
0.0228491 -6.1885 -6.1885 2 5 0
0.02861 -6.19667 -6.19667 2 5 0
0.0343878 -6.20483 -6.20483 2 5 0
0.0401819 -6.21298 -6.21298 2 5 0
0.0459914 -6.22112 -6.22112 2 5 0
0.0518158 -6.22925 -6.22925 2 5 0
0.0576546 -6.23737 -6.23737 2 5 0
0.0635073 -6.24548 -6.24548 2 5 0
0.0693735 -6.25358 -6.25358 2 5 0
0.075253 -6.26166 -6.26166 2 5 0
0.0811455 -6.26974 -6.26974 2 5 0
0.0870508 -6.27781 -6.27781 2 5 0
0.0929687 -6.28588 -6.28588 2 5 0
0.0988993 -6.29393 -6.29393 2 5 0
0.104842 -6.30197 -6.30197 2 5 0
0.110798 -6.31 -6.31 2 5 0
0.116767 -6.31803 -6.31803 2 5 0
0.122748 -6.32604 -6.32604 2 5 0
0.128742 -6.33404 -6.33404 2 5 0
0.13475 -6.34204 -6.34204 2 5 0
0.140771 -6.35002 -6.35002 2 5 0
0.146805 -6.358 -6.358 2 5 0
0.152854 -6.36596 -6.36596 2 5 0
0.158917 -6.37391 -6.37391 2 5 0
0.164994 -6.38185 -6.38185 2 5 0
0.171087 -6.38978 -6.38978 2 5 0
0.177195 -6.3977 -6.3977 2 5 0
0.183319 -6.40561 -6.40561 2 5 0
0.18946 -6.4135 -6.4135 2 5 0
0.195617 -6.42138 -6.42138 2 5 0
0.201792 -6.42925 -6.42925 2 5 0
0.207984 -6.4371 -6.4371 2 5 0
0.214195 -6.44493 -6.44493 2 5 0
0.220424 -6.45276 -6.45276 2 5 0
0.226673 -6.46056 -6.46056 2 5 0
0.232942 -6.46836 -6.46836 2 5 0
0.239231 -6.47613 -6.47613 2 5 0
0.245541 -6.48389 -6.48389 2 5 0
0.251872 -6.49163 -6.49163 2 5 0
0.258226 -6.49935 -6.49935 2 5 0
0.264602 -6.50705 -6.50705 2 5 0
0.271001 -6.51474 -6.51474 2 5 0
0.277424 -6.5224 -6.5224 2 5 0
0.28387 -6.53005 -6.53005 2 5 0
0.290342 -6.53767 -6.53767 2 5 0
0.296838 -6.54528 -6.54528 2 5 0
0.30336 -6.55286 -6.55286 2 5 0
2.41642e-287 -5.20143 -5.20143 2 5 0
0.01 -5.17821 -5.17821 2 5 0
0.013934 -5.16901 -5.16901 1 5 0
0.0178543 -5.15981 -5.15981 1 5 0
0.0217611 -5.15061 -5.15061 1 5 0
0.0256548 -5.1414 -5.1414 1 5 0
0.0295355 -5.13218 -5.13218 1 5 0
0.0334037 -5.12296 -5.12296 1 5 0
0.0372597 -5.11373 -5.11373 1 5 0
0.041104 -5.1045 -5.1045 1 5 0
0.0449372 -5.09526 -5.09526 1 5 0
0.0487598 -5.08602 -5.08602 1 5 0
0.0525725 -5.07678 -5.07678 1 5 0
0.0563759 -5.06753 -5.06753 1 5 0
0.0601708 -5.05828 -5.05828 1 5 0
0.063958 -5.04902 -5.04902 1 5 0
0.0677381 -5.03977 -5.03977 1 5 0
0.0715122 -5.0305 -5.0305 1 5 0
0.075281 -5.02124 -5.02124 1 5 0
0.0790455 -5.01198 -5.01198 1 5 0
0.0828066 -5.00271 -5.00271 1 5 0
0.0865653 -4.99345 -4.99345 1 5 0
0.0903226 -4.98418 -4.98418 1 5 0
0.0940796 -4.97491 -4.97491 1 5 0
0.0978373 -4.96564 -4.96564 1 5 0
0.101597 -4.95638 -4.95638 1 5 0
0.105359 -4.94711 -4.94711 1 5 0
0.109125 -4.93785 -4.93785 1 5 0
0.112897 -4.92859 -4.92859 1 5 0
0.116674 -4.91933 -4.91933 1 5 0
0.12046 -4.91007 -4.91007 1 5 0
0.124253 -4.90082 -4.90082 1 5 0
0.128057 -4.89157 -4.89157 1 5 0
0.131872 -4.88233 -4.88233 1 5 0
0.135699 -4.87309 -4.87309 1 5 0
0.139539 -4.86386 -4.86386 1 5 0
0.143394 -4.85463 -4.85463 1 5 0
0.147266 -4.84541 -4.84541 1 5 0
0.151154 -4.83619 -4.83619 1 5 0
0.155061 -4.82699 -4.82699 1 5 0
0.158988 -4.81779 -4.81779 1 5 0
0.162935 -4.8086 -4.8086 1 5 0
0.166905 -4.79943 -4.79943 1 5 0
0.170899 -4.79026 -4.79026 1 5 0
0.174917 -4.7811 -4.7811 1 5 0
0.178962 -4.77196 -4.77196 1 5 0
0.183033 -4.76282 -4.76282 1 5 0
0.187134 -4.7537 -4.7537 1 5 0
0.191264 -4.74459 -4.74459 1 5 0
0.195425 -4.7355 -4.7355 1 5 0
0.199619 -4.72642 -4.72642 1 5 0
0.203846 -4.71736 -4.71736 1 5 0
0.208108 -4.70831 -4.70831 1 5 0
0.212405 -4.69928 -4.69928 1 5 0
0.21674 -4.69027 -4.69027 1 5 0
0.221114 -4.68128 -4.68128 1 5 0
0.225527 -4.67231 -4.67231 1 5 0
0.22998 -4.66335 -4.66335 1 5 0
0.234476 -4.65442 -4.65442 1 5 0
0.239014 -4.64551 -4.64551 1 5 0
0.243597 -4.63662 -4.63662 1 5 0
0.248224 -4.62775 -4.62775 1 5 0
0.252898 -4.61891 -4.61891 1 5 0
0.257618 -4.6101 -4.6101 1 5 0
0.262387 -4.60131 -4.60131 1 5 0
0.267206 -4.59255 -4.59255 1 5 0
0.272074 -4.58381 -4.58381 1 5 0
0.276993 -4.5751 -4.5751 1 5 0
0.281964 -4.56643 -4.56643 1 5 0
0.286988 -4.55778 -4.55778 1 5 0
0.292065 -4.54916 -4.54916 1 5 0
0.297197 -4.54058 -4.54058 1 5 0
0.302384 -4.53203 -4.53203 1 5 0
-3.43336e-06 -5.20142 -5.20142 2 6 0
6.18474e-08 -5.17622 -5.17622 1 6 0
1.04547e-12 -5.16622 -5.16622 1 6 0
-1.19314e-17 -5.15622 -5.15622 2 6 0
4.427e-18 -5.14622 -5.14622 1 6 0
-7.94093e-23 -5.13622 -5.13622 2 6 0
1.32349e-23 -5.12622 -5.12622 1 6 0
0 -5.11622 -5.11622 2 6 0
0 -5.10622 -5.10622 1 6 0
0 -5.09622 -5.09622 2 6 0
0 -5.08622 -5.08622 1 6 0
0 -5.07622 -5.07622 2 6 0
0 -5.06622 -5.06622 1 6 0
0 -5.05622 -5.05622 2 6 0
0 -5.04622 -5.04622 1 6 0
0 -5.03622 -5.03622 2 6 0
0 -5.02622 -5.02622 1 6 0
0 -5.01622 -5.01622 2 6 0
0 -5.00622 -5.00622 1 6 0
0 -4.99622 -4.99622 2 6 0
0 -4.98622 -4.98622 1 6 0
0 -4.97622 -4.97622 2 6 0
0 -4.96622 -4.96622 1 6 0
0 -4.95622 -4.95622 2 6 0
0 -4.94622 -4.94622 1 6 0
0 -4.93622 -4.93622 2 6 0
0 -4.92622 -4.92622 1 6 0
0 -4.91622 -4.91622 2 6 0
0 -4.90622 -4.90622 1 6 0
0 -4.89622 -4.89622 2 6 0
0 -4.88622 -4.88622 1 6 0
0 -4.87622 -4.87622 2 6 0
0 -4.86622 -4.86622 1 6 0
0 -4.85622 -4.85622 2 6 0
0 -4.84622 -4.84622 1 6 0
0 -4.83622 -4.83622 2 6 0
0 -4.82622 -4.82622 1 6 0
0 -4.81622 -4.81622 2 6 0
0 -4.80622 -4.80622 1 6 0
0 -4.79622 -4.79622 2 6 0
0 -4.78622 -4.78622 1 6 0
0 -4.77622 -4.77622 2 6 0
0 -4.76622 -4.76622 1 6 0
0 -4.75622 -4.75622 2 6 0
0 -4.74622 -4.74622 1 6 0
0 -4.73622 -4.73622 2 6 0
0 -4.72622 -4.72622 1 6 0
0 -4.71622 -4.71622 2 6 0
0 -4.70622 -4.70622 1 6 0
0 -4.69622 -4.69622 2 6 0
0 -4.68622 -4.68622 1 6 0
0 -4.67622 -4.67622 2 6 0
0 -4.66622 -4.66622 1 6 0
0 -4.65622 -4.65622 2 6 0
0 -4.64622 -4.64622 1 6 0
0 -4.63622 -4.63622 2 6 0
0 -4.62622 -4.62622 1 6 0
0 -4.61622 -4.61622 2 6 0
0 -4.60622 -4.60622 1 6 0
0 -4.59622 -4.59622 2 6 0
0 -4.58622 -4.58622 1 6 0
0 -4.57622 -4.57622 2 6 0
0 -4.56622 -4.56622 1 6 0
0 -4.55622 -4.55622 2 6 0
0 -4.54622 -4.54622 1 6 0
0 -4.53622 -4.53622 2 6 0
0 -4.52622 -4.52622 1 6 0
0 -4.51622 -4.51622 2 6 0
0 -4.50622 -4.50622 1 6 0
0 -4.49622 -4.49622 2 6 0
0 -4.48622 -4.48622 1 6 0
0 -4.47622 -4.47622 2 6 0
0 -4.46622 -4.46622 1 6 0
0 -4.45622 -4.45622 2 6 0
0 -4.44622 -4.44622 1 6 0
0 -4.43622 -4.43622 2 6 0
0 -4.42622 -4.42622 1 6 0
0 -4.41622 -4.41622 2 6 0
0 -4.40622 -4.40622 1 6 0
0 -4.39622 -4.39622 2 6 0
0 -4.38622 -4.38622 1 6 0
0 -4.37622 -4.37622 2 6 0
0 -4.36622 -4.36622 1 6 0
0 -4.35622 -4.35622 2 6 0
0 -4.34622 -4.34622 1 6 0
0 -4.33622 -4.33622 2 6 0
0 -4.32622 -4.32622 1 6 0
0 -4.31622 -4.31622 2 6 0
0 -4.30622 -4.30622 1 6 0
0 -4.29622 -4.29622 2 6 0
0 -4.28622 -4.28622 1 6 0
0 -4.27622 -4.27622 2 6 0
0 -4.26622 -4.26622 1 6 0
0 -4.25622 -4.25622 2 6 0
0 -4.24622 -4.24622 1 6 0
0 -4.23622 -4.23622 2 6 0
0 -4.22622 -4.22622 1 6 0
0 -4.21622 -4.21622 2 6 0
0 -4.20622 -4.20622 1 6 0
0 -4.19622 -4.19622 1 6 0
0 -4.18622 -4.18622 1 6 0
0 -4.17622 -4.17622 1 6 0
0 -4.16622 -4.16622 1 6 0
0 -4.15622 -4.15622 1 6 0
0 -4.14622 -4.14622 1 6 0
0 -4.13622 -4.13622 1 6 0
0 -4.12622 -4.12622 1 6 0
0 -4.11622 -4.11622 1 6 0
0 -4.10622 -4.10622 1 6 0
0 -4.09622 -4.09622 1 6 0
0 -4.08622 -4.08622 1 6 0
0 -4.07622 -4.07622 1 6 0
0 -4.06622 -4.06622 1 6 0
0 -4.05622 -4.05622 1 6 0
0 -4.04622 -4.04622 1 6 0
0 -4.03622 -4.03622 1 6 0
0 -4.02622 -4.02622 1 6 0
0 -4.01622 -4.01622 1 6 0
0 -4.00622 -4.00622 1 6 0
0 -3.99622 -3.99622 1 6 0
0 -3.98622 -3.98622 1 6 0
0 -3.97622 -3.97622 1 6 0
0 -3.96622 -3.96622 1 6 0
0 -3.95622 -3.95622 1 6 0
0 -3.94622 -3.94622 1 6 0
0 -3.93622 -3.93622 1 6 0
0 -3.92622 -3.92622 1 6 0
0 -3.91622 -3.91622 1 6 0
0 -3.90622 -3.90622 1 6 0
0 -3.89622 -3.89622 1 6 0
0 -3.88622 -3.88622 1 6 0
0 -3.87622 -3.87622 1 6 0
0 -3.86622 -3.86622 1 6 0
0 -3.85622 -3.85622 1 6 0
0 -3.84622 -3.84622 1 6 0
0 -3.83622 -3.83622 1 6 0
0 -3.82622 -3.82622 1 6 0
0 -3.81622 -3.81622 1 6 0
0 -3.80622 -3.80622 1 6 0
0 -3.79622 -3.79622 1 6 0
0 -3.78622 -3.78622 1 6 0
0 -3.77622 -3.77622 1 6 0
0 -3.76622 -3.76622 1 6 0
0 -3.75622 -3.75622 1 6 0
0 -3.74622 -3.74622 1 6 0
0 -3.73622 -3.73622 1 6 0
0 -3.72622 -3.72622 1 6 0
0 -3.71622 -3.71622 1 6 0
0 -3.70622 -3.70622 1 6 0
0 -3.69622 -3.69622 1 6 0
0 -3.68622 -3.68622 1 6 0
0 -3.67622 -3.67622 1 6 0
0 -3.66622 -3.66622 1 6 0
0 -3.65622 -3.65622 1 6 0
0 -3.64622 -3.64622 1 6 0
0 -3.63622 -3.63622 1 6 0
0 -3.62622 -3.62622 1 6 0
0 -3.61622 -3.61622 1 6 0
0 -3.60622 -3.60622 1 6 0
0 -3.59622 -3.59622 1 6 0
0 -3.58622 -3.58622 1 6 0
0 -3.57622 -3.57622 1 6 0
0 -3.56622 -3.56622 1 6 0
0 -3.55622 -3.55622 1 6 0
0 -3.54622 -3.54622 1 6 0
0 -3.53622 -3.53622 1 6 0
0 -3.52622 -3.52622 1 6 0
0 -3.51622 -3.51622 1 6 0
0 -3.50622 -3.50622 1 6 0
0 -3.49622 -3.49622 1 6 0
0 -3.48622 -3.48622 1 6 0
0 -3.47622 -3.47622 1 6 0
0 -3.46622 -3.46622 1 6 0
0 -3.45622 -3.45622 1 6 0
0 -3.44622 -3.44622 1 6 0
0 -3.43622 -3.43622 1 6 0
0 -3.42622 -3.42622 1 6 0
0 -3.41622 -3.41622 1 6 0
0 -3.40622 -3.40622 1 6 0
0 -3.39622 -3.39622 1 6 0
0 -3.38622 -3.38622 1 6 0
0 -3.37622 -3.37622 1 6 0
0 -3.36622 -3.36622 1 6 0
0 -3.35622 -3.35622 1 6 0
0 -3.34622 -3.34622 1 6 0
0 -3.33622 -3.33622 1 6 0
0 -3.32622 -3.32622 1 6 0
0 -3.31622 -3.31622 1 6 0
0 -3.30622 -3.30622 1 6 0
0 -3.29622 -3.29622 1 6 0
0 -3.28622 -3.28622 1 6 0
0 -3.27622 -3.27622 1 6 0
0 -3.26622 -3.26622 1 6 0
0 -3.25622 -3.25622 1 6 0
0 -3.24622 -3.24622 1 6 0
0 -3.23622 -3.23622 1 6 0
0 -3.22622 -3.22622 1 6 0
0 -3.21622 -3.21622 1 6 0
0 -3.20622 -3.20622 1 6 0
0 -3.19622 -3.19622 1 6 0
-3.43336e-06 -5.20142 -5.20142 2 6 0
4.85206e-08 -5.22659 -5.22659 1 6 0
8.0549e-13 -5.23659 -5.23659 1 6 0
6.60919e-18 -5.24659 -5.24659 1 6 0
0 -5.25369 -5.25369 2 6 0
-3.97047e-23 -5.26369 -5.26369 2 6 0
0 -5.27369 -5.27369 2 6 0
0 -5.28089 -5.28089 1 6 0
0 -5.29089 -5.29089 1 6 0
0 -5.30089 -5.30089 1 6 0
0 -5.30796 -5.30796 2 6 0
0 -5.31796 -5.31796 2 6 0
0 -5.32796 -5.32796 2 6 0
0 -5.33497 -5.33497 1 6 0
0 -5.34497 -5.34497 1 6 0
0 -5.35497 -5.35497 1 6 0
0 -5.36193 -5.36193 2 6 0
0 -5.37193 -5.37193 2 6 0
0 -5.38193 -5.38193 2 6 0
0 -5.38885 -5.38885 1 6 0
0 -5.39885 -5.39885 1 6 0
0 -5.40885 -5.40885 1 6 0
0 -5.41575 -5.41575 2 6 0
0 -5.42575 -5.42575 2 6 0
0 -5.43575 -5.43575 2 6 0
0 -5.44264 -5.44264 1 6 0
0 -5.45264 -5.45264 1 6 0
0 -5.46264 -5.46264 1 6 0
0 -5.46951 -5.46951 2 6 0
0 -5.47951 -5.47951 2 6 0
0 -5.48951 -5.48951 2 6 0
0 -5.49638 -5.49638 1 6 0
0 -5.50638 -5.50638 1 6 0
0 -5.51638 -5.51638 1 6 0
0 -5.52325 -5.52325 2 6 0
0 -5.53325 -5.53325 2 6 0
0 -5.54325 -5.54325 2 6 0
0 -5.55014 -5.55014 1 6 0
0 -5.56014 -5.56014 1 6 0
0 -5.57014 -5.57014 1 6 0
0 -5.57704 -5.57704 2 6 0
0 -5.58704 -5.58704 2 6 0
0 -5.59704 -5.59704 2 6 0
0 -5.60704 -5.60704 1 6 0
0 -5.61704 -5.61704 1 6 0
0 -5.62704 -5.62704 2 6 0
0 -5.63704 -5.63704 2 6 0
0 -5.64704 -5.64704 1 6 0
0 -5.65704 -5.65704 1 6 0
0 -5.66704 -5.66704 2 6 0
0 -5.67704 -5.67704 2 6 0
0 -5.68704 -5.68704 1 6 0
0 -5.69704 -5.69704 2 6 0
0 -5.70704 -5.70704 1 6 0
0 -5.71704 -5.71704 1 6 0
0 -5.72704 -5.72704 2 6 0
0 -5.73704 -5.73704 2 6 0
0 -5.74704 -5.74704 1 6 0
0 -5.75704 -5.75704 1 6 0
0 -5.76704 -5.76704 2 6 0
0 -5.77704 -5.77704 2 6 0
0 -5.78704 -5.78704 1 6 0
0 -5.79704 -5.79704 1 6 0
0 -5.80704 -5.80704 2 6 0
0 -5.81704 -5.81704 2 6 0
0 -5.82704 -5.82704 1 6 0
0 -5.83704 -5.83704 1 6 0
0 -5.84704 -5.84704 2 6 0
0 -5.85704 -5.85704 2 6 0
0 -5.86704 -5.86704 1 6 0
0 -5.87704 -5.87704 1 6 0
0 -5.88704 -5.88704 2 6 0
0 -5.89704 -5.89704 2 6 0
0 -5.90704 -5.90704 1 6 0
0 -5.91704 -5.91704 1 6 0
0 -5.92704 -5.92704 2 6 0
0 -5.93704 -5.93704 2 6 0
0 -5.94704 -5.94704 1 6 0
0 -5.95704 -5.95704 1 6 0
0 -5.96704 -5.96704 2 6 0
0 -5.97704 -5.97704 2 6 0
0 -5.98704 -5.98704 1 6 0
0 -5.99704 -5.99704 1 6 0
0 -6.00704 -6.00704 2 6 0
0 -6.01704 -6.01704 2 6 0
0 -6.02704 -6.02704 1 6 0
0 -6.03704 -6.03704 1 6 0
0 -6.04704 -6.04704 2 6 0
0 -6.05704 -6.05704 2 6 0
0 -6.06704 -6.06704 1 6 0
0 -6.07704 -6.07704 1 6 0
0 -6.08704 -6.08704 2 6 0
0 -6.09704 -6.09704 2 6 0
0 -6.10704 -6.10704 1 6 0
0 -6.11704 -6.11704 1 6 0
0 -6.12704 -6.12704 1 6 0
0 -6.13704 -6.13704 1 6 0
0 -6.14704 -6.14704 1 6 0
0 -6.15567 -6.15567 1 6 0
0 -6.16567 -6.16567 1 6 0
0 -6.17567 -6.17567 1 6 0
0 -6.18567 -6.18567 1 6 0
0 -6.19567 -6.19567 1 6 0
0 -6.20567 -6.20567 1 6 0
0 -6.21567 -6.21567 1 6 0
0 -6.22567 -6.22567 1 6 0
0 -6.23567 -6.23567 1 6 0
0 -6.24567 -6.24567 1 6 0
0 -6.25567 -6.25567 1 6 0
0 -6.26567 -6.26567 1 6 0
0 -6.27567 -6.27567 1 6 0
0 -6.28567 -6.28567 1 6 0
0 -6.29567 -6.29567 1 6 0
0 -6.30567 -6.30567 1 6 0
0 -6.31567 -6.31567 1 6 0
0 -6.32567 -6.32567 1 6 0
0 -6.33567 -6.33567 1 6 0
0 -6.34567 -6.34567 1 6 0
0 -6.35567 -6.35567 1 6 0
0 -6.36567 -6.36567 1 6 0
0 -6.37567 -6.37567 1 6 0
0 -6.38567 -6.38567 1 6 0
0 -6.39567 -6.39567 1 6 0
0 -6.40567 -6.40567 1 6 0
0 -6.41567 -6.41567 1 6 0
0 -6.42567 -6.42567 1 6 0
0 -6.43567 -6.43567 1 6 0
0 -6.44567 -6.44567 1 6 0
0 -6.45567 -6.45567 1 6 0
0 -6.46567 -6.46567 1 6 0
0 -6.47567 -6.47567 1 6 0
0 -6.48567 -6.48567 1 6 0
0 -6.49567 -6.49567 1 6 0
0 -6.50567 -6.50567 1 6 0
0 -6.51567 -6.51567 1 6 0
0 -6.52567 -6.52567 1 6 0
0 -6.53567 -6.53567 1 6 0
0 -6.54567 -6.54567 1 6 0
0 -6.55567 -6.55567 1 6 0
0 -6.56567 -6.56567 1 6 0
0 -6.57567 -6.57567 1 6 0
0 -6.58567 -6.58567 1 6 0
0 -6.59567 -6.59567 1 6 0
0 -6.60567 -6.60567 1 6 0
0 -6.61567 -6.61567 1 6 0
0 -6.62567 -6.62567 1 6 0
0 -6.63567 -6.63567 1 6 0
0 -6.64567 -6.64567 1 6 0
0 -6.65567 -6.65567 1 6 0
0 -6.66567 -6.66567 1 6 0
0 -6.67567 -6.67567 1 6 0
0 -6.68567 -6.68567 1 6 0
0 -6.69567 -6.69567 1 6 0
0 -6.70567 -6.70567 1 6 0
0 -6.71567 -6.71567 1 6 0
0 -6.72567 -6.72567 1 6 0
0 -6.73567 -6.73567 1 6 0
0 -6.74567 -6.74567 1 6 0
0 -6.75567 -6.75567 1 6 0
0 -6.76567 -6.76567 1 6 0
0 -6.77567 -6.77567 1 6 0
0 -6.78567 -6.78567 1 6 0
0 -6.79567 -6.79567 1 6 0
0 -6.80567 -6.80567 1 6 0
0 -6.81567 -6.81567 1 6 0
0 -6.82567 -6.82567 1 6 0
0 -6.83567 -6.83567 1 6 0
0 -6.84567 -6.84567 1 6 0
0 -6.85567 -6.85567 1 6 0
0 -6.86567 -6.86567 1 6 0
0 -6.87567 -6.87567 1 6 0
0 -6.88567 -6.88567 1 6 0
0 -6.89567 -6.89567 1 6 0
0 -6.90567 -6.90567 1 6 0
0 -6.91567 -6.91567 1 6 0
0 -6.92567 -6.92567 1 6 0
0 -6.93567 -6.93567 1 6 0
0 -6.94567 -6.94567 1 6 0
0 -6.95567 -6.95567 1 6 0
0 -6.96567 -6.96567 1 6 0
0 -6.97567 -6.97567 1 6 0
0 -6.98567 -6.98567 1 6 0
0 -6.99567 -6.99567 1 6 0
0 -7.00567 -7.00567 1 6 0
0 -7.01567 -7.01567 1 6 0
0 -7.02567 -7.02567 1 6 0
0 -7.03567 -7.03567 1 6 0
0 -7.04567 -7.04567 1 6 0
0 -7.05567 -7.05567 1 6 0
0 -7.06567 -7.06567 1 6 0
0 -7.07567 -7.07567 1 6 0
0 -7.08567 -7.08567 1 6 0
0 -7.09567 -7.09567 1 6 0
0 -7.10567 -7.10567 1 6 0
0 -7.11567 -7.11567 1 6 0
0 -7.12567 -7.12567 1 6 0
0 -7.13567 -7.13567 1 6 0
0 -7.14567 -7.14567 1 6 0
0 -7.15567 -7.15567 1 6 0
0 -7.16567 -7.16567 1 6 0
