-2.972110000000000030e-01 1.875519999999999965e-01
-2.907029999999999892e-01 1.799620000000000108e-01
-2.841179999999999817e-01 1.724390000000000089e-01
-2.774530000000000052e-01 1.649869999999999948e-01
-2.707060000000000022e-01 1.576100000000000001e-01
-2.638750000000000262e-01 1.503120000000000012e-01
-2.569580000000000197e-01 1.430960000000000010e-01
-2.499520000000000075e-01 1.359670000000000045e-01
-2.428549999999999875e-01 1.289289999999999881e-01
-2.356640000000000124e-01 1.219879999999999992e-01
-2.283789999999999987e-01 1.151480000000000004e-01
-2.209949999999999970e-01 1.084149999999999975e-01
-2.135120000000000073e-01 1.017959999999999976e-01
-2.059259999999999979e-01 9.529709999999999570e-02
-1.982359999999999955e-01 8.892440000000000067e-02
-1.904409999999999992e-01 8.268580000000000374e-02
-1.825370000000000048e-01 7.658909999999999330e-02
-1.745240000000000125e-01 7.064259999999999984e-02
-1.664009999999999934e-01 6.485520000000000174e-02
-1.581650000000000000e-01 5.923500000000000293e-02
-1.497189999999999910e-01 5.400019999999999820e-02
-1.412710000000000077e-01 4.876380000000000298e-02
-1.327170000000000016e-01 4.372899999999999704e-02
-1.240610000000000046e-01 3.890790000000000221e-02
-1.153089999999999948e-01 3.431309999999999916e-02
-1.064679999999999932e-01 2.995770000000000030e-02
-9.755099999999999882e-02 2.585559999999999942e-02
-8.857420000000000571e-02 2.202099999999999891e-02
-7.956080000000000096e-02 1.846839999999999940e-02
-7.054330000000000322e-02 1.521259999999999973e-02
-6.156609999999999860e-02 1.226750000000000063e-02
-5.269039999999999835e-02 9.646119999999999348e-03
-4.399659999999999682e-02 7.357980000000000076e-03
-3.558700000000000058e-02 5.407519999999999862e-03
-2.758149999999999838e-02 3.790509999999999973e-03
-2.010450000000000084e-02 2.490979999999999844e-03
-1.326689999999999987e-02 1.480140000000000015e-03
-7.044390000000000200e-03 7.079859999999999669e-04
-1.644870000000000099e-03 1.493880000000000002e-04
3.222720000000000098e-03 -2.655600000000000256e-04
7.344990000000000026e-03 -5.515430000000000419e-04
1.096779999999999977e-02 -7.541880000000000372e-04
1.414499999999999959e-02 -8.950559999999999766e-04
1.694179999999999992e-02 -9.911239999999999113e-04
1.941630000000000092e-02 -1.054819999999999933e-03
2.161839999999999942e-02 -1.095140000000000089e-03
2.358920000000000114e-02 -1.118580000000000095e-03
2.536309999999999953e-02 -1.129840000000000011e-03
2.696840000000000001e-02 -1.132339999999999909e-03
2.842839999999999950e-02 -1.128579999999999904e-03
2.985849999999999962e-02 -1.122439999999999940e-03
3.107170000000000071e-02 -1.110450000000000022e-03
3.219070000000000265e-02 -1.096619999999999973e-03
3.322680000000000078e-02 -1.081659999999999913e-03
3.418960000000000055e-02 -1.066099999999999947e-03
3.508719999999999895e-02 -1.050329999999999927e-03
3.592669999999999891e-02 -1.034650000000000023e-03
3.671409999999999951e-02 -1.019289999999999953e-03
3.745480000000000337e-02 -1.004420000000000009e-03
3.815339999999999704e-02 -9.901470000000000323e-04
3.881400000000000128e-02 -9.765659999999998925e-04
3.944020000000000165e-02 -9.637359999999999764e-04
4.003519999999999995e-02 -9.516989999999999695e-04
4.060180000000000039e-02 -9.404800000000000486e-04
4.114269999999999733e-02 -9.300960000000000477e-04
4.166000000000000258e-02 -9.205520000000000456e-04
4.215599999999999903e-02 -9.118470000000000264e-04
4.263240000000000085e-02 -9.039780000000000515e-04
4.309110000000000024e-02 -8.969359999999999790e-04
4.353359999999999869e-02 -8.907109999999999767e-04
4.396139999999999770e-02 -8.852919999999999800e-04
4.437579999999999997e-02 -8.806680000000000324e-04
4.477810000000000124e-02 -8.768279999999999607e-04
4.516950000000000132e-02 -8.737610000000000255e-04
4.555109999999999715e-02 -8.714600000000000081e-04
4.592399999999999954e-02 -8.699149999999999678e-04
4.628909999999999969e-02 -8.691239999999999816e-04
4.664739999999999859e-02 -8.690829999999999866e-04
4.699980000000000130e-02 -8.697919999999999827e-04
4.734730000000000188e-02 -8.712540000000000171e-04
4.769059999999999966e-02 -8.734769999999999991e-04
4.803070000000000256e-02 -8.764709999999999775e-04
4.836830000000000296e-02 -8.802509999999999718e-04
4.870429999999999898e-02 -8.848340000000000328e-04
4.903949999999999976e-02 -8.902460000000000278e-04
4.937470000000000053e-02 -8.965149999999999638e-04
4.971079999999999943e-02 -9.036759999999999585e-04
5.004850000000000271e-02 -9.117700000000000067e-04
5.038890000000000036e-02 -9.208439999999999811e-04
5.073260000000000269e-02 -9.309529999999999889e-04
5.108080000000000259e-02 -9.421619999999999691e-04
5.143430000000000224e-02 -9.545419999999999556e-04
5.179410000000000264e-02 -9.681769999999999699e-04
5.216119999999999785e-02 -9.831600000000000669e-04
5.253689999999999749e-02 -9.995979999999999796e-04
5.292220000000000257e-02 -1.017609999999999956e-03
5.331849999999999784e-02 -1.037340000000000094e-03
5.372709999999999986e-02 -1.058939999999999968e-03
5.414950000000000319e-02 -1.082580000000000087e-03
5.458729999999999832e-02 -1.108459999999999914e-03
5.504219999999999946e-02 -1.136829999999999915e-03
5.551629999999999759e-02 -1.167920000000000026e-03
5.601160000000000166e-02 -1.202039999999999923e-03
5.653060000000000029e-02 -1.239539999999999913e-03
5.707580000000000292e-02 -1.280799999999999907e-03
5.765019999999999867e-02 -1.326270000000000053e-03
5.825720000000000204e-02 -1.376499999999999902e-03
5.890059999999999740e-02 -1.432069999999999914e-03
5.958460000000000145e-02 -1.493720000000000030e-03
6.031430000000000125e-02 -1.562280000000000092e-03
6.109529999999999822e-02 -1.638759999999999956e-03
6.193420000000000175e-02 -1.724339999999999987e-03
6.283880000000000021e-02 -1.820460000000000090e-03
6.381749999999999923e-02 -1.928819999999999927e-03
6.499860000000000360e-02 -2.072759999999999880e-03
6.617950000000000221e-02 -2.216699999999999834e-03
6.747730000000000394e-02 -2.381889999999999789e-03
6.891120000000000578e-02 -2.572640000000000170e-03
7.050430000000000585e-02 -2.794469999999999853e-03
7.228519999999999390e-02 -3.054429999999999906e-03
7.428859999999999630e-02 -3.361610000000000119e-03
7.655739999999999768e-02 -3.727890000000000197e-03
7.914419999999999789e-02 -4.168859999999999927e-03
8.211179999999999868e-02 -4.704840000000000064e-03
8.553550000000000042e-02 -5.362480000000000198e-03
8.949920000000000098e-02 -6.175719999999999994e-03
9.408969999999999834e-02 -7.186340000000000262e-03
1.054459999999999981e-01 -1.000000000000000021e-02
1.196679999999999966e-01 -1.414299999999999932e-02
1.275759999999999950e-01 -1.674399999999999847e-02
1.358459999999999945e-01 -1.969020000000000145e-02
1.443570000000000131e-01 -2.296250000000000027e-02
1.530070000000000041e-01 -2.653859999999999900e-02
1.617240000000000066e-01 -3.039700000000000041e-02
1.704549999999999954e-01 -3.451769999999999838e-02
1.791639999999999899e-01 -3.888300000000000090e-02
1.878239999999999910e-01 -4.347680000000000294e-02
1.964190000000000103e-01 -4.828489999999999865e-02
2.049370000000000080e-01 -5.329439999999999872e-02
2.134520000000000028e-01 -5.830219999999999847e-02
2.218050000000000022e-01 -6.369510000000000449e-02
2.300580000000000125e-01 -6.925380000000000424e-02
2.382130000000000081e-01 -7.497139999999999360e-02
2.462699999999999889e-01 -8.083919999999999995e-02
2.542289999999999828e-01 -8.684930000000000427e-02
2.620890000000000164e-01 -9.299430000000000196e-02
2.698530000000000095e-01 -9.926699999999999413e-02
2.775219999999999909e-01 -1.056610000000000049e-01
2.850960000000000161e-01 -1.121700000000000058e-01
2.925769999999999760e-01 -1.187880000000000047e-01
2.999680000000000124e-01 -1.255110000000000114e-01
3.072699999999999876e-01 -1.323320000000000052e-01
