-2.935349999999999904e-01 -1.692869999999999930e-01
-2.866679999999999784e-01 -1.620199999999999974e-01
-2.797209999999999974e-01 -1.548289999999999944e-01
-2.726919999999999900e-01 -1.477189999999999892e-01
-2.655790000000000095e-01 -1.406930000000000125e-01
-2.583810000000000273e-01 -1.337550000000000128e-01
-2.510959999999999859e-01 -1.269099999999999950e-01
-2.437209999999999932e-01 -1.201620000000000049e-01
-2.362549999999999928e-01 -1.135160000000000058e-01
-2.286960000000000104e-01 -1.069770000000000026e-01
-2.210419999999999885e-01 -1.005510000000000015e-01
-2.132910000000000084e-01 -9.424449999999999494e-02
-2.054420000000000135e-01 -8.806279999999999664e-02
-1.974930000000000019e-01 -8.201300000000000257e-02
-1.894419999999999993e-01 -7.610210000000000585e-02
-1.812900000000000067e-01 -7.033760000000000012e-02
-1.730339999999999934e-01 -6.472740000000000438e-02
-1.646759999999999891e-01 -5.927980000000000055e-02
-1.562139999999999918e-01 -5.400370000000000170e-02
-1.476490000000000025e-01 -4.890819999999999890e-02
-1.389839999999999964e-01 -4.400330000000000213e-02
-1.302169999999999994e-01 -3.929710000000000147e-02
-1.212909999999999960e-01 -3.504260000000000014e-02
-1.123610000000000025e-01 -3.078639999999999849e-02
-1.033570000000000044e-01 -2.676490000000000119e-02
-9.429060000000000219e-02 -2.299000000000000002e-02
-8.518059999999999521e-02 -1.947420000000000054e-02
-7.605299999999999561e-02 -1.623020000000000018e-02
-6.694450000000000400e-02 -1.327079999999999926e-02
-5.790649999999999964e-02 -1.060849999999999987e-02
-4.901060000000000139e-02 -8.254420000000000160e-03
-4.035280000000000117e-02 -6.216799999999999757e-03
-3.205360000000000154e-02 -4.497899999999999988e-03
-2.425259999999999916e-02 -3.090900000000000158e-03
-1.708569999999999880e-02 -1.976030000000000147e-03
-1.064400000000000068e-02 -1.118800000000000090e-03
-4.905040000000000268e-03 -4.702290000000000137e-04
1.639099999999999943e-04 1.441179999999999981e-05
4.333110000000000260e-03 3.515219999999999998e-04
7.990429999999999755e-03 6.016209999999999917e-04
1.117540000000000026e-02 7.855310000000000114e-04
1.395680000000000011e-02 9.209020000000000270e-04
1.640130000000000060e-02 1.020939999999999912e-03
1.856500000000000164e-02 1.095169999999999911e-03
2.049420000000000061e-02 1.150409999999999931e-03
2.222669999999999854e-02 1.191610000000000065e-03
2.379329999999999987e-02 1.222329999999999988e-03
2.521910000000000124e-02 1.245210000000000067e-03
2.661379999999999996e-02 1.265529999999999954e-03
2.780439999999999995e-02 1.277230000000000075e-03
2.890780000000000086e-02 1.285780000000000039e-03
2.993550000000000030e-02 1.291959999999999983e-03
3.089729999999999907e-02 1.296389999999999912e-03
3.180129999999999763e-02 1.299529999999999913e-03
3.265450000000000297e-02 1.301749999999999956e-03
3.346299999999999969e-02 1.303359999999999935e-03
3.423199999999999854e-02 1.304580000000000062e-03
3.496609999999999996e-02 1.305600000000000076e-03
3.566910000000000219e-02 1.306590000000000052e-03
3.634459999999999774e-02 1.307650000000000045e-03
3.699550000000000061e-02 1.308899999999999994e-03
3.762460000000000110e-02 1.310439999999999956e-03
3.823429999999999884e-02 1.312330000000000007e-03
3.882680000000000159e-02 1.314650000000000107e-03
3.940400000000000152e-02 1.317449999999999958e-03
3.996759999999999896e-02 1.320800000000000012e-03
4.051919999999999827e-02 1.324730000000000091e-03
4.106019999999999809e-02 1.329309999999999997e-03
4.159199999999999703e-02 1.334569999999999984e-03
4.211580000000000185e-02 1.340569999999999913e-03
4.263270000000000254e-02 1.347340000000000039e-03
4.314370000000000011e-02 1.354930000000000067e-03
4.364969999999999961e-02 1.363389999999999914e-03
4.415179999999999799e-02 1.372759999999999996e-03
4.465079999999999744e-02 1.383099999999999954e-03
4.514739999999999726e-02 1.394449999999999986e-03
4.564250000000000251e-02 1.406860000000000012e-03
4.613679999999999864e-02 1.420400000000000048e-03
4.663110000000000172e-02 1.435120000000000015e-03
4.712600000000000122e-02 1.451079999999999991e-03
4.762229999999999935e-02 1.468349999999999994e-03
4.812070000000000236e-02 1.487000000000000040e-03
4.862179999999999974e-02 1.507120000000000031e-03
4.912649999999999656e-02 1.528770000000000042e-03
4.963530000000000025e-02 1.552049999999999914e-03
5.014910000000000201e-02 1.577059999999999920e-03
5.066860000000000114e-02 1.603889999999999960e-03
5.119449999999999695e-02 1.632669999999999911e-03
5.172770000000000146e-02 1.663509999999999989e-03
5.226920000000000177e-02 1.696550000000000011e-03
5.281969999999999721e-02 1.731939999999999955e-03
5.338020000000000265e-02 1.769830000000000014e-03
5.395189999999999708e-02 1.810420000000000085e-03
5.453580000000000233e-02 1.853889999999999965e-03
5.513320000000000026e-02 1.900470000000000024e-03
5.574550000000000338e-02 1.950410000000000078e-03
5.637400000000000050e-02 2.003969999999999883e-03
5.702030000000000293e-02 2.061480000000000083e-03
5.768639999999999879e-02 2.123270000000000018e-03
5.837400000000000228e-02 2.189749999999999856e-03
5.908549999999999913e-02 2.261360000000000019e-03
5.982319999999999999e-02 2.338610000000000081e-03
6.058990000000000209e-02 2.422080000000000066e-03
6.138880000000000031e-02 2.512460000000000214e-03
6.222330000000000222e-02 2.610509999999999914e-03
6.309739999999999793e-02 2.717150000000000207e-03
6.401569999999999483e-02 2.833410000000000182e-03
6.498349999999999960e-02 2.960550000000000161e-03
6.600670000000000148e-02 3.100020000000000206e-03
6.709249999999999936e-02 3.253550000000000018e-03
6.824860000000000648e-02 3.423190000000000000e-03
6.959310000000000496e-02 3.637870000000000079e-03
7.093739999999999768e-02 3.852550000000000158e-03
7.238970000000000127e-02 4.093659999999999834e-03
7.396650000000000447e-02 4.366059999999999733e-03
7.568759999999999377e-02 4.675720000000000397e-03
7.757699999999999319e-02 5.030240000000000058e-03
7.966339999999999533e-02 5.439099999999999664e-03
8.198160000000000169e-02 5.914420000000000094e-03
8.457359999999999878e-02 6.471629999999999917e-03
8.748899999999999733e-02 7.130420000000000161e-03
9.078640000000000321e-02 7.915909999999999960e-03
9.879630000000000356e-02 1.000000000000000021e-02
1.091820000000000013e-01 1.306509999999999963e-02
1.153389999999999971e-01 1.507410000000000000e-02
1.221129999999999993e-01 1.744849999999999873e-02
1.294230000000000103e-01 2.020279999999999992e-02
1.371570000000000011e-01 2.333280000000000076e-02
1.451969999999999927e-01 2.682179999999999981e-02
1.534369999999999901e-01 3.064559999999999854e-02
1.617919999999999914e-01 3.477859999999999979e-02
1.701950000000000129e-01 3.919550000000000117e-02
1.785990000000000077e-01 4.387350000000000277e-02
1.869699999999999973e-01 4.879200000000000204e-02
1.952849999999999864e-01 5.393309999999999771e-02
2.035270000000000135e-01 5.928060000000000274e-02
2.116850000000000120e-01 6.482040000000000024e-02
2.198410000000000086e-01 7.035829999999999862e-02
2.278239999999999987e-01 7.626149999999999596e-02
2.357039999999999969e-01 8.231850000000000278e-02
2.434820000000000040e-01 8.852229999999999821e-02
2.511599999999999944e-01 9.486410000000000675e-02
2.587369999999999948e-01 1.013359999999999955e-01
2.662160000000000082e-01 1.079309999999999992e-01
2.735960000000000059e-01 1.146410000000000068e-01
2.808820000000000205e-01 1.214609999999999995e-01
2.880730000000000235e-01 1.283839999999999981e-01
2.951719999999999899e-01 1.354049999999999976e-01
3.021809999999999774e-01 1.425190000000000068e-01
