2.995680000000000009e-01 -5.129469999999999863e-02
2.977719999999999811e-01 -5.152330000000000104e-02
2.959760000000000169e-01 -5.175459999999999783e-02
2.941779999999999951e-01 -5.198860000000000287e-02
2.923810000000000020e-01 -5.222539999999999821e-02
2.905829999999999802e-01 -5.246499999999999775e-02
2.887839999999999852e-01 -5.270749999999999741e-02
2.869860000000000189e-01 -5.295289999999999719e-02
2.851859999999999951e-01 -5.320129999999999998e-02
2.833870000000000000e-01 -5.345280000000000170e-02
2.815869999999999762e-01 -5.370729999999999948e-02
2.797859999999999792e-01 -5.396490000000000314e-02
2.779849999999999821e-01 -5.422579999999999761e-02
2.761839999999999851e-01 -5.448990000000000083e-02
2.743820000000000148e-01 -5.475739999999999774e-02
2.725799999999999890e-01 -5.502819999999999934e-02
2.707780000000000187e-01 -5.530260000000000037e-02
2.689750000000000196e-01 -5.558040000000000203e-02
2.671720000000000206e-01 -5.586180000000000312e-02
2.653690000000000215e-01 -5.614689999999999959e-02
2.635649999999999937e-01 -5.643569999999999837e-02
2.617610000000000214e-01 -5.672830000000000233e-02
2.599569999999999936e-01 -5.702480000000000049e-02
2.581530000000000213e-01 -5.732530000000000264e-02
2.563480000000000203e-01 -5.762980000000000186e-02
2.545430000000000192e-01 -5.793840000000000101e-02
2.527380000000000182e-01 -5.825120000000000298e-02
2.509330000000000171e-01 -5.856829999999999675e-02
2.491279999999999883e-01 -5.888970000000000315e-02
2.473219999999999863e-01 -5.921570000000000306e-02
2.455170000000000130e-01 -5.954620000000000052e-02
2.437110000000000110e-01 -5.988129999999999842e-02
2.419060000000000099e-01 -6.022120000000000251e-02
2.401000000000000079e-01 -6.056589999999999890e-02
2.382940000000000058e-01 -6.091560000000000030e-02
2.364890000000000048e-01 -6.127029999999999976e-02
2.346830000000000027e-01 -6.163020000000000304e-02
2.328780000000000017e-01 -6.199539999999999912e-02
2.310719999999999996e-01 -6.236590000000000189e-02
2.292669999999999986e-01 -6.274190000000000322e-02
2.274619999999999975e-01 -6.312360000000000193e-02
2.256569999999999965e-01 -6.351099999999999801e-02
2.238529999999999964e-01 -6.390429999999999722e-02
2.220489999999999964e-01 -6.430349999999999955e-02
2.202449999999999963e-01 -6.470889999999999975e-02
2.184419999999999973e-01 -6.512060000000000071e-02
2.166389999999999982e-01 -6.553860000000000241e-02
2.148359999999999992e-01 -6.596319999999999961e-02
2.130350000000000021e-01 -6.639449999999999519e-02
2.112330000000000041e-01 -6.683269999999999489e-02
2.094330000000000080e-01 -6.727779999999999871e-02
2.076330000000000120e-01 -6.773010000000000141e-02
2.058339999999999892e-01 -6.818970000000000586e-02
2.040359999999999951e-01 -6.865690000000000681e-02
2.022390000000000021e-01 -6.913160000000000138e-02
2.004430000000000101e-01 -6.961420000000000108e-02
1.986469999999999902e-01 -7.010489999999999777e-02
1.968530000000000002e-01 -7.060370000000000534e-02
1.950610000000000122e-01 -7.111090000000000466e-02
1.932689999999999964e-01 -7.162670000000000148e-02
1.914800000000000113e-01 -7.215130000000000154e-02
1.896909999999999985e-01 -7.268489999999999673e-02
1.879039999999999877e-01 -7.322770000000000667e-02
1.861190000000000067e-01 -7.377999999999999836e-02
1.843359999999999999e-01 -7.434179999999999955e-02
1.825549999999999951e-01 -7.491349999999999398e-02
1.807749999999999913e-01 -7.549530000000000129e-02
1.789979999999999905e-01 -7.608739999999999948e-02
1.772239999999999926e-01 -7.669009999999999716e-02
1.754509999999999958e-01 -7.730360000000000009e-02
1.736820000000000030e-01 -7.792820000000000302e-02
1.719150000000000122e-01 -7.856409999999999783e-02
1.701509999999999967e-01 -7.921150000000000413e-02
1.683900000000000119e-01 -7.987080000000000568e-02
1.666320000000000023e-01 -8.054219999999999435e-02
1.648779999999999968e-01 -8.122600000000000653e-02
1.631269999999999942e-01 -8.192249999999999532e-02
1.613799999999999957e-01 -8.263180000000000525e-02
1.596380000000000021e-01 -8.335449999999999804e-02
1.578990000000000116e-01 -8.409060000000000146e-02
1.561649999999999983e-01 -8.484049999999999925e-02
1.544359999999999900e-01 -8.560460000000000291e-02
1.527110000000000134e-01 -8.638300000000000145e-02
1.509919999999999873e-01 -8.717619999999999536e-02
1.492779999999999940e-01 -8.798430000000000140e-02
1.475700000000000067e-01 -8.880780000000000618e-02
1.458669999999999967e-01 -8.964679999999999871e-02
1.441709999999999936e-01 -9.050170000000000436e-02
1.424819999999999975e-01 -9.137290000000000689e-02
1.408000000000000085e-01 -9.226049999999999529e-02
1.391239999999999977e-01 -9.316489999999999494e-02
1.374569999999999959e-01 -9.408629999999999771e-02
1.357970000000000010e-01 -9.502510000000000123e-02
1.341449999999999865e-01 -9.598149999999999737e-02
1.325030000000000097e-01 -9.695579999999999476e-02
1.308729999999999893e-01 -9.795180000000000553e-02
1.292389999999999928e-01 -9.898170000000000579e-02
1.276519999999999877e-01 -1.000000000000000056e-01
1.260199999999999931e-01 -1.010599999999999971e-01
1.244309999999999999e-01 -1.021109999999999934e-01
1.228469999999999979e-01 -1.031920000000000059e-01
1.212749999999999939e-01 -1.042980000000000018e-01
1.197160000000000030e-01 -1.054230000000000028e-01
1.181679999999999953e-01 -1.065679999999999961e-01
1.166330000000000006e-01 -1.077329999999999954e-01
1.151110000000000050e-01 -1.089180000000000009e-01
1.136029999999999957e-01 -1.101229999999999987e-01
1.121079999999999993e-01 -1.113470000000000015e-01
1.106280000000000041e-01 -1.125919999999999976e-01
1.091629999999999961e-01 -1.138569999999999999e-01
1.077130000000000032e-01 -1.151409999999999934e-01
1.062779999999999975e-01 -1.164459999999999940e-01
1.048589999999999939e-01 -1.177699999999999997e-01
1.034560000000000063e-01 -1.191139999999999977e-01
1.020699999999999941e-01 -1.204780000000000018e-01
1.006999999999999978e-01 -1.218609999999999971e-01
9.934809999999999475e-02 -1.232629999999999976e-01
9.801350000000000340e-02 -1.246840000000000032e-01
9.669650000000000467e-02 -1.261240000000000139e-01
9.539749999999999619e-02 -1.275820000000000010e-01
9.411659999999999471e-02 -1.290580000000000060e-01
9.285409999999999497e-02 -1.305520000000000014e-01
9.161020000000000274e-02 -1.320639999999999870e-01
9.038490000000000413e-02 -1.335919999999999885e-01
8.917840000000000489e-02 -1.351380000000000081e-01
8.799079999999999402e-02 -1.366999999999999882e-01
8.682209999999999928e-02 -1.382780000000000120e-01
8.567230000000000678e-02 -1.398709999999999953e-01
8.454159999999999453e-02 -1.414789999999999937e-01
8.342969999999999553e-02 -1.431030000000000080e-01
8.233680000000000165e-02 -1.447400000000000075e-01
8.126269999999999327e-02 -1.463919999999999944e-01
8.020729999999999527e-02 -1.480569999999999942e-01
7.917059999999999376e-02 -1.497350000000000070e-01
7.815239999999999687e-02 -1.514260000000000050e-01
7.715260000000000173e-02 -1.531279999999999863e-01
7.617089999999999972e-02 -1.548430000000000084e-01
7.520730000000000470e-02 -1.565690000000000137e-01
7.426140000000000518e-02 -1.583060000000000023e-01
7.333320000000000116e-02 -1.600530000000000008e-01
7.242239999999999789e-02 -1.618100000000000094e-01
7.152859999999999774e-02 -1.635780000000000012e-01
7.065190000000000359e-02 -1.653540000000000010e-01
6.979169999999999818e-02 -1.671400000000000108e-01
6.894790000000000640e-02 -1.689340000000000008e-01
6.812020000000000575e-02 -1.707359999999999989e-01
6.730830000000000146e-02 -1.725470000000000059e-01
6.651200000000000168e-02 -1.743649999999999922e-01
6.573099999999999776e-02 -1.761900000000000133e-01
6.496490000000000598e-02 -1.780229999999999868e-01
6.421359999999999568e-02 -1.798619999999999941e-01
6.347659999999999414e-02 -1.817070000000000074e-01
6.275379999999999847e-02 -1.835589999999999999e-01
6.204490000000000005e-02 -1.854159999999999975e-01
6.134950000000000125e-02 -1.872800000000000020e-01
6.066740000000000327e-02 -1.891480000000000106e-01
5.999820000000000153e-02 -1.910219999999999974e-01
5.934180000000000010e-02 -1.929009999999999891e-01
5.869780000000000136e-02 -1.947840000000000127e-01
5.806599999999999956e-02 -1.966720000000000135e-01
5.744609999999999994e-02 -1.985639999999999905e-01
5.683780000000000082e-02 -2.004610000000000003e-01
5.624090000000000339e-02 -2.023610000000000131e-01
5.565509999999999902e-02 -2.042650000000000021e-01
5.508009999999999989e-02 -2.061729999999999952e-01
5.451580000000000314e-02 -2.080839999999999912e-01
5.396179999999999727e-02 -2.099989999999999912e-01
5.341800000000000020e-02 -2.119169999999999943e-01
5.288400000000000045e-02 -2.138369999999999993e-01
5.235979999999999801e-02 -2.157610000000000083e-01
5.184500000000000219e-02 -2.176879999999999926e-01
5.133940000000000031e-02 -2.196170000000000067e-01
5.084280000000000049e-02 -2.215489999999999959e-01
5.035509999999999986e-02 -2.234829999999999872e-01
4.987590000000000079e-02 -2.254200000000000093e-01
4.940520000000000328e-02 -2.273580000000000045e-01
4.894260000000000277e-02 -2.292990000000000028e-01
4.848809999999999926e-02 -2.312420000000000031e-01
4.804139999999999799e-02 -2.331870000000000054e-01
4.760240000000000304e-02 -2.351340000000000097e-01
4.717079999999999884e-02 -2.370829999999999882e-01
4.674659999999999926e-02 -2.390339999999999965e-01
4.632950000000000262e-02 -2.409860000000000058e-01
4.591939999999999911e-02 -2.429399999999999893e-01
4.551609999999999684e-02 -2.448950000000000016e-01
4.511939999999999701e-02 -2.468519999999999881e-01
4.472929999999999962e-02 -2.488100000000000034e-01
4.434559999999999891e-02 -2.507699999999999929e-01
4.396800000000000014e-02 -2.527309999999999834e-01
4.359659999999999924e-02 -2.546930000000000027e-01
4.323110000000000147e-02 -2.566570000000000240e-01
4.287139999999999701e-02 -2.586209999999999898e-01
4.251739999999999686e-02 -2.605870000000000131e-01
4.216899999999999815e-02 -2.625540000000000096e-01
4.182600000000000207e-02 -2.645219999999999794e-01
4.148829999999999879e-02 -2.664900000000000047e-01
4.115590000000000220e-02 -2.684599999999999764e-01
4.082849999999999674e-02 -2.704309999999999770e-01
4.050619999999999915e-02 -2.724030000000000062e-01
4.018870000000000081e-02 -2.743749999999999800e-01
3.987589999999999885e-02 -2.763490000000000113e-01
3.956790000000000307e-02 -2.783229999999999871e-01
3.926439999999999791e-02 -2.802979999999999916e-01
3.896539999999999726e-02 -2.822729999999999961e-01
3.867079999999999823e-02 -2.842500000000000027e-01
3.838040000000000201e-02 -2.862270000000000092e-01
3.809429999999999761e-02 -2.882040000000000157e-01
3.781230000000000008e-02 -2.901830000000000243e-01
3.753429999999999961e-02 -2.921619999999999773e-01
3.726030000000000314e-02 -2.941409999999999858e-01
3.699009999999999798e-02 -2.961219999999999963e-01
3.672380000000000089e-02 -2.981019999999999781e-01
3.646110000000000323e-02 -3.000840000000000174e-01
3.620210000000000095e-02 -3.020649999999999724e-01
3.594669999999999810e-02 -3.040479999999999849e-01
3.569470000000000282e-02 -3.060300000000000242e-01
3.544619999999999715e-02 -3.080140000000000100e-01
3.520100000000000312e-02 -3.099970000000000225e-01
3.495920000000000277e-02 -3.119819999999999816e-01
3.472050000000000136e-02 -3.139660000000000228e-01
3.448509999999999770e-02 -3.159509999999999819e-01
3.425269999999999704e-02 -3.179359999999999964e-01
3.402340000000000225e-02 -3.199219999999999842e-01
3.379709999999999659e-02 -3.219080000000000275e-01
3.357369999999999799e-02 -3.238949999999999885e-01
3.335319999999999951e-02 -3.258820000000000050e-01
3.313549999999999829e-02 -3.278690000000000215e-01
3.292060000000000125e-02 -3.298559999999999826e-01
3.270839999999999859e-02 -3.318439999999999723e-01
3.249889999999999723e-02 -3.338320000000000176e-01
3.229200000000000126e-02 -3.358209999999999806e-01
3.208769999999999678e-02 -3.378090000000000259e-01
3.188599999999999768e-02 -3.397979999999999889e-01
3.168669999999999820e-02 -3.417879999999999807e-01
3.148979999999999835e-02 -3.437769999999999992e-01
3.129529999999999812e-02 -3.457669999999999910e-01
3.110320000000000099e-02 -3.477569999999999828e-01
3.091340000000000060e-02 -3.497469999999999746e-01
3.072590000000000043e-02 -3.517379999999999951e-01
3.054060000000000108e-02 -3.537279999999999869e-01
3.035739999999999966e-02 -3.557190000000000074e-01
3.017649999999999846e-02 -3.577099999999999724e-01
2.999759999999999927e-02 -3.597020000000000217e-01
2.982090000000000088e-02 -3.616929999999999867e-01
2.964610000000000162e-02 -3.636849999999999805e-01
2.947340000000000029e-02 -3.656769999999999743e-01
2.930270000000000097e-02 -3.676690000000000236e-01
2.913390000000000077e-02 -3.696619999999999906e-01
2.896699999999999969e-02 -3.716539999999999844e-01
2.880200000000000121e-02 -3.736470000000000069e-01
2.863889999999999839e-02 -3.756399999999999739e-01
2.847749999999999934e-02 -3.776320000000000232e-01
2.831799999999999942e-02 -3.796260000000000190e-01
2.816019999999999981e-02 -3.816189999999999860e-01
2.800419999999999993e-02 -3.836120000000000085e-01
2.784980000000000094e-02 -3.856060000000000043e-01
2.769709999999999880e-02 -3.876000000000000001e-01
2.754610000000000045e-02 -3.895930000000000226e-01
2.739669999999999953e-02 -3.915870000000000184e-01
2.724889999999999951e-02 -3.935819999999999874e-01
2.710260000000000100e-02 -3.955759999999999832e-01
2.695789999999999992e-02 -3.975699999999999790e-01
2.681470000000000034e-02 -3.995650000000000035e-01
2.667310000000000167e-02 -4.015589999999999993e-01
2.653290000000000162e-02 -4.035540000000000238e-01
2.639410000000000020e-02 -4.055489999999999928e-01
2.625680000000000028e-02 -4.075440000000000174e-01
2.612089999999999898e-02 -4.095389999999999864e-01
2.598639999999999978e-02 -4.115340000000000109e-01
2.585319999999999979e-02 -4.135289999999999799e-01
2.572139999999999843e-02 -4.155240000000000045e-01
2.559089999999999976e-02 -4.175200000000000022e-01
2.546179999999999971e-02 -4.195150000000000268e-01
2.533389999999999947e-02 -4.215110000000000245e-01
2.520729999999999846e-02 -4.235070000000000223e-01
2.508190000000000072e-02 -4.255019999999999913e-01
2.495779999999999874e-02 -4.274979999999999891e-01
2.483490000000000003e-02 -4.294939999999999869e-01
2.471310000000000173e-02 -4.314899999999999847e-01
2.459259999999999918e-02 -4.334859999999999824e-01
2.447320000000000051e-02 -4.354819999999999802e-01
2.435500000000000165e-02 -4.374790000000000068e-01
2.423780000000000032e-02 -4.394750000000000045e-01
2.412190000000000167e-02 -4.414710000000000023e-01
2.400700000000000056e-02 -4.434679999999999733e-01
2.389310000000000045e-02 -4.454640000000000266e-01
2.378040000000000015e-02 -4.474609999999999976e-01
2.366870000000000085e-02 -4.494580000000000242e-01
2.355799999999999908e-02 -4.514540000000000219e-01
2.344840000000000119e-02 -4.534509999999999930e-01
2.333980000000000082e-02 -4.554480000000000195e-01
2.323209999999999859e-02 -4.574449999999999905e-01
2.312550000000000022e-02 -4.594420000000000170e-01
2.301979999999999998e-02 -4.614389999999999881e-01
2.291510000000000075e-02 -4.634360000000000146e-01
2.281129999999999963e-02 -4.654329999999999856e-01
2.270849999999999952e-02 -4.674300000000000122e-01
