0.0311712 -0.034 -0.034 2 3 1
0.0325779 -0.0325793 -0.0325793 2 3 1
0.0340318 -0.0312058 -0.0312058 2 3 1
0.0355618 -0.0299132 -0.0299132 2 3 1
0.0371614 -0.0287036 -0.0287036 2 3 1
0.0388088 -0.0275622 -0.0275622 2 3 1
0.0404999 -0.0264875 -0.0264875 2 3 1
0.0422296 -0.0254773 -0.0254773 2 3 1
0.0439935 -0.0245288 -0.0245288 2 3 1
0.045787 -0.0236392 -0.0236392 2 3 1
0.0476064 -0.0228049 -0.0228049 2 3 1
0.0494483 -0.0220225 -0.0220225 2 3 1
0.0513095 -0.0212886 -0.0212886 2 3 1
0.0531875 -0.0205997 -0.0205997 2 3 1
0.05508 -0.0199526 -0.0199526 2 3 1
0.0569849 -0.0193442 -0.0193442 2 3 1
0.0589007 -0.0187717 -0.0187717 2 3 1
0.0608258 -0.0182323 -0.0182323 2 3 1
0.0627592 -0.0177235 -0.0177235 2 3 1
0.0646995 -0.0172431 -0.0172431 2 3 1
0.0666461 -0.0167889 -0.0167889 2 3 1
0.0685981 -0.016359 -0.016359 2 3 1
0.0705548 -0.0159516 -0.0159516 2 3 1
0.0725156 -0.0155651 -0.0155651 2 3 1
0.0744801 -0.015198 -0.015198 2 3 1
0.0764479 -0.0148489 -0.0148489 2 3 1
0.0784184 -0.0145167 -0.0145167 2 3 1
0.0803916 -0.0142001 -0.0142001 2 3 1
0.0823669 -0.0138981 -0.0138981 2 3 1
0.0843443 -0.0136097 -0.0136097 2 3 1
0.0863235 -0.0133341 -0.0133341 2 3 1
0.0883042 -0.0130705 -0.0130705 2 3 1
0.0902864 -0.012818 -0.012818 2 3 1
0.0922699 -0.0125761 -0.0125761 2 3 1
0.0942545 -0.012344 -0.012344 2 3 1
0.0962402 -0.0121213 -0.0121213 2 3 1
0.0982269 -0.0119073 -0.0119073 2 3 1
0.100214 -0.0117015 -0.0117015 2 3 1
0.102203 -0.0115035 -0.0115035 2 3 1
0.104192 -0.0113129 -0.0113129 2 3 1
0.106181 -0.0111292 -0.0111292 2 3 1
0.108171 -0.0109521 -0.0109521 2 3 1
0.110162 -0.0107812 -0.0107812 2 3 1
0.112153 -0.0106163 -0.0106163 2 3 1
0.114145 -0.0104569 -0.0104569 2 3 1
0.116137 -0.0103029 -0.0103029 2 3 1
0.118129 -0.0101539 -0.0101539 2 3 1
0.120122 -0.0100097 -0.0100097 2 3 1
0.122115 -0.00987016 -0.00987016 2 3 1
0.124109 -0.00973494 -0.00973494 2 3 1
0.126102 -0.0096039 -0.0096039 2 3 1
0.128096 -0.00947682 -0.00947682 2 3 1
0.13009 -0.00935354 -0.00935354 2 3 1
0.132085 -0.00923388 -0.00923388 2 3 1
0.134079 -0.00911769 -0.00911769 2 3 1
0.136074 -0.00900481 -0.00900481 2 3 1
0.138069 -0.00889511 -0.00889511 2 3 1
0.140064 -0.00878845 -0.00878845 2 3 1
0.142059 -0.00868471 -0.00868471 2 3 1
0.144055 -0.00858376 -0.00858376 2 3 1
0.14605 -0.00848549 -0.00848549 2 3 1
0.148046 -0.0083898 -0.0083898 2 3 1
0.150041 -0.00829658 -0.00829658 2 3 1
0.152037 -0.00820575 -0.00820575 2 3 1
0.154033 -0.0081172 -0.0081172 2 3 1
0.156029 -0.00803085 -0.00803085 2 3 1
0.158025 -0.00794662 -0.00794662 2 3 1
0.160021 -0.00786443 -0.00786443 2 3 1
0.162017 -0.0077842 -0.0077842 2 3 1
0.164014 -0.00770587 -0.00770587 2 3 1
0.16601 -0.00762937 -0.00762937 2 3 1
0.168006 -0.00755464 -0.00755464 2 3 1
0.170003 -0.0074816 -0.0074816 2 3 1
0.171999 -0.00741021 -0.00741021 2 3 1
0.173996 -0.00734041 -0.00734041 2 3 1
0.175993 -0.00727214 -0.00727214 2 3 1
0.177989 -0.00720536 -0.00720536 2 3 1
0.179986 -0.00714001 -0.00714001 2 3 1
0.181983 -0.00707605 -0.00707605 2 3 1
0.183979 -0.00701344 -0.00701344 2 3 1
0.185976 -0.00695212 -0.00695212 2 3 1
0.187973 -0.00689207 -0.00689207 2 3 1
0.18997 -0.00683324 -0.00683324 2 3 1
0.191967 -0.00677559 -0.00677559 2 3 1
0.193964 -0.00671909 -0.00671909 2 3 1
0.195961 -0.0066637 -0.0066637 2 3 1
0.197957 -0.00660939 -0.00660939 2 3 1
0.199954 -0.00655613 -0.00655613 2 3 1
0.201951 -0.00650389 -0.00650389 2 3 1
0.203948 -0.00645263 -0.00645263 2 3 1
0.205945 -0.00640234 -0.00640234 2 3 1
0.207943 -0.00635298 -0.00635298 2 3 1
0.20994 -0.00630452 -0.00630452 2 3 1
0.211937 -0.00625694 -0.00625694 2 3 1
0.213934 -0.00621023 -0.00621023 2 3 1
0.215931 -0.00616434 -0.00616434 2 3 1
0.217928 -0.00611927 -0.00611927 2 3 1
0.219925 -0.00607498 -0.00607498 2 3 1
0.221922 -0.00603146 -0.00603146 2 3 1
0.223919 -0.00598869 -0.00598869 2 3 1
0.225916 -0.00594665 -0.00594665 2 3 1
0.227914 -0.00590532 -0.00590532 2 3 1
0.229911 -0.00586468 -0.00586468 2 3 1
0.231908 -0.00582471 -0.00582471 2 3 1
0.233905 -0.0057854 -0.0057854 2 3 1
0.235902 -0.00574673 -0.00574673 2 3 1
0.237899 -0.00570868 -0.00570868 2 3 1
0.239897 -0.00567125 -0.00567125 2 3 1
0.241894 -0.00563441 -0.00563441 2 3 1
0.243891 -0.00559814 -0.00559814 2 3 1
0.245888 -0.00556245 -0.00556245 2 3 1
0.247885 -0.0055273 -0.0055273 2 3 1
0.249882 -0.0054927 -0.0054927 2 3 1
0.25188 -0.00545862 -0.00545862 2 3 1
0.253877 -0.00542506 -0.00542506 2 3 1
0.255874 -0.005392 -0.005392 2 3 1
0.257871 -0.00535943 -0.00535943 2 3 1
0.259868 -0.00532735 -0.00532735 2 3 1
0.261866 -0.00529573 -0.00529573 2 3 1
0.263863 -0.00526457 -0.00526457 2 3 1
0.26586 -0.00523386 -0.00523386 2 3 1
0.267857 -0.00520359 -0.00520359 2 3 1
0.269854 -0.00517375 -0.00517375 2 3 1
0.271851 -0.00514433 -0.00514433 2 3 1
0.273849 -0.00511532 -0.00511532 2 3 1
0.275846 -0.00508671 -0.00508671 2 3 1
0.277843 -0.0050585 -0.0050585 2 3 1
0.27984 -0.00503067 -0.00503067 2 3 1
0.281837 -0.00500323 -0.00500323 2 3 1
0.283834 -0.00497615 -0.00497615 2 3 1
0.285832 -0.00494943 -0.00494943 2 3 1
0.287829 -0.00492307 -0.00492307 2 3 1
0.289826 -0.00489705 -0.00489705 2 3 1
0.291823 -0.00487138 -0.00487138 2 3 1
0.29382 -0.00484604 -0.00484604 2 3 1
0.295817 -0.00482103 -0.00482103 2 3 1
0.297815 -0.00479634 -0.00479634 2 3 1
0.299812 -0.00477196 -0.00477196 2 3 1
0.301809 -0.00474789 -0.00474789 2 3 1
0.0311712 -0.034 -0.034 2 3 1
0.0297965 -0.0354516 -0.0354516 2 3 1
0.0284701 -0.0369489 -0.0369489 2 3 1
0.027226 -0.038519 -0.038519 2 3 1
0.0260655 -0.0401549 -0.0401549 2 3 1
0.0249725 -0.0418353 -0.0418353 2 3 1
0.0239449 -0.043556 -0.043556 2 3 1
0.0229802 -0.0453123 -0.0453123 2 3 1
0.0220754 -0.0470997 -0.0470997 2 3 1
0.0212272 -0.0489141 -0.0489141 2 3 1
0.0204321 -0.0507521 -0.0507521 2 3 1
0.0196867 -0.0526103 -0.0526103 2 3 1
0.0189875 -0.0544861 -0.0544861 2 3 1
0.0183313 -0.056377 -0.056377 2 3 1
0.0177148 -0.058281 -0.058281 2 3 1
0.0171351 -0.0601963 -0.0601963 2 3 1
0.0165895 -0.0621214 -0.0621214 2 3 1
0.0160753 -0.064055 -0.064055 2 3 1
0.0155902 -0.065996 -0.065996 2 3 1
0.015132 -0.0679433 -0.0679433 2 3 1
0.0146988 -0.0698963 -0.0698963 2 3 1
0.0142886 -0.0718542 -0.0718542 2 3 1
0.0138999 -0.0738164 -0.0738164 2 3 1
0.013531 -0.0757824 -0.0757824 2 3 1
0.0131806 -0.0777517 -0.0777517 2 3 1
0.0128473 -0.079724 -0.079724 2 3 1
0.0125301 -0.0816988 -0.0816988 2 3 1
0.0122278 -0.083676 -0.083676 2 3 1
0.0119394 -0.0856552 -0.0856552 2 3 1
0.0116641 -0.0876363 -0.0876363 2 3 1
0.0114009 -0.089619 -0.089619 2 3 1
0.0111491 -0.0916032 -0.0916032 2 3 1
0.0109081 -0.0935887 -0.0935887 2 3 1
0.0106771 -0.0955754 -0.0955754 2 3 1
0.0104556 -0.0975631 -0.0975631 2 3 1
0.0102429 -0.0995518 -0.0995518 2 3 1
0.0100386 -0.101541 -0.101541 2 3 1
0.00984228 -0.103532 -0.103532 2 3 1
0.00965337 -0.105523 -0.105523 2 3 1
0.00947152 -0.107515 -0.107515 2 3 1
0.00929633 -0.109507 -0.109507 2 3 1
0.00912745 -0.1115 -0.1115 2 3 1
0.00896456 -0.113493 -0.113493 2 3 1
0.00880733 -0.115487 -0.115487 2 3 1
0.00865549 -0.117481 -0.117481 2 3 1
0.00850877 -0.119476 -0.119476 2 3 1
0.0083669 -0.121471 -0.121471 2 3 1
0.00822967 -0.123466 -0.123466 2 3 1
0.00809684 -0.125462 -0.125462 2 3 1
0.00796821 -0.127458 -0.127458 2 3 1
0.00784358 -0.129454 -0.129454 2 3 1
0.00772278 -0.13145 -0.13145 2 3 1
0.00760562 -0.133447 -0.133447 2 3 1
0.00749195 -0.135443 -0.135443 2 3 1
0.00738162 -0.13744 -0.13744 2 3 1
0.00727448 -0.139438 -0.139438 2 3 1
0.0071704 -0.141435 -0.141435 2 3 1
0.00706924 -0.143432 -0.143432 2 3 1
0.00697089 -0.14543 -0.14543 2 3 1
0.00687523 -0.147428 -0.147428 2 3 1
0.00678215 -0.149425 -0.149425 2 3 1
0.00669155 -0.151423 -0.151423 2 3 1
0.00660333 -0.153421 -0.153421 2 3 1
0.00651741 -0.15542 -0.15542 2 3 1
0.00643369 -0.157418 -0.157418 2 3 1
0.00635208 -0.159416 -0.159416 2 3 1
0.00627252 -0.161415 -0.161415 2 3 1
0.00619492 -0.163413 -0.163413 2 3 1
0.00611922 -0.165412 -0.165412 2 3 1
0.00604533 -0.16741 -0.16741 2 3 1
0.00597321 -0.169409 -0.169409 2 3 1
0.00590279 -0.171408 -0.171408 2 3 1
0.005834 -0.173407 -0.173407 2 3 1
0.0057668 -0.175405 -0.175405 2 3 1
0.00570113 -0.177404 -0.177404 2 3 1
0.00563693 -0.179403 -0.179403 2 3 1
0.00557416 -0.181402 -0.181402 2 3 1
0.00551277 -0.183401 -0.183401 2 3 1
0.00545271 -0.1854 -0.1854 2 3 1
0.00539395 -0.1874 -0.1874 2 3 1
0.00533644 -0.189399 -0.189399 2 3 1
0.00528015 -0.191398 -0.191398 2 3 1
0.00522502 -0.193397 -0.193397 2 3 1
0.00517104 -0.195396 -0.195396 2 3 1
0.00511816 -0.197396 -0.197396 2 3 1
0.00506634 -0.199395 -0.199395 2 3 1
0.00501557 -0.201394 -0.201394 2 3 1
0.0049658 -0.203394 -0.203394 2 3 1
0.00491701 -0.205393 -0.205393 2 3 1
0.00486916 -0.207393 -0.207393 2 3 1
0.00482224 -0.209392 -0.209392 2 3 1
0.00477622 -0.211392 -0.211392 2 3 1
0.00473106 -0.213391 -0.213391 2 3 1
0.00468675 -0.215391 -0.215391 2 3 1
0.00464326 -0.21739 -0.21739 2 3 1
0.00460057 -0.21939 -0.21939 2 3 1
0.00455865 -0.221389 -0.221389 2 3 1
0.0045175 -0.223389 -0.223389 2 3 1
0.00447707 -0.225388 -0.225388 2 3 1
0.00443737 -0.227388 -0.227388 2 3 1
0.00439836 -0.229388 -0.229388 2 3 1
0.00436004 -0.231387 -0.231387 2 3 1
0.00432237 -0.233387 -0.233387 2 3 1
0.00428535 -0.235387 -0.235387 2 3 1
0.00424896 -0.237386 -0.237386 2 3 1
0.00421318 -0.239386 -0.239386 2 3 1
0.00417799 -0.241386 -0.241386 2 3 1
0.00414339 -0.243385 -0.243385 2 3 1
0.00410936 -0.245385 -0.245385 2 3 1
0.00407588 -0.247385 -0.247385 2 3 1
0.00404295 -0.249384 -0.249384 2 3 1
0.00401054 -0.251384 -0.251384 2 3 1
0.00397864 -0.253384 -0.253384 2 3 1
0.00394725 -0.255384 -0.255384 2 3 1
0.00391635 -0.257383 -0.257383 2 3 1
0.00388593 -0.259383 -0.259383 2 3 1
0.00385598 -0.261383 -0.261383 2 3 1
0.00382649 -0.263383 -0.263383 2 3 1
0.00379744 -0.265383 -0.265383 2 3 1
0.00376883 -0.267382 -0.267382 2 3 1
0.00374065 -0.269382 -0.269382 2 3 1
0.00371289 -0.271382 -0.271382 2 3 1
0.00368554 -0.273382 -0.273382 2 3 1
0.00365858 -0.275382 -0.275382 2 3 1
0.00363202 -0.277381 -0.277381 2 3 1
0.00360584 -0.279381 -0.279381 2 3 1
0.00358004 -0.281381 -0.281381 2 3 1
0.0035546 -0.283381 -0.283381 2 3 1
0.00352952 -0.285381 -0.285381 2 3 1
0.00350479 -0.287381 -0.287381 2 3 1
0.00348041 -0.28938 -0.28938 2 3 1
0.00345636 -0.29138 -0.29138 2 3 1
0.00343264 -0.29338 -0.29338 2 3 1
0.00340925 -0.29538 -0.29538 2 3 1
0.00338617 -0.29738 -0.29738 2 3 1
0.0033634 -0.29938 -0.29938 2 3 1
0.00334094 -0.30138 -0.30138 2 3 1
0.00331877 -0.30338 -0.30338 2 3 1
0.0032969 -0.305379 -0.305379 2 3 1
0.00327531 -0.307379 -0.307379 2 3 1
0.00325401 -0.309379 -0.309379 2 3 1
0.00323298 -0.311379 -0.311379 2 3 1
0.00321221 -0.313379 -0.313379 2 3 1
0.00319172 -0.315379 -0.315379 2 3 1
0.00317148 -0.317379 -0.317379 2 3 1
0.0031515 -0.319379 -0.319379 2 3 1
0.00313177 -0.321379 -0.321379 2 3 1
0.00311229 -0.323378 -0.323378 2 3 1
0.00309304 -0.325378 -0.325378 2 3 1
0.00307403 -0.327378 -0.327378 2 3 1
0.00305526 -0.329378 -0.329378 2 3 1
0.00303671 -0.331378 -0.331378 2 3 1
0.00301838 -0.333378 -0.333378 2 3 1
0.00300028 -0.335378 -0.335378 2 3 1
0.00298239 -0.337378 -0.337378 2 3 1
0.00296472 -0.339378 -0.339378 2 3 1
0.00294725 -0.341378 -0.341378 2 3 1
0.00292998 -0.343378 -0.343378 2 3 1
0.00291292 -0.345378 -0.345378 2 3 1
0.00289606 -0.347377 -0.347377 2 3 1
0.00287938 -0.349377 -0.349377 2 3 1
0.0028629 -0.351377 -0.351377 2 3 1
0.00284661 -0.353377 -0.353377 2 3 1
0.0028305 -0.355377 -0.355377 2 3 1
0.00281458 -0.357377 -0.357377 2 3 1
0.00279883 -0.359377 -0.359377 2 3 1
0.00278325 -0.361377 -0.361377 2 3 1
0.00276785 -0.363377 -0.363377 2 3 1
0.00275262 -0.365377 -0.365377 2 3 1
0.00273756 -0.367377 -0.367377 2 3 1
0.00272265 -0.369377 -0.369377 2 3 1
0.00270791 -0.371377 -0.371377 2 3 1
0.00269333 -0.373377 -0.373377 2 3 1
0.00267891 -0.375377 -0.375377 2 3 1
0.00266464 -0.377377 -0.377377 2 3 1
0.00265052 -0.379377 -0.379377 2 3 1
0.00263655 -0.381377 -0.381377 2 3 1
0.00262272 -0.383376 -0.383376 2 3 1
0.00260904 -0.385376 -0.385376 2 3 1
0.0025955 -0.387376 -0.387376 2 3 1
0.0025821 -0.389376 -0.389376 2 3 1
0.00256884 -0.391376 -0.391376 2 3 1
0.00255572 -0.393376 -0.393376 2 3 1
0.00254273 -0.395376 -0.395376 2 3 1
0.00252986 -0.397376 -0.397376 2 3 1
0.00251713 -0.399376 -0.399376 2 3 1
0.00250453 -0.401376 -0.401376 2 3 1
0.00249205 -0.403376 -0.403376 2 3 1
0.0024797 -0.405376 -0.405376 2 3 1
0.00246746 -0.407376 -0.407376 2 3 1
0.00245535 -0.409376 -0.409376 2 3 1
0.00244336 -0.411376 -0.411376 2 3 1
0.00243148 -0.413376 -0.413376 2 3 1
0.00241972 -0.415376 -0.415376 2 3 1
0.00240807 -0.417376 -0.417376 2 3 1
0.00239653 -0.419376 -0.419376 2 3 1
0.0023851 -0.421376 -0.421376 2 3 1
0.00237378 -0.423376 -0.423376 2 3 1
0.00236257 -0.425376 -0.425376 2 3 1
0.00235146 -0.427376 -0.427376 2 3 1
