2.981730000000000214e-01 -5.324219999999999509e-01
2.932859999999999912e-01 -5.236969999999999681e-01
2.883999999999999897e-01 -5.149719999999999853e-01
2.835139999999999882e-01 -5.062470000000000026e-01
2.786279999999999868e-01 -4.975220000000000198e-01
2.737410000000000121e-01 -4.887980000000000103e-01
2.688550000000000106e-01 -4.800730000000000275e-01
2.639690000000000092e-01 -4.713479999999999892e-01
2.590830000000000077e-01 -4.626230000000000064e-01
2.541959999999999775e-01 -4.538980000000000237e-01
2.493100000000000038e-01 -4.451729999999999854e-01
2.444240000000000024e-01 -4.364480000000000026e-01
2.395380000000000009e-01 -4.277230000000000198e-01
2.346519999999999995e-01 -4.189979999999999816e-01
2.297649999999999970e-01 -4.102729999999999988e-01
2.248789999999999956e-01 -4.015480000000000160e-01
2.199929999999999941e-01 -3.928229999999999777e-01
2.151069999999999927e-01 -3.840979999999999950e-01
2.102199999999999902e-01 -3.753730000000000122e-01
2.053339999999999888e-01 -3.666479999999999739e-01
2.004479999999999873e-01 -3.579229999999999912e-01
1.955620000000000136e-01 -3.491980000000000084e-01
1.906750000000000111e-01 -3.404730000000000256e-01
1.857890000000000097e-01 -3.317479999999999873e-01
1.809030000000000082e-01 -3.230239999999999778e-01
1.760170000000000068e-01 -3.142989999999999950e-01
1.711300000000000043e-01 -3.055740000000000123e-01
1.662440000000000029e-01 -2.968489999999999740e-01
1.613580000000000014e-01 -2.881239999999999912e-01
1.564720000000000000e-01 -2.793990000000000085e-01
1.515859999999999985e-01 -2.706740000000000257e-01
1.466989999999999961e-01 -2.619489999999999874e-01
1.418129999999999946e-01 -2.532240000000000046e-01
1.369269999999999932e-01 -2.444989999999999941e-01
1.320409999999999917e-01 -2.357740000000000113e-01
1.271539999999999893e-01 -2.270490000000000008e-01
1.222680000000000017e-01 -2.183239999999999903e-01
1.173820000000000002e-01 -2.095990000000000075e-01
1.124959999999999988e-01 -2.008739999999999970e-01
1.076089999999999963e-01 -1.921489999999999865e-01
1.027229999999999949e-01 -1.834240000000000037e-01
9.783690000000000442e-02 -1.746989999999999932e-01
9.295069999999999721e-02 -1.659740000000000104e-01
8.806450000000000389e-02 -1.572489999999999999e-01
8.317819999999999381e-02 -1.485249999999999904e-01
7.829200000000000048e-02 -1.398000000000000076e-01
7.340579999999999328e-02 -1.310749999999999971e-01
6.851949999999999708e-02 -1.223500000000000004e-01
6.363330000000000375e-02 -1.136250000000000038e-01
5.874709999999999654e-02 -1.048999999999999932e-01
5.386080000000000034e-02 -9.617489999999999373e-02
4.897460000000000008e-02 -8.744989999999999708e-02
2.942960000000000020e-02 -5.255010000000000236e-02
2.454339999999999994e-02 -4.382509999999999878e-02
1.965719999999999967e-02 -3.510019999999999807e-02
1.477090000000000000e-02 -2.637530000000000083e-02
9.884699999999999737e-03 -1.765030000000000071e-02
4.998469999999999649e-03 -8.925350000000000297e-03
1.122329999999999942e-04 -2.004060000000000054e-04
-4.773999999999999598e-03 8.524540000000000589e-03
-9.660240000000000493e-03 1.724950000000000094e-02
-1.454650000000000040e-02 2.597440000000000165e-02
-1.943270000000000067e-02 3.469939999999999830e-02
-2.431890000000000093e-02 4.342429999999999901e-02
-2.920520000000000060e-02 5.214930000000000260e-02
-3.409140000000000087e-02 6.087420000000000331e-02
-3.897760000000000113e-02 6.959919999999999995e-02
-4.386389999999999734e-02 7.832409999999999373e-02
-4.875009999999999760e-02 8.704910000000000425e-02
-5.363640000000000074e-02 9.577399999999999802e-02
-5.852260000000000101e-02 1.044989999999999947e-01
-6.340880000000000127e-02 1.132240000000000052e-01
-6.829509999999999748e-02 1.219490000000000018e-01
-7.318130000000000468e-02 1.306740000000000124e-01
-7.806749999999999801e-02 1.393989999999999951e-01
-8.295379999999999421e-02 1.481240000000000057e-01
-8.784000000000000141e-02 1.568489999999999884e-01
-9.272619999999999474e-02 1.655739999999999990e-01
-9.761250000000000482e-02 1.742990000000000095e-01
-1.024990000000000068e-01 1.830239999999999922e-01
-1.073849999999999943e-01 1.917480000000000018e-01
-1.122709999999999958e-01 2.004730000000000123e-01
-1.171569999999999973e-01 2.091979999999999951e-01
-1.220439999999999997e-01 2.179230000000000056e-01
-1.269299999999999873e-01 2.266479999999999884e-01
-1.318159999999999887e-01 2.353729999999999989e-01
-1.367019999999999902e-01 2.440980000000000094e-01
-1.415889999999999926e-01 2.528230000000000199e-01
-1.464749999999999941e-01 2.615480000000000027e-01
-1.513609999999999955e-01 2.702729999999999855e-01
-1.562469999999999970e-01 2.789980000000000238e-01
-1.611339999999999995e-01 2.877230000000000065e-01
-1.660200000000000009e-01 2.964479999999999893e-01
-1.709060000000000024e-01 3.051730000000000276e-01
-1.757920000000000038e-01 3.138980000000000103e-01
-1.806780000000000053e-01 3.226229999999999931e-01
-1.855650000000000077e-01 3.313479999999999759e-01
-1.904510000000000092e-01 3.400730000000000142e-01
-1.953370000000000106e-01 3.487979999999999969e-01
-2.002230000000000121e-01 3.575220000000000065e-01
-2.051099999999999868e-01 3.662469999999999892e-01
-2.099959999999999882e-01 3.749720000000000275e-01
-2.148819999999999897e-01 3.836970000000000103e-01
-2.197679999999999911e-01 3.924219999999999930e-01
-2.246549999999999936e-01 4.011469999999999758e-01
-2.295409999999999950e-01 4.098720000000000141e-01
-2.344269999999999965e-01 4.185969999999999969e-01
-2.393129999999999979e-01 4.273219999999999796e-01
-2.442000000000000004e-01 4.360470000000000179e-01
-2.490860000000000019e-01 4.447720000000000007e-01
-2.539719999999999756e-01 4.534969999999999835e-01
-2.588579999999999770e-01 4.622220000000000217e-01
-2.637439999999999785e-01 4.709470000000000045e-01
-2.686310000000000087e-01 4.796719999999999873e-01
-2.735170000000000101e-01 4.883970000000000256e-01
-2.784030000000000116e-01 4.971220000000000083e-01
-2.832890000000000130e-01 5.058470000000000466e-01
-2.881759999999999877e-01 5.145720000000000294e-01
-2.930619999999999892e-01 5.232970000000000121e-01
-2.979479999999999906e-01 5.320209999999999662e-01
-3.028339999999999921e-01 5.407459999999999489e-01
