2.992219999999999880e-01 -3.942110000000000405e-03
2.972230000000000150e-01 -3.958269999999999844e-03
2.952239999999999864e-01 -3.974619999999999889e-03
2.932250000000000134e-01 -3.991169999999999614e-03
2.912259999999999849e-01 -4.007919999999999885e-03
2.892270000000000119e-01 -4.024869999999999837e-03
2.872279999999999833e-01 -4.042030000000000275e-03
2.852290000000000103e-01 -4.059410000000000275e-03
2.832299999999999818e-01 -4.076999999999999895e-03
2.812310000000000088e-01 -4.094809999999999943e-03
2.792319999999999802e-01 -4.112850000000000360e-03
2.772319999999999784e-01 -4.131110000000000337e-03
2.752330000000000054e-01 -4.149609999999999757e-03
2.732339999999999769e-01 -4.168350000000000354e-03
2.712350000000000039e-01 -4.187340000000000333e-03
2.692359999999999753e-01 -4.206569999999999754e-03
2.672370000000000023e-01 -4.226060000000000233e-03
2.652379999999999738e-01 -4.245810000000000035e-03
2.632390000000000008e-01 -4.265820000000000028e-03
2.612400000000000277e-01 -4.286110000000000093e-03
2.592409999999999992e-01 -4.306670000000000290e-03
2.572420000000000262e-01 -4.327519999999999631e-03
2.552429999999999977e-01 -4.348649999999999911e-03
2.532440000000000246e-01 -4.370080000000000145e-03
2.512449999999999961e-01 -4.391810000000000332e-03
2.492459999999999953e-01 -4.413850000000000412e-03
2.472469999999999946e-01 -4.436210000000000327e-03
2.452479999999999938e-01 -4.458890000000000076e-03
2.432489999999999930e-01 -4.481910000000000407e-03
2.412499999999999922e-01 -4.505259999999999647e-03
2.392519999999999925e-01 -4.528950000000000337e-03
2.372529999999999917e-01 -4.553009999999999696e-03
2.352539999999999909e-01 -4.577419999999999579e-03
2.332549999999999901e-01 -4.602209999999999808e-03
2.312559999999999893e-01 -4.627380000000000382e-03
2.292569999999999886e-01 -4.652940000000000374e-03
2.272579999999999878e-01 -4.678899999999999726e-03
2.252589999999999870e-01 -4.705270000000000112e-03
2.232599999999999862e-01 -4.732059999999999739e-03
2.212610000000000132e-01 -4.759280000000000281e-03
2.192630000000000134e-01 -4.786949999999999886e-03
2.172640000000000127e-01 -4.815060000000000347e-03
2.152650000000000119e-01 -4.843649999999999692e-03
2.132660000000000111e-01 -4.872709999999999715e-03
2.112670000000000103e-01 -4.902260000000000298e-03
2.092680000000000096e-01 -4.932319999999999587e-03
2.072700000000000098e-01 -4.962900000000000124e-03
2.052710000000000090e-01 -4.994000000000000175e-03
2.032720000000000082e-01 -5.025660000000000370e-03
2.012730000000000075e-01 -5.057869999999999901e-03
1.992740000000000067e-01 -5.090670000000000264e-03
1.972760000000000069e-01 -5.124059999999999726e-03
1.952770000000000061e-01 -5.158059999999999902e-03
1.932780000000000054e-01 -5.192689999999999806e-03
1.912800000000000056e-01 -5.227970000000000186e-03
1.892810000000000048e-01 -5.263920000000000057e-03
1.872820000000000040e-01 -5.300560000000000167e-03
1.852830000000000032e-01 -5.337899999999999590e-03
1.832850000000000035e-01 -5.375979999999999821e-03
1.812860000000000027e-01 -5.414809999999999936e-03
1.792880000000000029e-01 -5.454419999999999755e-03
1.772890000000000021e-01 -5.494839999999999967e-03
1.752900000000000014e-01 -5.536079999999999647e-03
1.732920000000000016e-01 -5.578180000000000291e-03
1.712930000000000008e-01 -5.621160000000000045e-03
1.692950000000000010e-01 -5.665060000000000408e-03
1.672960000000000003e-01 -5.709900000000000392e-03
1.652980000000000005e-01 -5.755719999999999760e-03
1.632989999999999997e-01 -5.802550000000000069e-03
1.613009999999999999e-01 -5.850430000000000214e-03
1.593030000000000002e-01 -5.899399999999999956e-03
1.573039999999999994e-01 -5.949480000000000046e-03
1.553059999999999996e-01 -6.000740000000000067e-03
1.533079999999999998e-01 -6.053199999999999900e-03
1.513100000000000001e-01 -6.106920000000000057e-03
1.493109999999999993e-01 -6.161940000000000299e-03
1.473129999999999995e-01 -6.218310000000000330e-03
1.453149999999999997e-01 -6.276089999999999794e-03
1.433169999999999999e-01 -6.335320000000000187e-03
1.413190000000000002e-01 -6.396080000000000168e-03
1.393210000000000004e-01 -6.458430000000000247e-03
1.373230000000000006e-01 -6.522420000000000127e-03
1.353250000000000008e-01 -6.588130000000000201e-03
1.333270000000000011e-01 -6.655630000000000053e-03
1.313300000000000023e-01 -6.725000000000000075e-03
1.293320000000000025e-01 -6.796319999999999792e-03
1.273340000000000027e-01 -6.869680000000000404e-03
1.253370000000000040e-01 -6.945179999999999583e-03
1.233390000000000042e-01 -7.022900000000000323e-03
1.213420000000000054e-01 -7.102970000000000117e-03
1.193450000000000066e-01 -7.185480000000000166e-03
1.173479999999999940e-01 -7.270559999999999697e-03
1.153509999999999952e-01 -7.358339999999999673e-03
1.133539999999999964e-01 -7.448940000000000249e-03
1.113569999999999977e-01 -7.542530000000000415e-03
1.093609999999999999e-01 -7.639250000000000207e-03
1.073640000000000011e-01 -7.739260000000000410e-03
1.053680000000000033e-01 -7.842760000000000703e-03
1.033720000000000055e-01 -7.949929999999999150e-03
1.013759999999999939e-01 -8.060970000000000635e-03
9.938070000000000237e-02 -8.176120000000000262e-03
9.738529999999999409e-02 -8.295610000000000137e-03
9.539029999999999732e-02 -8.419700000000000448e-03
9.339559999999999529e-02 -8.548679999999999474e-03
9.140120000000000189e-02 -8.682840000000000696e-03
8.940710000000000324e-02 -8.822520000000000362e-03
8.741350000000000509e-02 -8.968089999999999742e-03
8.542039999999999356e-02 -9.119920000000000110e-03
8.342779999999999641e-02 -9.278460000000000527e-03
8.143580000000000263e-02 -9.444160000000000055e-03
7.944460000000000410e-02 -9.619849999999999235e-03
7.745440000000000658e-02 -9.806449999999999542e-03
7.546500000000000430e-02 -1.000000000000000021e-02
7.347599999999999965e-02 -1.019839999999999983e-02
7.148770000000000124e-02 -1.040420000000000060e-02
6.950090000000000434e-02 -1.062330000000000045e-02
6.751559999999999506e-02 -1.085700000000000033e-02
6.553190000000000404e-02 -1.110380000000000048e-02
6.355009999999999826e-02 -1.136479999999999956e-02
6.157030000000000142e-02 -1.164130000000000026e-02
5.959289999999999726e-02 -1.193480000000000062e-02
5.761829999999999730e-02 -1.224680000000000039e-02
5.564700000000000202e-02 -1.257920000000000045e-02
5.367949999999999805e-02 -1.293389999999999991e-02
5.171649999999999858e-02 -1.331330000000000013e-02
4.975890000000000174e-02 -1.371990000000000015e-02
4.780770000000000158e-02 -1.415660000000000009e-02
4.586409999999999793e-02 -1.462669999999999942e-02
4.392970000000000208e-02 -1.513399999999999988e-02
4.200630000000000336e-02 -1.568249999999999852e-02
4.009619999999999851e-02 -1.627690000000000040e-02
3.820239999999999747e-02 -1.692250000000000004e-02
3.632839999999999681e-02 -1.762479999999999949e-02
3.447850000000000220e-02 -1.839000000000000010e-02
3.265789999999999665e-02 -1.922449999999999853e-02
3.087310000000000054e-02 -2.013500000000000012e-02
2.913139999999999827e-02 -2.112769999999999926e-02
2.744129999999999833e-02 -2.220820000000000086e-02
2.581200000000000161e-02 -2.338070000000000079e-02
2.425309999999999966e-02 -2.464739999999999986e-02
2.277360000000000148e-02 -2.600780000000000106e-02
2.138150000000000120e-02 -2.745830000000000146e-02
2.008209999999999856e-02 -2.899300000000000141e-02
1.887809999999999835e-02 -3.060329999999999995e-02
1.776919999999999888e-02 -3.227970000000000145e-02
1.675230000000000122e-02 -3.401230000000000225e-02
1.582259999999999917e-02 -3.579179999999999862e-02
1.497350000000000070e-02 -3.760979999999999879e-02
1.419839999999999991e-02 -3.945919999999999983e-02
1.349020000000000080e-02 -4.133420000000000150e-02
1.284219999999999980e-02 -4.322999999999999760e-02
1.224839999999999957e-02 -4.514259999999999801e-02
1.170299999999999986e-02 -4.706910000000000260e-02
1.120099999999999915e-02 -4.900680000000000314e-02
1.073799999999999928e-02 -5.095390000000000336e-02
1.030979999999999917e-02 -5.290860000000000007e-02
9.912980000000000055e-03 -5.486970000000000042e-02
9.544439999999999522e-03 -5.683620000000000339e-02
9.201380000000000323e-03 -5.880710000000000104e-02
8.881389999999999424e-03 -6.078179999999999694e-02
8.582309999999999245e-03 -6.275970000000000160e-02
8.302220000000000780e-03 -6.474030000000000062e-02
8.039440000000000128e-03 -6.672319999999999640e-02
7.792450000000000244e-03 -6.870809999999999418e-02
7.559910000000000414e-03 -7.069469999999999921e-02
7.340610000000000017e-03 -7.268270000000000286e-02
7.133490000000000143e-03 -7.467210000000000514e-02
6.937579999999999615e-03 -7.666259999999999741e-02
6.752000000000000189e-03 -7.865400000000000169e-02
6.575980000000000367e-03 -8.064630000000000409e-02
6.408800000000000087e-03 -8.263940000000000174e-02
6.249829999999999622e-03 -8.463310000000000277e-02
6.098479999999999873e-03 -8.662739999999999330e-02
5.954219999999999652e-03 -8.862230000000000107e-02
5.816580000000000014e-03 -9.061750000000000360e-02
5.685110000000000163e-03 -9.261320000000000663e-02
5.559399999999999932e-03 -9.460929999999999340e-02
5.439099999999999664e-03 -9.660570000000000268e-02
5.323869999999999644e-03 -9.860240000000000671e-02
5.213380000000000097e-03 -1.005989999999999940e-01
5.107360000000000025e-03 -1.025969999999999938e-01
5.005550000000000103e-03 -1.045940000000000064e-01
4.907700000000000083e-03 -1.065920000000000062e-01
4.813579999999999595e-03 -1.085890000000000050e-01
4.722989999999999827e-03 -1.105870000000000047e-01
4.635730000000000232e-03 -1.125850000000000045e-01
4.551620000000000145e-03 -1.145840000000000053e-01
4.470499999999999648e-03 -1.165820000000000051e-01
4.392209999999999691e-03 -1.185810000000000058e-01
4.316600000000000298e-03 -1.205790000000000056e-01
4.243549999999999579e-03 -1.225780000000000064e-01
4.172920000000000101e-03 -1.245769999999999933e-01
4.104589999999999975e-03 -1.265749999999999931e-01
4.038459999999999793e-03 -1.285739999999999938e-01
3.974420000000000210e-03 -1.305729999999999946e-01
3.912380000000000024e-03 -1.325719999999999954e-01
3.852239999999999831e-03 -1.345709999999999962e-01
3.793910000000000164e-03 -1.365709999999999980e-01
3.737320000000000138e-03 -1.385699999999999987e-01
3.682389999999999795e-03 -1.405689999999999995e-01
3.629040000000000044e-03 -1.425680000000000003e-01
3.577219999999999879e-03 -1.445680000000000021e-01
3.526860000000000151e-03 -1.465670000000000028e-01
3.477880000000000034e-03 -1.485660000000000036e-01
3.430250000000000139e-03 -1.505660000000000054e-01
3.383900000000000016e-03 -1.525650000000000062e-01
3.338789999999999900e-03 -1.545650000000000079e-01
3.294860000000000150e-03 -1.565640000000000087e-01
3.252070000000000134e-03 -1.585640000000000105e-01
3.210380000000000091e-03 -1.605630000000000113e-01
3.169739999999999884e-03 -1.625630000000000130e-01
3.130110000000000184e-03 -1.645629999999999871e-01
3.091459999999999868e-03 -1.665619999999999878e-01
3.053750000000000041e-03 -1.685619999999999896e-01
3.016950000000000014e-03 -1.705619999999999914e-01
2.981029999999999965e-03 -1.725609999999999922e-01
2.945950000000000131e-03 -1.745609999999999939e-01
2.911679999999999824e-03 -1.765609999999999957e-01
2.878200000000000029e-03 -1.785599999999999965e-01
2.845489999999999998e-03 -1.805599999999999983e-01
2.813500000000000029e-03 -1.825600000000000001e-01
2.782230000000000120e-03 -1.845600000000000018e-01
2.751640000000000075e-03 -1.865590000000000026e-01
2.721719999999999955e-03 -1.885590000000000044e-01
2.692439999999999937e-03 -1.905590000000000062e-01
2.663780000000000141e-03 -1.925590000000000079e-01
2.635730000000000191e-03 -1.945580000000000087e-01
2.608259999999999832e-03 -1.965580000000000105e-01
2.581359999999999991e-03 -1.985580000000000123e-01
2.554999999999999979e-03 -2.005579999999999863e-01
2.529179999999999796e-03 -2.025579999999999881e-01
2.503870000000000054e-03 -2.045579999999999898e-01
2.479069999999999885e-03 -2.065569999999999906e-01
2.454749999999999901e-03 -2.085569999999999924e-01
2.430900000000000161e-03 -2.105569999999999942e-01
2.407519999999999799e-03 -2.125569999999999959e-01
2.384569999999999919e-03 -2.145569999999999977e-01
2.362060000000000028e-03 -2.165569999999999995e-01
2.339969999999999811e-03 -2.185570000000000013e-01
2.318290000000000194e-03 -2.205570000000000030e-01
2.297009999999999937e-03 -2.225560000000000038e-01
2.276110000000000026e-03 -2.245560000000000056e-01
2.255590000000000026e-03 -2.265560000000000074e-01
2.235439999999999997e-03 -2.285560000000000092e-01
2.215649999999999998e-03 -2.305560000000000109e-01
2.196200000000000149e-03 -2.325560000000000127e-01
2.177090000000000015e-03 -2.345559999999999867e-01
2.158300000000000149e-03 -2.365559999999999885e-01
2.139840000000000058e-03 -2.385559999999999903e-01
2.121699999999999801e-03 -2.405559999999999921e-01
2.103859999999999932e-03 -2.425549999999999928e-01
2.086310000000000074e-03 -2.445549999999999946e-01
2.069060000000000170e-03 -2.465549999999999964e-01
2.052079999999999963e-03 -2.485549999999999982e-01
2.035390000000000203e-03 -2.505550000000000277e-01
2.018960000000000199e-03 -2.525549999999999740e-01
2.002799999999999893e-03 -2.545549999999999757e-01
1.986889999999999837e-03 -2.565549999999999775e-01
1.971239999999999971e-03 -2.585549999999999793e-01
1.955820000000000041e-03 -2.605549999999999811e-01
1.940649999999999927e-03 -2.625549999999999828e-01
1.925709999999999965e-03 -2.645549999999999846e-01
1.910999999999999938e-03 -2.665549999999999864e-01
1.896509999999999906e-03 -2.685549999999999882e-01
1.882240000000000085e-03 -2.705549999999999899e-01
1.868180000000000101e-03 -2.725549999999999917e-01
1.854339999999999895e-03 -2.745549999999999935e-01
1.840690000000000078e-03 -2.765540000000000220e-01
1.827239999999999941e-03 -2.785540000000000238e-01
1.813989999999999917e-03 -2.805540000000000256e-01
1.800930000000000065e-03 -2.825540000000000274e-01
1.788059999999999953e-03 -2.845539999999999736e-01
1.775370000000000073e-03 -2.865539999999999754e-01
1.762859999999999991e-03 -2.885539999999999772e-01
1.750519999999999984e-03 -2.905539999999999790e-01
1.738350000000000051e-03 -2.925539999999999807e-01
1.726359999999999917e-03 -2.945539999999999825e-01
1.714519999999999976e-03 -2.965539999999999843e-01
1.702849999999999893e-03 -2.985539999999999861e-01
1.691339999999999944e-03 -3.005539999999999878e-01
1.679979999999999972e-03 -3.025539999999999896e-01
1.668769999999999976e-03 -3.045539999999999914e-01
1.657709999999999956e-03 -3.065539999999999932e-01
1.646789999999999973e-03 -3.085539999999999949e-01
1.636019999999999966e-03 -3.105539999999999967e-01
1.625389999999999995e-03 -3.125539999999999985e-01
1.614900000000000059e-03 -3.145540000000000003e-01
1.604540000000000003e-03 -3.165540000000000020e-01
1.594310000000000041e-03 -3.185540000000000038e-01
1.584209999999999958e-03 -3.205540000000000056e-01
1.574239999999999971e-03 -3.225540000000000074e-01
1.564389999999999921e-03 -3.245540000000000092e-01
1.554669999999999967e-03 -3.265540000000000109e-01
1.545060000000000010e-03 -3.285540000000000127e-01
1.535579999999999931e-03 -3.305540000000000145e-01
1.526210000000000067e-03 -3.325540000000000163e-01
1.516949999999999982e-03 -3.345540000000000180e-01
1.507810000000000053e-03 -3.365540000000000198e-01
1.498769999999999963e-03 -3.385540000000000216e-01
1.489840000000000088e-03 -3.405529999999999946e-01
1.481019999999999993e-03 -3.425529999999999964e-01
1.472299999999999954e-03 -3.445529999999999982e-01
1.463689999999999913e-03 -3.465529999999999999e-01
1.455169999999999988e-03 -3.485530000000000017e-01
1.446749999999999902e-03 -3.505530000000000035e-01
1.438430000000000090e-03 -3.525530000000000053e-01
1.430199999999999961e-03 -3.545530000000000070e-01
1.422070000000000105e-03 -3.565530000000000088e-01
1.414029999999999931e-03 -3.585530000000000106e-01
1.406080000000000090e-03 -3.605530000000000124e-01
1.398219999999999932e-03 -3.625530000000000141e-01
1.390450000000000106e-03 -3.645530000000000159e-01
