2.997090000000000032e-01 -4.525659999999999926e-03
2.977119999999999767e-01 -4.551399999999999717e-03
2.957150000000000056e-01 -4.577470000000000150e-03
2.937190000000000079e-01 -4.603860000000000417e-03
2.917219999999999813e-01 -4.630579999999999592e-03
2.897250000000000103e-01 -4.657640000000000217e-03
2.877279999999999838e-01 -4.685049999999999631e-03
2.857310000000000128e-01 -4.712809999999999569e-03
2.837339999999999862e-01 -4.740929999999999971e-03
2.817370000000000152e-01 -4.769409999999999969e-03
2.797399999999999887e-01 -4.798270000000000313e-03
2.777439999999999909e-01 -4.827510000000000134e-03
2.757470000000000199e-01 -4.857140000000000242e-03
2.737499999999999933e-01 -4.887169999999999709e-03
2.717530000000000223e-01 -4.917610000000000210e-03
2.697559999999999958e-01 -4.948469999999999952e-03
2.677590000000000248e-01 -4.979749999999999802e-03
2.657619999999999982e-01 -5.011459999999999700e-03
2.637650000000000272e-01 -5.043620000000000395e-03
2.617680000000000007e-01 -5.076230000000000152e-03
2.597720000000000029e-01 -5.109309999999999720e-03
2.577749999999999764e-01 -5.142859999999999966e-03
2.557780000000000054e-01 -5.176899999999999905e-03
2.537809999999999788e-01 -5.211430000000000402e-03
2.517840000000000078e-01 -5.246480000000000414e-03
2.497870000000000090e-01 -5.282039999999999999e-03
2.477900000000000102e-01 -5.318139999999999847e-03
2.457930000000000115e-01 -5.354779999999999957e-03
2.437960000000000127e-01 -5.391980000000000210e-03
2.417999999999999872e-01 -5.429749999999999681e-03
2.398029999999999884e-01 -5.468109999999999984e-03
2.378059999999999896e-01 -5.507070000000000194e-03
2.358089999999999908e-01 -5.546640000000000251e-03
2.338119999999999921e-01 -5.586840000000000035e-03
2.318149999999999933e-01 -5.627690000000000296e-03
2.298179999999999945e-01 -5.669210000000000048e-03
2.278219999999999967e-01 -5.711400000000000157e-03
2.258249999999999980e-01 -5.754289999999999579e-03
2.238279999999999992e-01 -5.797899999999999929e-03
2.218310000000000004e-01 -5.842240000000000280e-03
2.198340000000000016e-01 -5.887339999999999587e-03
2.178380000000000039e-01 -5.933210000000000393e-03
2.158410000000000051e-01 -5.979879999999999918e-03
2.138440000000000063e-01 -6.027369999999999776e-03
2.118470000000000075e-01 -6.075689999999999910e-03
2.098500000000000087e-01 -6.124880000000000081e-03
2.078540000000000110e-01 -6.174960000000000171e-03
2.058570000000000122e-01 -6.225950000000000061e-03
2.038600000000000134e-01 -6.277890000000000380e-03
2.018639999999999879e-01 -6.330790000000000202e-03
1.998669999999999891e-01 -6.384680000000000216e-03
1.978699999999999903e-01 -6.439610000000000126e-03
1.958739999999999926e-01 -6.495589999999999871e-03
1.938769999999999938e-01 -6.552650000000000141e-03
1.918809999999999960e-01 -6.610839999999999772e-03
1.898839999999999972e-01 -6.670180000000000380e-03
1.878869999999999985e-01 -6.730719999999999932e-03
1.858910000000000007e-01 -6.792489999999999986e-03
1.838950000000000029e-01 -6.855530000000000304e-03
1.818980000000000041e-01 -6.919869999999999841e-03
1.799020000000000064e-01 -6.985579999999999914e-03
1.779050000000000076e-01 -7.052669999999999599e-03
1.759090000000000098e-01 -7.121220000000000154e-03
1.739130000000000120e-01 -7.191259999999999666e-03
1.719169999999999865e-01 -7.262839999999999574e-03
1.699199999999999877e-01 -7.336020000000000388e-03
1.679239999999999899e-01 -7.410860000000000017e-03
1.659279999999999922e-01 -7.487409999999999899e-03
1.639319999999999944e-01 -7.565739999999999618e-03
1.619359999999999966e-01 -7.645899999999999745e-03
1.599409999999999998e-01 -7.727969999999999805e-03
1.579450000000000021e-01 -7.812020000000000249e-03
1.559490000000000043e-01 -7.898119999999999793e-03
1.539540000000000075e-01 -7.986349999999999699e-03
1.519580000000000097e-01 -8.076800000000000299e-03
1.499630000000000130e-01 -8.169539999999999441e-03
1.479669999999999874e-01 -8.264679999999999943e-03
1.459719999999999906e-01 -8.362309999999999535e-03
1.439769999999999939e-01 -8.462519999999999418e-03
1.419819999999999971e-01 -8.565430000000000613e-03
1.399870000000000003e-01 -8.671160000000000673e-03
1.379930000000000045e-01 -8.779810000000000739e-03
1.359980000000000078e-01 -8.891510000000000039e-03
1.340040000000000120e-01 -9.006409999999999416e-03
1.320099999999999885e-01 -9.124639999999999834e-03
1.300159999999999927e-01 -9.246350000000000402e-03
1.280219999999999969e-01 -9.371700000000000169e-03
1.260280000000000011e-01 -9.500859999999999861e-03
1.240350000000000064e-01 -9.634020000000000084e-03
1.220419999999999977e-01 -9.771349999999999827e-03
1.200500000000000039e-01 -9.913069999999999521e-03
1.180569999999999953e-01 -1.005939999999999959e-02
1.160650000000000015e-01 -1.021050000000000083e-02
1.140739999999999948e-01 -1.036680000000000067e-02
1.120830000000000021e-01 -1.052840000000000026e-02
1.100919999999999954e-01 -1.069559999999999955e-02
1.081020000000000036e-01 -1.086870000000000024e-02
1.061119999999999980e-01 -1.104809999999999993e-02
1.041229999999999933e-01 -1.123410000000000034e-02
1.021340000000000026e-01 -1.142710000000000080e-02
1.001469999999999999e-01 -1.162739999999999954e-02
9.815970000000000251e-02 -1.183559999999999994e-02
9.617359999999999798e-02 -1.205200000000000021e-02
9.418849999999999445e-02 -1.227720000000000027e-02
9.220449999999999480e-02 -1.251170000000000060e-02
9.022159999999999902e-02 -1.275609999999999938e-02
8.823999999999999899e-02 -1.301109999999999940e-02
8.625990000000000046e-02 -1.327730000000000056e-02
8.428140000000000631e-02 -1.355549999999999984e-02
8.230469999999999453e-02 -1.384649999999999943e-02
8.033010000000000150e-02 -1.415119999999999920e-02
7.835770000000000235e-02 -1.447050000000000072e-02
7.638789999999999469e-02 -1.480549999999999922e-02
7.442089999999999816e-02 -1.515730000000000029e-02
7.245730000000000226e-02 -1.552719999999999968e-02
7.049729999999999885e-02 -1.591659999999999950e-02
6.854150000000000520e-02 -1.632679999999999895e-02
6.659049999999999692e-02 -1.675969999999999890e-02
6.464490000000000514e-02 -1.721690000000000026e-02
6.270560000000000023e-02 -1.770029999999999867e-02
6.077339999999999826e-02 -1.821220000000000130e-02
5.884940000000000310e-02 -1.875469999999999915e-02
5.693480000000000069e-02 -1.933040000000000105e-02
5.503120000000000234e-02 -1.994189999999999852e-02
5.314010000000000261e-02 -2.059220000000000148e-02
5.126359999999999945e-02 -2.128429999999999905e-02
4.940400000000000347e-02 -2.202149999999999941e-02
4.756380000000000330e-02 -2.280710000000000029e-02
4.574609999999999788e-02 -2.364460000000000173e-02
4.395450000000000051e-02 -2.453750000000000028e-02
4.219269999999999965e-02 -2.548910000000000065e-02
4.046439999999999759e-02 -2.650279999999999997e-02
3.878800000000000303e-02 -2.759690000000000060e-02
3.717120000000000146e-02 -2.877359999999999987e-02
3.559289999999999676e-02 -2.999999999999999889e-02
3.404100000000000181e-02 -3.125979999999999731e-02
3.253009999999999929e-02 -3.256989999999999885e-02
3.109140000000000167e-02 -3.396319999999999895e-02
2.973009999999999889e-02 -3.543639999999999984e-02
2.843599999999999947e-02 -3.696780000000000205e-02
2.720989999999999867e-02 -3.855419999999999681e-02
2.605160000000000114e-02 -4.019049999999999706e-02
2.496040000000000064e-02 -4.187189999999999662e-02
2.393429999999999863e-02 -4.359339999999999743e-02
2.297089999999999896e-02 -4.535030000000000311e-02
2.206730000000000150e-02 -4.713819999999999816e-02
2.122009999999999869e-02 -4.895309999999999939e-02
2.042599999999999971e-02 -5.079129999999999756e-02
1.968140000000000167e-02 -5.264979999999999660e-02
1.898290000000000047e-02 -5.452579999999999927e-02
1.832730000000000123e-02 -5.641689999999999899e-02
1.771139999999999867e-02 -5.832099999999999784e-02
1.713220000000000021e-02 -6.023649999999999838e-02
1.658690000000000164e-02 -6.216159999999999741e-02
1.607309999999999989e-02 -6.409529999999999395e-02
1.558829999999999938e-02 -6.603630000000000611e-02
1.513040000000000045e-02 -6.798369999999999413e-02
1.469739999999999935e-02 -6.993679999999999342e-02
1.428749999999999985e-02 -7.189470000000000582e-02
1.389890000000000049e-02 -7.385690000000000310e-02
1.353019999999999917e-02 -7.582289999999999863e-02
1.317989999999999960e-02 -7.779220000000000579e-02
1.284680000000000023e-02 -7.976450000000000207e-02
1.252969999999999952e-02 -8.173940000000000372e-02
1.222750000000000052e-02 -8.371660000000000212e-02
1.193920000000000051e-02 -8.569580000000000253e-02
1.166389999999999962e-02 -8.767690000000000206e-02
1.140080000000000086e-02 -8.965960000000000596e-02
1.114910000000000033e-02 -9.164379999999999749e-02
1.090810000000000043e-02 -9.362919999999999576e-02
1.067719999999999954e-02 -9.561590000000000367e-02
1.045570000000000006e-02 -9.760370000000000157e-02
1.024300000000000037e-02 -9.959239999999999760e-02
1.003880000000000050e-02 -1.015820000000000056e-01
9.842470000000000732e-03 -1.035719999999999974e-01
9.653590000000000088e-03 -1.055630000000000041e-01
9.471749999999999267e-03 -1.075549999999999978e-01
9.296580000000000468e-03 -1.095480000000000065e-01
9.127720000000000625e-03 -1.115400000000000003e-01
8.964839999999999962e-03 -1.135339999999999960e-01
8.807630000000000320e-03 -1.155280000000000057e-01
8.655799999999999952e-03 -1.175220000000000015e-01
8.509080000000000463e-03 -1.195159999999999972e-01
8.367219999999999866e-03 -1.215109999999999940e-01
8.229989999999999528e-03 -1.235070000000000057e-01
8.097170000000000756e-03 -1.255020000000000024e-01
7.968539999999999651e-03 -1.274980000000000002e-01
7.843920000000000753e-03 -1.294939999999999980e-01
7.723119999999999985e-03 -1.314909999999999968e-01
7.605970000000000092e-03 -1.334869999999999945e-01
7.492300000000000348e-03 -1.354839999999999933e-01
7.381969999999999851e-03 -1.374809999999999921e-01
7.274830000000000359e-03 -1.394779999999999909e-01
7.170740000000000100e-03 -1.414749999999999897e-01
7.069589999999999728e-03 -1.434729999999999894e-01
6.971230000000000135e-03 -1.454699999999999882e-01
6.875570000000000119e-03 -1.474679999999999880e-01
6.782490000000000394e-03 -1.494659999999999878e-01
6.691889999999999818e-03 -1.514639999999999875e-01
6.603669999999999853e-03 -1.534619999999999873e-01
6.517750000000000106e-03 -1.554599999999999871e-01
6.434020000000000364e-03 -1.574579999999999869e-01
6.352420000000000115e-03 -1.594569999999999876e-01
6.272849999999999954e-03 -1.614549999999999874e-01
6.195250000000000236e-03 -1.634539999999999882e-01
6.119539999999999702e-03 -1.654519999999999880e-01
6.045659999999999576e-03 -1.674509999999999887e-01
5.973530000000000333e-03 -1.694489999999999885e-01
5.903109999999999608e-03 -1.714479999999999893e-01
5.834319999999999611e-03 -1.734469999999999901e-01
5.767109999999999771e-03 -1.754459999999999908e-01
5.701430000000000387e-03 -1.774449999999999916e-01
5.637230000000000019e-03 -1.794439999999999924e-01
5.574459999999999832e-03 -1.814429999999999932e-01
5.513070000000000123e-03 -1.834419999999999940e-01
5.453010000000000322e-03 -1.854409999999999947e-01
5.394249999999999740e-03 -1.874399999999999955e-01
5.336729999999999599e-03 -1.894389999999999963e-01
5.280430000000000020e-03 -1.914389999999999981e-01
5.225310000000000371e-03 -1.934379999999999988e-01
5.171320000000000083e-03 -1.954369999999999996e-01
5.118430000000000202e-03 -1.974360000000000004e-01
5.066619999999999978e-03 -1.994360000000000022e-01
5.015839999999999708e-03 -2.014350000000000029e-01
4.966070000000000380e-03 -2.034340000000000037e-01
4.917269999999999627e-03 -2.054340000000000055e-01
4.869430000000000112e-03 -2.074330000000000063e-01
4.822500000000000397e-03 -2.094330000000000080e-01
4.776469999999999674e-03 -2.114320000000000088e-01
4.731309999999999856e-03 -2.134320000000000106e-01
4.687000000000000194e-03 -2.154310000000000114e-01
4.643500000000000058e-03 -2.174310000000000132e-01
4.600810000000000316e-03 -2.194299999999999862e-01
4.558890000000000338e-03 -2.214299999999999879e-01
4.517730000000000183e-03 -2.234289999999999887e-01
4.477309999999999970e-03 -2.254289999999999905e-01
4.437599999999999878e-03 -2.274289999999999923e-01
4.398589999999999965e-03 -2.294279999999999931e-01
4.360260000000000351e-03 -2.314279999999999948e-01
4.322590000000000286e-03 -2.334269999999999956e-01
4.285569999999999831e-03 -2.354269999999999974e-01
4.249179999999999971e-03 -2.374269999999999992e-01
4.213390000000000017e-03 -2.394259999999999999e-01
4.178209999999999910e-03 -2.414260000000000017e-01
4.143599999999999887e-03 -2.434260000000000035e-01
4.109569999999999890e-03 -2.454260000000000053e-01
4.076090000000000095e-03 -2.474250000000000060e-01
4.043149999999999696e-03 -2.494250000000000078e-01
4.010739999999999618e-03 -2.514250000000000096e-01
3.978839999999999981e-03 -2.534239999999999826e-01
3.947449999999999917e-03 -2.554239999999999844e-01
3.916550000000000413e-03 -2.574239999999999862e-01
3.886119999999999852e-03 -2.594239999999999879e-01
3.856169999999999910e-03 -2.614239999999999897e-01
3.826679999999999839e-03 -2.634230000000000183e-01
3.797630000000000190e-03 -2.654230000000000200e-01
3.769020000000000096e-03 -2.674230000000000218e-01
3.740830000000000110e-03 -2.694230000000000236e-01
3.713070000000000172e-03 -2.714230000000000254e-01
3.685710000000000028e-03 -2.734219999999999984e-01
3.658760000000000050e-03 -2.754220000000000002e-01
3.632199999999999925e-03 -2.774220000000000019e-01
3.606010000000000205e-03 -2.794220000000000037e-01
3.580209999999999903e-03 -2.814220000000000055e-01
3.554770000000000065e-03 -2.834209999999999785e-01
3.529689999999999824e-03 -2.854209999999999803e-01
3.504960000000000107e-03 -2.874209999999999821e-01
3.480570000000000105e-03 -2.894209999999999838e-01
3.456519999999999818e-03 -2.914209999999999856e-01
3.432800000000000174e-03 -2.934209999999999874e-01
3.409409999999999871e-03 -2.954209999999999892e-01
3.386329999999999896e-03 -2.974200000000000177e-01
3.363559999999999814e-03 -2.994200000000000195e-01
3.341090000000000119e-03 -3.014200000000000212e-01
3.318929999999999884e-03 -3.034200000000000230e-01
3.297050000000000154e-03 -3.054200000000000248e-01
3.275460000000000003e-03 -3.074200000000000266e-01
3.254149999999999925e-03 -3.094199999999999728e-01
3.233119999999999918e-03 -3.114199999999999746e-01
3.212360000000000042e-03 -3.134190000000000031e-01
3.191859999999999923e-03 -3.154190000000000049e-01
3.171629999999999935e-03 -3.174190000000000067e-01
3.151639999999999824e-03 -3.194190000000000085e-01
3.131909999999999902e-03 -3.214190000000000103e-01
3.112419999999999857e-03 -3.234190000000000120e-01
3.093180000000000061e-03 -3.254190000000000138e-01
3.074170000000000201e-03 -3.274190000000000156e-01
3.055389999999999842e-03 -3.294190000000000174e-01
3.036839999999999852e-03 -3.314190000000000191e-01
3.018519999999999797e-03 -3.334190000000000209e-01
3.000409999999999796e-03 -3.354179999999999939e-01
2.982519999999999789e-03 -3.374179999999999957e-01
2.964839999999999837e-03 -3.394179999999999975e-01
2.947369999999999938e-03 -3.414179999999999993e-01
2.930110000000000093e-03 -3.434180000000000010e-01
2.913039999999999987e-03 -3.454180000000000028e-01
2.896179999999999935e-03 -3.474180000000000046e-01
2.879510000000000056e-03 -3.494180000000000064e-01
2.863019999999999975e-03 -3.514180000000000081e-01
2.846730000000000007e-03 -3.534180000000000099e-01
2.830619999999999838e-03 -3.554180000000000117e-01
2.814689999999999900e-03 -3.574180000000000135e-01
2.798940000000000195e-03 -3.594180000000000152e-01
2.783369999999999855e-03 -3.614180000000000170e-01
2.767969999999999806e-03 -3.634180000000000188e-01
2.752730000000000107e-03 -3.654169999999999918e-01
2.737670000000000207e-03 -3.674169999999999936e-01
2.722769999999999791e-03 -3.694169999999999954e-01
2.708019999999999785e-03 -3.714169999999999972e-01
2.693440000000000070e-03 -3.734169999999999989e-01
2.679019999999999839e-03 -3.754170000000000007e-01
2.664740000000000077e-03 -3.774170000000000025e-01
2.650619999999999799e-03 -3.794170000000000043e-01
2.636649999999999931e-03 -3.814170000000000060e-01
2.622830000000000040e-03 -3.834170000000000078e-01
2.609139999999999810e-03 -3.854170000000000096e-01
2.595609999999999931e-03 -3.874170000000000114e-01
2.582210000000000148e-03 -3.894170000000000131e-01
2.568940000000000026e-03 -3.914170000000000149e-01
2.555819999999999880e-03 -3.934170000000000167e-01
2.542819999999999889e-03 -3.954170000000000185e-01
2.529959999999999935e-03 -3.974170000000000202e-01
2.517230000000000075e-03 -3.994170000000000220e-01
2.504629999999999877e-03 -4.014170000000000238e-01
2.492149999999999834e-03 -4.034170000000000256e-01
2.479789999999999946e-03 -4.054170000000000273e-01
2.467560000000000153e-03 -4.074160000000000004e-01
2.455440000000000140e-03 -4.094160000000000021e-01
2.443449999999999789e-03 -4.114160000000000039e-01
2.431570000000000085e-03 -4.134160000000000057e-01
2.419810000000000103e-03 -4.154160000000000075e-01
2.408159999999999901e-03 -4.174160000000000093e-01
2.396619999999999914e-03 -4.194160000000000110e-01
2.385190000000000140e-03 -4.214160000000000128e-01
