0.0311965 -0.03 -0.03 2 6 1
0.0326008 -0.028584 -0.028584 2 6 1
0.0340631 -0.0272045 -0.0272045 2 6 1
0.0355902 -0.0259168 -0.0259168 2 6 1
0.0371905 -0.0247085 -0.0247085 2 6 1
0.0388382 -0.0235681 -0.0235681 2 6 1
0.0405296 -0.0224942 -0.0224942 2 6 1
0.0422594 -0.0214845 -0.0214845 2 6 1
0.0440231 -0.0205364 -0.0205364 2 6 1
0.0458164 -0.0196468 -0.0196468 2 6 1
0.0476355 -0.0188123 -0.0188123 2 6 1
0.0494768 -0.0180294 -0.0180294 2 6 1
0.0513374 -0.0172946 -0.0172946 2 6 1
0.0532146 -0.0166046 -0.0166046 2 6 1
0.0551063 -0.015956 -0.015956 2 6 1
0.0570104 -0.0153458 -0.0153458 2 6 1
0.0589252 -0.0147711 -0.0147711 2 6 1
0.0608494 -0.0142292 -0.0142292 2 6 1
0.0627816 -0.0137176 -0.0137176 2 6 1
0.0647209 -0.013234 -0.013234 2 6 1
0.0666663 -0.0127763 -0.0127763 2 6 1
0.0686171 -0.0123425 -0.0123425 2 6 1
0.0705726 -0.0119309 -0.0119309 2 6 1
0.0725323 -0.0115398 -0.0115398 2 6 1
0.0744955 -0.0111677 -0.0111677 2 6 1
0.076462 -0.0108132 -0.0108132 2 6 1
0.0784313 -0.0104751 -0.0104751 2 6 1
0.0804031 -0.0101523 -0.0101523 2 6 1
0.0823771 -0.00984356 -0.00984356 2 6 1
0.0843531 -0.00954803 -0.00954803 2 6 1
0.0863308 -0.00926477 -0.00926477 2 6 1
0.0883101 -0.00899295 -0.00899295 2 6 1
0.0902909 -0.00873179 -0.00873179 2 6 1
0.0922729 -0.00848057 -0.00848057 2 6 1
0.094256 -0.00823862 -0.00823862 2 6 1
0.0962401 -0.00800531 -0.00800531 2 6 1
0.0982252 -0.00778005 -0.00778005 2 6 1
0.100211 -0.0075623 -0.0075623 2 6 1
0.102198 -0.00735153 -0.00735153 2 6 1
0.104185 -0.00714724 -0.00714724 2 6 1
0.106173 -0.00694896 -0.00694896 2 6 1
0.108161 -0.00675622 -0.00675622 2 6 1
0.11015 -0.00656857 -0.00656857 2 6 1
0.112139 -0.00638558 -0.00638558 2 6 1
0.114129 -0.00620679 -0.00620679 2 6 1
0.116119 -0.00603175 -0.00603175 2 6 1
0.118109 -0.00585999 -0.00585999 2 6 1
0.120099 -0.00569101 -0.00569101 2 6 1
0.12209 -0.00552426 -0.00552426 2 6 1
0.12408 -0.0053591 -0.0053591 2 6 1
0.126071 -0.0051948 -0.0051948 2 6 1
0.128062 -0.00503044 -0.00503044 2 6 1
0.130052 -0.00486483 -0.00486483 2 6 1
0.132043 -0.00469634 -0.00469634 2 6 1
0.134032 -0.00452249 -0.00452249 2 6 1
0.136021 -0.00433924 -0.00433924 2 6 1
0.138008 -0.00413885 -0.00413885 2 6 1
0.139992 -0.00390292 -0.00390292 2 6 1
0.140973 -0.00369977 -0.00369977 2 6 1
0.141138 -0.00379978 -0.00379978 2 6 1
0.141155 -0.00341154 -0.00341154 2 6 1
0.0311965 -0.03 -0.03 2 6 1
0.0298173 -0.0314539 -0.0314539 2 6 1
0.0284862 -0.0329542 -0.0329542 2 6 1
0.0272446 -0.0345194 -0.0345194 2 6 1
0.026083 -0.0361544 -0.0361544 2 6 1
0.0249887 -0.0378339 -0.0378339 2 6 1
0.02396 -0.0395538 -0.0395538 2 6 1
0.0229942 -0.0413095 -0.0413095 2 6 1
0.0220883 -0.0430962 -0.0430962 2 6 1
0.0212391 -0.0449102 -0.0449102 2 6 1
0.0204432 -0.0467477 -0.0467477 2 6 1
0.0196969 -0.0486055 -0.0486055 2 6 1
0.018997 -0.050481 -0.050481 2 6 1
0.01834 -0.0523717 -0.0523717 2 6 1
0.0177229 -0.0542754 -0.0542754 2 6 1
0.0171426 -0.0561905 -0.0561905 2 6 1
0.0165964 -0.0581154 -0.0581154 2 6 1
0.0160817 -0.0600489 -0.0600489 2 6 1
0.0155962 -0.0619897 -0.0619897 2 6 1
0.0151376 -0.063937 -0.063937 2 6 1
0.014704 -0.0658899 -0.0658899 2 6 1
0.0142935 -0.0678477 -0.0678477 2 6 1
0.0139044 -0.0698098 -0.0698098 2 6 1
0.0135352 -0.0717757 -0.0717757 2 6 1
0.0131845 -0.073745 -0.073745 2 6 1
0.0128511 -0.0757172 -0.0757172 2 6 1
0.0125336 -0.077692 -0.077692 2 6 1
0.0122311 -0.0796692 -0.0796692 2 6 1
0.0119425 -0.0816484 -0.0816484 2 6 1
0.011667 -0.0836294 -0.0836294 2 6 1
0.0114036 -0.0856121 -0.0856121 2 6 1
0.0111517 -0.0875962 -0.0875962 2 6 1
0.0109106 -0.0895817 -0.0895817 2 6 1
0.0106794 -0.0915684 -0.0915684 2 6 1
0.0104578 -0.0935561 -0.0935561 2 6 1
0.010245 -0.0955448 -0.0955448 2 6 1
0.0100406 -0.0975344 -0.0975344 2 6 1
0.00984417 -0.0995247 -0.0995247 2 6 1
0.00965518 -0.101516 -0.101516 2 6 1
0.00947324 -0.103508 -0.103508 2 6 1
0.00929797 -0.1055 -0.1055 2 6 1
0.00912901 -0.107493 -0.107493 2 6 1
0.00896605 -0.109486 -0.109486 2 6 1
0.00880876 -0.11148 -0.11148 2 6 1
0.00865685 -0.113474 -0.113474 2 6 1
0.00851007 -0.115469 -0.115469 2 6 1
0.00836815 -0.117464 -0.117464 2 6 1
0.00823086 -0.119459 -0.119459 2 6 1
0.00809798 -0.121455 -0.121455 2 6 1
0.00796931 -0.12345 -0.12345 2 6 1
0.00784464 -0.125447 -0.125447 2 6 1
0.00772379 -0.127443 -0.127443 2 6 1
0.0076066 -0.12944 -0.12944 2 6 1
0.00749289 -0.131436 -0.131436 2 6 1
0.00738253 -0.133433 -0.133433 2 6 1
0.00727535 -0.13543 -0.13543 2 6 1
0.00717124 -0.137428 -0.137428 2 6 1
0.00707005 -0.139425 -0.139425 2 6 1
0.00697167 -0.141423 -0.141423 2 6 1
0.00687598 -0.14342 -0.14342 2 6 1
0.00678288 -0.145418 -0.145418 2 6 1
0.00669225 -0.147416 -0.147416 2 6 1
0.00660401 -0.149414 -0.149414 2 6 1
0.00651807 -0.151412 -0.151412 2 6 1
0.00643432 -0.153411 -0.153411 2 6 1
0.0063527 -0.155409 -0.155409 2 6 1
0.00627312 -0.157407 -0.157407 2 6 1
0.0061955 -0.159406 -0.159406 2 6 1
0.00611977 -0.161404 -0.161404 2 6 1
0.00604588 -0.163403 -0.163403 2 6 1
0.00597374 -0.165402 -0.165402 2 6 1
0.0059033 -0.167401 -0.167401 2 6 1
0.0058345 -0.169399 -0.169399 2 6 1
0.00576728 -0.171398 -0.171398 2 6 1
0.00570159 -0.173397 -0.173397 2 6 1
0.00563738 -0.175396 -0.175396 2 6 1
0.0055746 -0.177395 -0.177395 2 6 1
0.0055132 -0.179394 -0.179394 2 6 1
0.00545313 -0.181393 -0.181393 2 6 1
0.00539436 -0.183392 -0.183392 2 6 1
0.00533684 -0.185392 -0.185392 2 6 1
0.00528053 -0.187391 -0.187391 2 6 1
0.0052254 -0.18939 -0.18939 2 6 1
0.0051714 -0.191389 -0.191389 2 6 1
0.00511851 -0.193389 -0.193389 2 6 1
0.00506669 -0.195388 -0.195388 2 6 1
0.0050159 -0.197387 -0.197387 2 6 1
0.00496613 -0.199387 -0.199387 2 6 1
0.00491733 -0.201386 -0.201386 2 6 1
0.00486948 -0.203385 -0.203385 2 6 1
0.00482255 -0.205385 -0.205385 2 6 1
0.00477651 -0.207384 -0.207384 2 6 1
0.00473135 -0.209384 -0.209384 2 6 1
0.00468703 -0.211383 -0.211383 2 6 1
0.00464354 -0.213383 -0.213383 2 6 1
0.00460084 -0.215382 -0.215382 2 6 1
0.00455892 -0.217382 -0.217382 2 6 1
0.00451776 -0.219382 -0.219382 2 6 1
0.00447733 -0.221381 -0.221381 2 6 1
0.00443762 -0.223381 -0.223381 2 6 1
0.00439861 -0.22538 -0.22538 2 6 1
0.00436027 -0.22738 -0.22738 2 6 1
0.0043226 -0.22938 -0.22938 2 6 1
0.00428558 -0.231379 -0.231379 2 6 1
0.00424918 -0.233379 -0.233379 2 6 1
0.00421339 -0.235379 -0.235379 2 6 1
0.00417821 -0.237378 -0.237378 2 6 1
0.0041436 -0.239378 -0.239378 2 6 1
0.00410956 -0.241378 -0.241378 2 6 1
0.00407608 -0.243378 -0.243378 2 6 1
0.00404314 -0.245377 -0.245377 2 6 1
0.00401073 -0.247377 -0.247377 2 6 1
0.00397883 -0.249377 -0.249377 2 6 1
0.00394744 -0.251376 -0.251376 2 6 1
0.00391653 -0.253376 -0.253376 2 6 1
0.00388611 -0.255376 -0.255376 2 6 1
0.00385615 -0.257376 -0.257376 2 6 1
0.00382666 -0.259376 -0.259376 2 6 1
0.00379761 -0.261375 -0.261375 2 6 1
0.003769 -0.263375 -0.263375 2 6 1
0.00374081 -0.265375 -0.265375 2 6 1
0.00371305 -0.267375 -0.267375 2 6 1
0.00368569 -0.269375 -0.269375 2 6 1
0.00365874 -0.271374 -0.271374 2 6 1
0.00363217 -0.273374 -0.273374 2 6 1
0.00360599 -0.275374 -0.275374 2 6 1
0.00358018 -0.277374 -0.277374 2 6 1
0.00355474 -0.279374 -0.279374 2 6 1
0.00352966 -0.281374 -0.281374 2 6 1
0.00350493 -0.283373 -0.283373 2 6 1
0.00348054 -0.285373 -0.285373 2 6 1
0.00345649 -0.287373 -0.287373 2 6 1
0.00343277 -0.289373 -0.289373 2 6 1
0.00340937 -0.291373 -0.291373 2 6 1
0.00338629 -0.293373 -0.293373 2 6 1
0.00336353 -0.295373 -0.295373 2 6 1
0.00334106 -0.297372 -0.297372 2 6 1
0.00331889 -0.299372 -0.299372 2 6 1
0.00329702 -0.301372 -0.301372 2 6 1
0.00327543 -0.303372 -0.303372 2 6 1
0.00325412 -0.305372 -0.305372 2 6 1
0.00323309 -0.307372 -0.307372 2 6 1
0.00321233 -0.309372 -0.309372 2 6 1
0.00319183 -0.311372 -0.311372 2 6 1
0.00317159 -0.313372 -0.313372 2 6 1
0.00315161 -0.315371 -0.315371 2 6 1
0.00313188 -0.317371 -0.317371 2 6 1
0.00311239 -0.319371 -0.319371 2 6 1
0.00309314 -0.321371 -0.321371 2 6 1
0.00307413 -0.323371 -0.323371 2 6 1
0.00305535 -0.325371 -0.325371 2 6 1
0.00303681 -0.327371 -0.327371 2 6 1
0.00301848 -0.329371 -0.329371 2 6 1
0.00300037 -0.331371 -0.331371 2 6 1
0.00298248 -0.333371 -0.333371 2 6 1
0.00296481 -0.335371 -0.335371 2 6 1
0.00294734 -0.337371 -0.337371 2 6 1
0.00293007 -0.33937 -0.33937 2 6 1
0.00291301 -0.34137 -0.34137 2 6 1
0.00289614 -0.34337 -0.34337 2 6 1
0.00287947 -0.34537 -0.34537 2 6 1
0.00286299 -0.34737 -0.34737 2 6 1
0.00284669 -0.34937 -0.34937 2 6 1
0.00283058 -0.35137 -0.35137 2 6 1
0.00281466 -0.35337 -0.35337 2 6 1
0.00279891 -0.35537 -0.35537 2 6 1
0.00278333 -0.35737 -0.35737 2 6 1
0.00276793 -0.35937 -0.35937 2 6 1
0.0027527 -0.36137 -0.36137 2 6 1
0.00273763 -0.36337 -0.36337 2 6 1
0.00272273 -0.36537 -0.36537 2 6 1
0.00270799 -0.36737 -0.36737 2 6 1
0.00269341 -0.36937 -0.36937 2 6 1
0.00267898 -0.371369 -0.371369 2 6 1
0.00266471 -0.373369 -0.373369 2 6 1
0.00265059 -0.375369 -0.375369 2 6 1
0.00263661 -0.377369 -0.377369 2 6 1
0.00262279 -0.379369 -0.379369 2 6 1
0.00260911 -0.381369 -0.381369 2 6 1
0.00259557 -0.383369 -0.383369 2 6 1
0.00258217 -0.385369 -0.385369 2 6 1
0.00256891 -0.387369 -0.387369 2 6 1
0.00255578 -0.389369 -0.389369 2 6 1
0.00254279 -0.391369 -0.391369 2 6 1
0.00252993 -0.393369 -0.393369 2 6 1
0.00251719 -0.395369 -0.395369 2 6 1
0.00250459 -0.397369 -0.397369 2 6 1
0.00249211 -0.399369 -0.399369 2 6 1
0.00247976 -0.401369 -0.401369 2 6 1
0.00246752 -0.403369 -0.403369 2 6 1
0.00245541 -0.405369 -0.405369 2 6 1
0.00244341 -0.407369 -0.407369 2 6 1
0.00243154 -0.409369 -0.409369 2 6 1
0.00241977 -0.411369 -0.411369 2 6 1
0.00240812 -0.413369 -0.413369 2 6 1
0.00239658 -0.415369 -0.415369 2 6 1
0.00238515 -0.417369 -0.417369 2 6 1
0.00237383 -0.419368 -0.419368 2 6 1
0.00236262 -0.421368 -0.421368 2 6 1
0.00235151 -0.423368 -0.423368 2 6 1
0.124081 -0.0053591 -0.0053591 2 6 1
0.12428 -0.00534408 -0.00534408 2 6 1
0.124379 -0.00533582 -0.00533582 2 6 1
0.124479 -0.00532756 -0.00532756 2 6 1
0.124578 -0.0053193 -0.0053193 2 6 1
0.124678 -0.00531105 -0.00531105 2 6 1
0.124777 -0.00530279 -0.00530279 2 6 1
0.124877 -0.00529454 -0.00529454 2 6 1
0.124976 -0.00528628 -0.00528628 2 6 1
0.125076 -0.00527803 -0.00527803 2 6 1
0.125175 -0.00526978 -0.00526978 2 6 1
0.125275 -0.00526153 -0.00526153 2 6 1
0.125375 -0.00525328 -0.00525328 2 6 1
0.125474 -0.00524503 -0.00524503 2 6 1
0.125574 -0.00523678 -0.00523678 2 6 1
0.125673 -0.00522853 -0.00522853 2 6 1
0.125773 -0.00522028 -0.00522028 2 6 1
0.125872 -0.00521203 -0.00521203 2 6 1
0.125972 -0.00520378 -0.00520378 2 6 1
0.126071 -0.00519552 -0.00519552 2 6 1
0.126171 -0.00518727 -0.00518727 2 6 1
0.12627 -0.00517902 -0.00517902 2 6 1
0.12637 -0.00517077 -0.00517077 2 6 1
0.126469 -0.00516251 -0.00516251 2 6 1
0.126569 -0.00515426 -0.00515426 2 6 1
0.126668 -0.005146 -0.005146 2 6 1
0.126768 -0.00513774 -0.00513774 2 6 1
0.126867 -0.00512948 -0.00512948 2 6 1
0.126967 -0.00512122 -0.00512122 2 6 1
0.127067 -0.00511296 -0.00511296 2 6 1
0.127166 -0.00510469 -0.00510469 2 6 1
0.127266 -0.00509642 -0.00509642 2 6 1
0.127365 -0.00508815 -0.00508815 2 6 1
0.127465 -0.00507988 -0.00507988 2 6 1
0.127564 -0.00507161 -0.00507161 2 6 1
0.127664 -0.00506333 -0.00506333 2 6 1
0.127763 -0.00505505 -0.00505505 2 6 1
0.127863 -0.00504676 -0.00504676 2 6 1
0.127962 -0.00503847 -0.00503847 2 6 1
0.128062 -0.00503018 -0.00503018 2 6 1
0.128161 -0.00502189 -0.00502189 2 6 1
0.128261 -0.00501359 -0.00501359 2 6 1
0.12836 -0.00500528 -0.00500528 2 6 1
0.12846 -0.00499697 -0.00499697 2 6 1
0.128559 -0.00498866 -0.00498866 2 6 1
0.128659 -0.00498034 -0.00498034 2 6 1
0.128758 -0.00497202 -0.00497202 2 6 1
0.128858 -0.00496369 -0.00496369 2 6 1
0.128958 -0.00495536 -0.00495536 2 6 1
0.129057 -0.00494702 -0.00494702 2 6 1
0.129157 -0.00493868 -0.00493868 2 6 1
0.129256 -0.00493032 -0.00493032 2 6 1
0.129356 -0.00492197 -0.00492197 2 6 1
0.129455 -0.0049136 -0.0049136 2 6 1
0.129555 -0.00490523 -0.00490523 2 6 1
0.129654 -0.00489685 -0.00489685 2 6 1
0.129754 -0.00488847 -0.00488847 2 6 1
0.129853 -0.00488008 -0.00488008 2 6 1
0.129953 -0.00487167 -0.00487167 2 6 1
0.130052 -0.00486326 -0.00486326 2 6 1
0.130152 -0.00485485 -0.00485485 2 6 1
0.130251 -0.00484642 -0.00484642 2 6 1
0.130351 -0.00483799 -0.00483799 2 6 1
0.13045 -0.00482954 -0.00482954 2 6 1
0.13055 -0.00482109 -0.00482109 2 6 1
0.130649 -0.00481262 -0.00481262 2 6 1
0.130749 -0.00480415 -0.00480415 2 6 1
0.130848 -0.00479566 -0.00479566 2 6 1
0.130948 -0.00478717 -0.00478717 2 6 1
0.131047 -0.00477866 -0.00477866 2 6 1
0.131147 -0.00477014 -0.00477014 2 6 1
0.131246 -0.00476161 -0.00476161 2 6 1
0.131346 -0.00475307 -0.00475307 2 6 1
0.131445 -0.00474451 -0.00474451 2 6 1
0.131545 -0.00473594 -0.00473594 2 6 1
0.131644 -0.00472736 -0.00472736 2 6 1
0.131744 -0.00471876 -0.00471876 2 6 1
0.131843 -0.00471015 -0.00471015 2 6 1
0.131943 -0.00470152 -0.00470152 2 6 1
0.132042 -0.00469288 -0.00469288 2 6 1
0.132142 -0.00468423 -0.00468423 2 6 1
0.132241 -0.00467555 -0.00467555 2 6 1
0.132341 -0.00466686 -0.00466686 2 6 1
0.13244 -0.00465816 -0.00465816 2 6 1
0.13254 -0.00464943 -0.00464943 2 6 1
0.132639 -0.00464069 -0.00464069 2 6 1
0.132739 -0.00463193 -0.00463193 2 6 1
0.132838 -0.00462315 -0.00462315 2 6 1
0.132938 -0.00461435 -0.00461435 2 6 1
0.133037 -0.00460553 -0.00460553 2 6 1
0.133137 -0.00459669 -0.00459669 2 6 1
0.133236 -0.00458783 -0.00458783 2 6 1
0.133336 -0.00457894 -0.00457894 2 6 1
0.133435 -0.00457003 -0.00457003 2 6 1
0.133534 -0.0045611 -0.0045611 2 6 1
0.133634 -0.00455214 -0.00455214 2 6 1
0.133733 -0.00454316 -0.00454316 2 6 1
0.133833 -0.00453415 -0.00453415 2 6 1
0.133932 -0.00452512 -0.00452512 2 6 1
0.134032 -0.00451606 -0.00451606 2 6 1
0.134131 -0.00450697 -0.00450697 2 6 1
0.134231 -0.00449785 -0.00449785 2 6 1
0.13433 -0.0044887 -0.0044887 2 6 1
0.134429 -0.00447952 -0.00447952 2 6 1
0.134529 -0.0044703 -0.0044703 2 6 1
0.134628 -0.00446106 -0.00446106 2 6 1
0.134728 -0.00445177 -0.00445177 2 6 1
0.134827 -0.00444246 -0.00444246 2 6 1
0.134927 -0.0044331 -0.0044331 2 6 1
0.135026 -0.00442371 -0.00442371 2 6 1
0.135125 -0.00441428 -0.00441428 2 6 1
0.135225 -0.00440481 -0.00440481 2 6 1
0.135324 -0.0043953 -0.0043953 2 6 1
0.135424 -0.00438574 -0.00438574 2 6 1
0.135523 -0.00437614 -0.00437614 2 6 1
0.135622 -0.00436649 -0.00436649 2 6 1
0.135722 -0.0043568 -0.0043568 2 6 1
0.135821 -0.00434705 -0.00434705 2 6 1
0.135921 -0.00433725 -0.00433725 2 6 1
0.13602 -0.0043274 -0.0043274 2 6 1
0.136119 -0.0043175 -0.0043175 2 6 1
0.136219 -0.00430753 -0.00430753 2 6 1
0.136318 -0.00429751 -0.00429751 2 6 1
0.136417 -0.00428742 -0.00428742 2 6 1
0.136517 -0.00427726 -0.00427726 2 6 1
0.136616 -0.00426704 -0.00426704 2 6 1
0.136715 -0.00425675 -0.00425675 2 6 1
0.136815 -0.00424638 -0.00424638 2 6 1
0.136914 -0.00423594 -0.00423594 2 6 1
0.137013 -0.00422541 -0.00422541 2 6 1
0.137113 -0.0042148 -0.0042148 2 6 1
0.137212 -0.00420411 -0.00420411 2 6 1
0.137311 -0.00419331 -0.00419331 2 6 1
0.13741 -0.00418243 -0.00418243 2 6 1
0.13751 -0.00417144 -0.00417144 2 6 1
0.137609 -0.00416034 -0.00416034 2 6 1
0.137708 -0.00414913 -0.00414913 2 6 1
0.137807 -0.0041378 -0.0041378 2 6 1
0.137906 -0.00412634 -0.00412634 2 6 1
0.138006 -0.00411475 -0.00411475 2 6 1
0.138105 -0.00410302 -0.00410302 2 6 1
0.138204 -0.00409114 -0.00409114 2 6 1
0.138303 -0.0040791 -0.0040791 2 6 1
0.138402 -0.00406688 -0.00406688 2 6 1
0.138501 -0.00405449 -0.00405449 2 6 1
0.1386 -0.0040419 -0.0040419 2 6 1
0.138699 -0.0040291 -0.0040291 2 6 1
0.138798 -0.00401607 -0.00401607 2 6 1
0.138897 -0.00400279 -0.00400279 2 6 1
0.138996 -0.00398925 -0.00398925 2 6 1
0.139095 -0.00397542 -0.00397542 2 6 1
0.139194 -0.00396127 -0.00396127 2 6 1
0.139292 -0.00394676 -0.00394676 2 6 1
0.139391 -0.00393187 -0.00393187 2 6 1
0.13949 -0.00391654 -0.00391654 2 6 1
0.139588 -0.00390072 -0.00390072 2 6 1
0.139687 -0.00388434 -0.00388434 2 6 1
0.139785 -0.00386732 -0.00386732 2 6 1
0.139883 -0.00384956 -0.00384956 2 6 1
0.139981 -0.00383091 -0.00383091 2 6 1
0.140079 -0.0038112 -0.0038112 2 6 1
0.140177 -0.00379019 -0.00379019 2 6 1
0.140274 -0.0037675 -0.0037675 2 6 1
0.140371 -0.00374259 -0.00374259 2 6 1
0.140467 -0.00371454 -0.00371454 2 6 1
0.140561 -0.00368161 -0.00368161 2 6 1
0.140652 -0.00363983 -0.00363983 2 6 1
0.140734 -0.0035756 -0.0035756 2 6 1
0.140522 -0.00346319 -0.00346319 2 6 1
0.140504 -0.00351768 -0.00351768 2 6 1
0.140369 -0.00337374 -0.00337374 2 6 1
0.140284 -0.00340285 -0.00340285 2 6 1
0.140198 -0.00340159 -0.00340159 2 6 1
0.140102 -0.00337744 -0.00337744 2 6 1
0.140003 -0.00336239 -0.00336239 2 6 1
0.139904 -0.0033485 -0.0033485 2 6 1
0.139805 -0.00333557 -0.00333557 2 6 1
0.139706 -0.00332341 -0.00332341 2 6 1
0.139606 -0.00331192 -0.00331192 2 6 1
0.139507 -0.00330101 -0.00330101 2 6 1
0.139408 -0.00329062 -0.00329062 2 6 1
0.139308 -0.00328068 -0.00328068 2 6 1
0.139209 -0.00327116 -0.00327116 2 6 1
0.139109 -0.00326201 -0.00326201 2 6 1
0.13901 -0.00325319 -0.00325319 2 6 1
0.13891 -0.00324469 -0.00324469 2 6 1
0.13881 -0.00323646 -0.00323646 2 6 1
0.138711 -0.0032285 -0.0032285 2 6 1
0.138611 -0.00322078 -0.00322078 2 6 1
0.138511 -0.00321328 -0.00321328 2 6 1
0.138412 -0.003206 -0.003206 2 6 1
0.138312 -0.0031989 -0.0031989 2 6 1
0.138212 -0.00319199 -0.00319199 2 6 1
0.138113 -0.00318526 -0.00318526 2 6 1
0.138013 -0.00317868 -0.00317868 2 6 1
0.137913 -0.00317226 -0.00317226 2 6 1
0.137814 -0.00316598 -0.00316598 2 6 1
0.137714 -0.00315983 -0.00315983 2 6 1
0.137614 -0.00315382 -0.00315382 2 6 1
0.137514 -0.00314793 -0.00314793 2 6 1
0.137514 -0.00314793 -0.00314793 2 6 1
0.137714 -0.00315985 -0.00315985 2 6 1
0.137814 -0.00316599 -0.00316599 2 6 1
0.137913 -0.00317227 -0.00317227 2 6 1
0.138013 -0.0031787 -0.0031787 2 6 1
0.138113 -0.00318527 -0.00318527 2 6 1
0.138212 -0.00319201 -0.00319201 2 6 1
0.138312 -0.00319893 -0.00319893 2 6 1
0.138412 -0.00320602 -0.00320602 2 6 1
0.138511 -0.00321331 -0.00321331 2 6 1
0.138611 -0.00322081 -0.00322081 2 6 1
0.138711 -0.00322854 -0.00322854 2 6 1
0.13881 -0.00323651 -0.00323651 2 6 1
0.13891 -0.00324474 -0.00324474 2 6 1
0.13901 -0.00325325 -0.00325325 2 6 1
0.139109 -0.00326207 -0.00326207 2 6 1
0.139209 -0.00327124 -0.00327124 2 6 1
0.139308 -0.00328077 -0.00328077 2 6 1
0.139408 -0.00329073 -0.00329073 2 6 1
0.139507 -0.00330115 -0.00330115 2 6 1
0.139606 -0.00331209 -0.00331209 2 6 1
0.139706 -0.00332363 -0.00332363 2 6 1
0.139805 -0.00333586 -0.00333586 2 6 1
0.139904 -0.00334889 -0.00334889 2 6 1
0.140003 -0.00336288 -0.00336288 2 6 1
0.140102 -0.00337802 -0.00337802 2 6 1
0.1402 -0.00339461 -0.00339461 2 6 1
0.140299 -0.00341307 -0.00341307 2 6 1
0.140396 -0.00343406 -0.00343406 2 6 1
0.140494 -0.00345874 -0.00345874 2 6 1
0.140589 -0.00348942 -0.00348942 2 6 1
0.140681 -0.00353206 -0.00353206 2 6 1
0.140895 -0.00342246 -0.00342246 2 6 1
0.140978 -0.00385053 -0.00385053 2 6 1
0.140825 -0.00375786 -0.00375786 2 6 1
0.140722 -0.00352636 -0.00352636 2 6 1
0.140714 -0.00363214 -0.00363214 2 6 1
0.140668 -0.00341774 -0.00341774 2 6 1
0.140562 -0.00338208 -0.00338208 2 6 1
0.140429 -0.00339746 -0.00339746 2 6 1
0.140319 -0.0034287 -0.0034287 2 6 1
0.140225 -0.00341363 -0.00341363 2 6 1
0.140131 -0.00337699 -0.00337699 2 6 1
0.140018 -0.00335604 -0.00335604 2 6 1
0.139968 -0.00335536 -0.00335536 2 6 1
0.139889 -0.00334739 -0.00334739 2 6 1
0.139793 -0.00333419 -0.00333419 2 6 1
0.139694 -0.00332201 -0.00332201 2 6 1
0.139595 -0.00331059 -0.00331059 2 6 1
0.139495 -0.00329975 -0.00329975 2 6 1
0.139396 -0.00328941 -0.00328941 2 6 1
0.139296 -0.00327953 -0.00327953 2 6 1
0.139197 -0.00327005 -0.00327005 2 6 1
0.139097 -0.00326094 -0.00326094 2 6 1
0.138998 -0.00325216 -0.00325216 2 6 1
0.138898 -0.00324369 -0.00324369 2 6 1
0.138799 -0.0032355 -0.0032355 2 6 1
0.138699 -0.00322757 -0.00322757 2 6 1
0.138599 -0.00321988 -0.00321988 2 6 1
0.1385 -0.00321241 -0.00321241 2 6 1
0.1384 -0.00320514 -0.00320514 2 6 1
0.1383 -0.00319807 -0.00319807 2 6 1
0.138201 -0.00319118 -0.00319118 2 6 1
0.138101 -0.00318446 -0.00318446 2 6 1
0.138001 -0.00317791 -0.00317791 2 6 1
0.137901 -0.0031715 -0.0031715 2 6 1
0.137802 -0.00316524 -0.00316524 2 6 1
0.137702 -0.00315911 -0.00315911 2 6 1
0.137602 -0.00315311 -0.00315311 2 6 1
0.137502 -0.00314724 -0.00314724 2 6 1
0.137403 -0.00314148 -0.00314148 2 6 1
0.137303 -0.00313583 -0.00313583 2 6 1
0.137203 -0.00313029 -0.00313029 2 6 1
0.137103 -0.00312485 -0.00312485 2 6 1
0.137004 -0.00311951 -0.00311951 2 6 1
0.136904 -0.00311427 -0.00311427 2 6 1
0.136804 -0.00310911 -0.00310911 2 6 1
0.136704 -0.00310404 -0.00310404 2 6 1
0.136604 -0.00309905 -0.00309905 2 6 1
0.136505 -0.00309414 -0.00309414 2 6 1
0.136405 -0.00308931 -0.00308931 2 6 1
0.136305 -0.00308455 -0.00308455 2 6 1
0.136205 -0.00307986 -0.00307986 2 6 1
0.136105 -0.00307524 -0.00307524 2 6 1
0.136006 -0.00307069 -0.00307069 2 6 1
0.135906 -0.0030662 -0.0030662 2 6 1
0.135806 -0.00306178 -0.00306178 2 6 1
0.135706 -0.00305741 -0.00305741 2 6 1
0.135606 -0.00305311 -0.00305311 2 6 1
0.135506 -0.00304886 -0.00304886 2 6 1
0.135407 -0.00304467 -0.00304467 2 6 1
0.135307 -0.00304052 -0.00304052 2 6 1
0.135207 -0.00303644 -0.00303644 2 6 1
0.135107 -0.0030324 -0.0030324 2 6 1
0.135007 -0.00302841 -0.00302841 2 6 1
0.134907 -0.00302447 -0.00302447 2 6 1
0.134808 -0.00302057 -0.00302057 2 6 1
0.134708 -0.00301672 -0.00301672 2 6 1
0.134608 -0.00301292 -0.00301292 2 6 1
0.134508 -0.00300915 -0.00300915 2 6 1
0.134408 -0.00300543 -0.00300543 2 6 1
0.134308 -0.00300175 -0.00300175 2 6 1
0.134208 -0.00299811 -0.00299811 2 6 1
0.134109 -0.00299451 -0.00299451 2 6 1
0.134009 -0.00299094 -0.00299094 2 6 1
0.133909 -0.00298742 -0.00298742 2 6 1
0.133809 -0.00298392 -0.00298392 2 6 1
0.133709 -0.00298047 -0.00298047 2 6 1
0.133609 -0.00297705 -0.00297705 2 6 1
0.133509 -0.00297366 -0.00297366 2 6 1
0.13341 -0.0029703 -0.0029703 2 6 1
0.13331 -0.00296698 -0.00296698 2 6 1
0.13321 -0.00296369 -0.00296369 2 6 1
0.13311 -0.00296043 -0.00296043 2 6 1
0.13301 -0.0029572 -0.0029572 2 6 1
0.13291 -0.002954 -0.002954 2 6 1
0.13281 -0.00295083 -0.00295083 2 6 1
0.132711 -0.00294769 -0.00294769 2 6 1
0.132611 -0.00294457 -0.00294457 2 6 1
0.132511 -0.00294149 -0.00294149 2 6 1
0.132411 -0.00293843 -0.00293843 2 6 1
0.132311 -0.00293539 -0.00293539 2 6 1
0.132211 -0.00293238 -0.00293238 2 6 1
0.132111 -0.0029294 -0.0029294 2 6 1
0.132011 -0.00292644 -0.00292644 2 6 1
0.131912 -0.00292351 -0.00292351 2 6 1
0.131812 -0.0029206 -0.0029206 2 6 1
0.131712 -0.00291772 -0.00291772 2 6 1
0.131612 -0.00291485 -0.00291485 2 6 1
0.131512 -0.00291201 -0.00291201 2 6 1
0.131412 -0.0029092 -0.0029092 2 6 1
0.131312 -0.0029064 -0.0029064 2 6 1
0.131212 -0.00290363 -0.00290363 2 6 1
0.131113 -0.00290087 -0.00290087 2 6 1
0.131013 -0.00289814 -0.00289814 2 6 1
0.130913 -0.00289543 -0.00289543 2 6 1
0.130813 -0.00289274 -0.00289274 2 6 1
0.130713 -0.00289007 -0.00289007 2 6 1
0.130613 -0.00288742 -0.00288742 2 6 1
0.130513 -0.00288478 -0.00288478 2 6 1
0.130413 -0.00288217 -0.00288217 2 6 1
0.130314 -0.00287958 -0.00287958 2 6 1
0.130214 -0.002877 -0.002877 2 6 1
0.130114 -0.00287444 -0.00287444 2 6 1
0.130014 -0.0028719 -0.0028719 2 6 1
0.129914 -0.00286938 -0.00286938 2 6 1
0.129814 -0.00286687 -0.00286687 2 6 1
0.129714 -0.00286438 -0.00286438 2 6 1
0.129614 -0.00286191 -0.00286191 2 6 1
0.129514 -0.00285945 -0.00285945 2 6 1
0.129415 -0.00285702 -0.00285702 2 6 1
0.129315 -0.00285459 -0.00285459 2 6 1
0.129215 -0.00285219 -0.00285219 2 6 1
0.129115 -0.00284979 -0.00284979 2 6 1
0.129015 -0.00284742 -0.00284742 2 6 1
0.128915 -0.00284506 -0.00284506 2 6 1
0.128815 -0.00284271 -0.00284271 2 6 1
0.128715 -0.00284038 -0.00284038 2 6 1
0.128616 -0.00283806 -0.00283806 2 6 1
0.128516 -0.00283576 -0.00283576 2 6 1
0.128416 -0.00283347 -0.00283347 2 6 1
0.128316 -0.0028312 -0.0028312 2 6 1
0.128216 -0.00282894 -0.00282894 2 6 1
0.128116 -0.00282669 -0.00282669 2 6 1
0.128016 -0.00282446 -0.00282446 2 6 1
0.127916 -0.00282224 -0.00282224 2 6 1
0.127816 -0.00282003 -0.00282003 2 6 1
0.127717 -0.00281784 -0.00281784 2 6 1
0.127617 -0.00281566 -0.00281566 2 6 1
0.127517 -0.00281349 -0.00281349 2 6 1
0.127417 -0.00281133 -0.00281133 2 6 1
0.127317 -0.00280919 -0.00280919 2 6 1
0.127217 -0.00280706 -0.00280706 2 6 1
0.127117 -0.00280494 -0.00280494 2 6 1
0.127017 -0.00280283 -0.00280283 2 6 1
0.126917 -0.00280074 -0.00280074 2 6 1
0.126818 -0.00279866 -0.00279866 2 6 1
0.126718 -0.00279658 -0.00279658 2 6 1
0.126618 -0.00279452 -0.00279452 2 6 1
0.126518 -0.00279247 -0.00279247 2 6 1
0.126418 -0.00279043 -0.00279043 2 6 1
0.126318 -0.00278841 -0.00278841 2 6 1
0.126218 -0.00278639 -0.00278639 2 6 1
0.126118 -0.00278438 -0.00278438 2 6 1
0.126018 -0.00278239 -0.00278239 2 6 1
0.125919 -0.0027804 -0.0027804 2 6 1
0.125819 -0.00277843 -0.00277843 2 6 1
0.125719 -0.00277646 -0.00277646 2 6 1
0.125619 -0.00277451 -0.00277451 2 6 1
0.125519 -0.00277257 -0.00277257 2 6 1
0.125419 -0.00277063 -0.00277063 2 6 1
0.125319 -0.00276871 -0.00276871 2 6 1
0.125219 -0.00276679 -0.00276679 2 6 1
0.125119 -0.00276489 -0.00276489 2 6 1
0.125019 -0.00276299 -0.00276299 2 6 1
0.12492 -0.00276111 -0.00276111 2 6 1
0.12482 -0.00275923 -0.00275923 2 6 1
0.12472 -0.00275736 -0.00275736 2 6 1
0.12462 -0.0027555 -0.0027555 2 6 1
0.12452 -0.00275366 -0.00275366 2 6 1
0.12452 -0.00275366 -0.00275366 2 6 1
0.12472 -0.00275736 -0.00275736 2 6 1
0.12482 -0.00275923 -0.00275923 2 6 1
0.12492 -0.00276111 -0.00276111 2 6 1
0.125019 -0.00276299 -0.00276299 2 6 1
0.125119 -0.00276489 -0.00276489 2 6 1
0.125219 -0.00276679 -0.00276679 2 6 1
0.125319 -0.00276871 -0.00276871 2 6 1
0.125419 -0.00277063 -0.00277063 2 6 1
0.125519 -0.00277257 -0.00277257 2 6 1
0.125619 -0.00277451 -0.00277451 2 6 1
0.125719 -0.00277646 -0.00277646 2 6 1
0.125819 -0.00277843 -0.00277843 2 6 1
0.125919 -0.0027804 -0.0027804 2 6 1
0.126018 -0.00278239 -0.00278239 2 6 1
0.126118 -0.00278438 -0.00278438 2 6 1
0.126218 -0.00278639 -0.00278639 2 6 1
0.126318 -0.00278841 -0.00278841 2 6 1
0.126418 -0.00279043 -0.00279043 2 6 1
0.126518 -0.00279247 -0.00279247 2 6 1
0.126618 -0.00279452 -0.00279452 2 6 1
0.126718 -0.00279658 -0.00279658 2 6 1
0.126818 -0.00279866 -0.00279866 2 6 1
0.126917 -0.00280074 -0.00280074 2 6 1
0.127017 -0.00280283 -0.00280283 2 6 1
0.127117 -0.00280494 -0.00280494 2 6 1
0.127217 -0.00280706 -0.00280706 2 6 1
0.127317 -0.00280919 -0.00280919 2 6 1
0.127417 -0.00281134 -0.00281134 2 6 1
0.127517 -0.00281349 -0.00281349 2 6 1
0.127617 -0.00281566 -0.00281566 2 6 1
0.127717 -0.00281784 -0.00281784 2 6 1
0.127816 -0.00282003 -0.00282003 2 6 1
0.127916 -0.00282224 -0.00282224 2 6 1
0.128016 -0.00282446 -0.00282446 2 6 1
0.128116 -0.00282669 -0.00282669 2 6 1
0.128216 -0.00282894 -0.00282894 2 6 1
0.128316 -0.0028312 -0.0028312 2 6 1
0.128416 -0.00283347 -0.00283347 2 6 1
0.128516 -0.00283576 -0.00283576 2 6 1
0.128616 -0.00283806 -0.00283806 2 6 1
0.128715 -0.00284038 -0.00284038 2 6 1
0.128815 -0.00284271 -0.00284271 2 6 1
0.128915 -0.00284506 -0.00284506 2 6 1
0.129015 -0.00284742 -0.00284742 2 6 1
0.129115 -0.00284979 -0.00284979 2 6 1
0.129215 -0.00285219 -0.00285219 2 6 1
0.129315 -0.00285459 -0.00285459 2 6 1
0.129415 -0.00285702 -0.00285702 2 6 1
0.129514 -0.00285946 -0.00285946 2 6 1
0.129614 -0.00286191 -0.00286191 2 6 1
0.129714 -0.00286438 -0.00286438 2 6 1
0.129814 -0.00286687 -0.00286687 2 6 1
0.129914 -0.00286938 -0.00286938 2 6 1
0.130014 -0.0028719 -0.0028719 2 6 1
0.130114 -0.00287444 -0.00287444 2 6 1
0.130214 -0.002877 -0.002877 2 6 1
0.130314 -0.00287958 -0.00287958 2 6 1
0.130413 -0.00288217 -0.00288217 2 6 1
0.130513 -0.00288478 -0.00288478 2 6 1
0.130613 -0.00288742 -0.00288742 2 6 1
0.130713 -0.00289007 -0.00289007 2 6 1
0.130813 -0.00289274 -0.00289274 2 6 1
0.130913 -0.00289543 -0.00289543 2 6 1
0.131013 -0.00289814 -0.00289814 2 6 1
0.131113 -0.00290087 -0.00290087 2 6 1
0.131212 -0.00290363 -0.00290363 2 6 1
0.131312 -0.0029064 -0.0029064 2 6 1
0.131412 -0.0029092 -0.0029092 2 6 1
0.131512 -0.00291201 -0.00291201 2 6 1
0.131612 -0.00291485 -0.00291485 2 6 1
0.131712 -0.00291772 -0.00291772 2 6 1
0.131812 -0.0029206 -0.0029206 2 6 1
0.131912 -0.00292351 -0.00292351 2 6 1
0.132011 -0.00292645 -0.00292645 2 6 1
0.132111 -0.0029294 -0.0029294 2 6 1
0.132211 -0.00293239 -0.00293239 2 6 1
0.132311 -0.00293539 -0.00293539 2 6 1
0.132411 -0.00293843 -0.00293843 2 6 1
0.132511 -0.00294149 -0.00294149 2 6 1
0.132611 -0.00294458 -0.00294458 2 6 1
0.132711 -0.00294769 -0.00294769 2 6 1
0.13281 -0.00295083 -0.00295083 2 6 1
0.13291 -0.002954 -0.002954 2 6 1
0.13301 -0.0029572 -0.0029572 2 6 1
0.13311 -0.00296043 -0.00296043 2 6 1
0.13321 -0.00296369 -0.00296369 2 6 1
0.13331 -0.00296698 -0.00296698 2 6 1
0.13341 -0.00297031 -0.00297031 2 6 1
0.133509 -0.00297366 -0.00297366 2 6 1
0.133609 -0.00297705 -0.00297705 2 6 1
0.133709 -0.00298047 -0.00298047 2 6 1
0.133809 -0.00298393 -0.00298393 2 6 1
0.133909 -0.00298742 -0.00298742 2 6 1
0.134009 -0.00299094 -0.00299094 2 6 1
0.134109 -0.00299451 -0.00299451 2 6 1
0.134208 -0.00299811 -0.00299811 2 6 1
0.134308 -0.00300175 -0.00300175 2 6 1
0.134408 -0.00300543 -0.00300543 2 6 1
0.134508 -0.00300915 -0.00300915 2 6 1
0.134608 -0.00301292 -0.00301292 2 6 1
0.134708 -0.00301672 -0.00301672 2 6 1
0.134808 -0.00302057 -0.00302057 2 6 1
0.134907 -0.00302447 -0.00302447 2 6 1
0.135007 -0.00302841 -0.00302841 2 6 1
0.135107 -0.0030324 -0.0030324 2 6 1
0.135207 -0.00303644 -0.00303644 2 6 1
0.135307 -0.00304053 -0.00304053 2 6 1
0.135407 -0.00304467 -0.00304467 2 6 1
0.135506 -0.00304886 -0.00304886 2 6 1
0.135606 -0.00305311 -0.00305311 2 6 1
0.135706 -0.00305742 -0.00305742 2 6 1
0.135806 -0.00306178 -0.00306178 2 6 1
0.135906 -0.00306621 -0.00306621 2 6 1
0.136006 -0.00307069 -0.00307069 2 6 1
0.136105 -0.00307525 -0.00307525 2 6 1
0.136205 -0.00307986 -0.00307986 2 6 1
0.136305 -0.00308455 -0.00308455 2 6 1
0.136405 -0.00308931 -0.00308931 2 6 1
0.136505 -0.00309414 -0.00309414 2 6 1
0.136604 -0.00309905 -0.00309905 2 6 1
0.136704 -0.00310404 -0.00310404 2 6 1
0.136804 -0.00310912 -0.00310912 2 6 1
0.136904 -0.00311427 -0.00311427 2 6 1
0.137004 -0.00311952 -0.00311952 2 6 1
0.137103 -0.00312486 -0.00312486 2 6 1
0.137203 -0.0031303 -0.0031303 2 6 1
0.137303 -0.00313584 -0.00313584 2 6 1
0.137403 -0.00314149 -0.00314149 2 6 1
0.137502 -0.00314725 -0.00314725 2 6 1
0.137602 -0.00315313 -0.00315313 2 6 1
0.137702 -0.00315912 -0.00315912 2 6 1
0.137802 -0.00316525 -0.00316525 2 6 1
0.137901 -0.00317152 -0.00317152 2 6 1
0.138001 -0.00317792 -0.00317792 2 6 1
0.138101 -0.00318448 -0.00318448 2 6 1
0.138201 -0.0031912 -0.0031912 2 6 1
0.1383 -0.0031981 -0.0031981 2 6 1
0.1384 -0.00320517 -0.00320517 2 6 1
0.1385 -0.00321244 -0.00321244 2 6 1
0.138599 -0.00321991 -0.00321991 2 6 1
0.138699 -0.00322761 -0.00322761 2 6 1
0.138799 -0.00323554 -0.00323554 2 6 1
0.138898 -0.00324374 -0.00324374 2 6 1
0.138998 -0.00325222 -0.00325222 2 6 1
0.139097 -0.00326101 -0.00326101 2 6 1
0.139197 -0.00327013 -0.00327013 2 6 1
0.139296 -0.00327962 -0.00327962 2 6 1
0.139396 -0.00328952 -0.00328952 2 6 1
0.139495 -0.00329988 -0.00329988 2 6 1
0.139595 -0.00331076 -0.00331076 2 6 1
0.139694 -0.00332222 -0.00332222 2 6 1
0.139793 -0.00333436 -0.00333436 2 6 1
0.139892 -0.00334729 -0.00334729 2 6 1
0.139991 -0.00336116 -0.00336116 2 6 1
0.14009 -0.00337615 -0.00337615 2 6 1
0.140189 -0.00339255 -0.00339255 2 6 1
0.140287 -0.00341076 -0.00341076 2 6 1
0.140385 -0.0034314 -0.0034314 2 6 1
0.140482 -0.00345555 -0.00345555 2 6 1
0.140578 -0.00348532 -0.00348532 2 6 1
0.14067 -0.00352593 -0.00352593 2 6 1
0.140581 -0.00383563 -0.00383563 2 6 1
0.140468 -0.00372112 -0.00372112 2 6 1
0.140406 -0.00367567 -0.00367567 2 6 1
0.140301 -0.00379257 -0.00379257 2 6 1
0.140204 -0.00377701 -0.00377701 2 6 1
0.140112 -0.00380228 -0.00380228 2 6 1
0.140015 -0.00382481 -0.00382481 2 6 1
0.139917 -0.00384369 -0.00384369 2 6 1
0.139819 -0.00386163 -0.00386163 2 6 1
0.13972 -0.00387883 -0.00387883 2 6 1
0.139622 -0.00389537 -0.00389537 2 6 1
0.139523 -0.00391134 -0.00391134 2 6 1
0.139425 -0.0039268 -0.0039268 2 6 1
0.139326 -0.00394182 -0.00394182 2 6 1
0.139227 -0.00395644 -0.00395644 2 6 1
0.139129 -0.0039707 -0.0039707 2 6 1
0.13903 -0.00398462 -0.00398462 2 6 1
0.138931 -0.00399825 -0.00399825 2 6 1
0.138832 -0.00401161 -0.00401161 2 6 1
0.138733 -0.00402472 -0.00402472 2 6 1
0.138634 -0.00403759 -0.00403759 2 6 1
0.138535 -0.00405025 -0.00405025 2 6 1
0.138436 -0.0040627 -0.0040627 2 6 1
0.138337 -0.00407497 -0.00407497 2 6 1
0.138238 -0.00408707 -0.00408707 2 6 1
0.138139 -0.004099 -0.004099 2 6 1
0.138039 -0.00411078 -0.00411078 2 6 1
0.13794 -0.00412242 -0.00412242 2 6 1
0.137841 -0.00413392 -0.00413392 2 6 1
0.137742 -0.00414529 -0.00414529 2 6 1
0.137643 -0.00415654 -0.00415654 2 6 1
0.137543 -0.00416768 -0.00416768 2 6 1
0.137444 -0.0041787 -0.0041787 2 6 1
0.137345 -0.00418962 -0.00418962 2 6 1
0.137246 -0.00420044 -0.00420044 2 6 1
0.137146 -0.00421117 -0.00421117 2 6 1
0.137047 -0.00422181 -0.00422181 2 6 1
0.136948 -0.00423236 -0.00423236 2 6 1
0.12452 -0.00275366 -0.00275366 2 6 1
0.12472 -0.00275736 -0.00275736 2 6 1
0.12482 -0.00275923 -0.00275923 2 6 1
0.12492 -0.00276111 -0.00276111 2 6 1
0.125019 -0.00276299 -0.00276299 2 6 1
0.125119 -0.00276489 -0.00276489 2 6 1
0.125219 -0.00276679 -0.00276679 2 6 1
0.125319 -0.00276871 -0.00276871 2 6 1
0.125419 -0.00277063 -0.00277063 2 6 1
0.125519 -0.00277257 -0.00277257 2 6 1
0.125619 -0.00277451 -0.00277451 2 6 1
0.125719 -0.00277646 -0.00277646 2 6 1
0.125819 -0.00277843 -0.00277843 2 6 1
0.125919 -0.0027804 -0.0027804 2 6 1
0.126018 -0.00278239 -0.00278239 2 6 1
0.126118 -0.00278438 -0.00278438 2 6 1
0.126218 -0.00278639 -0.00278639 2 6 1
0.126318 -0.00278841 -0.00278841 2 6 1
0.126418 -0.00279043 -0.00279043 2 6 1
0.126518 -0.00279247 -0.00279247 2 6 1
0.126618 -0.00279452 -0.00279452 2 6 1
0.126718 -0.00279658 -0.00279658 2 6 1
0.126818 -0.00279866 -0.00279866 2 6 1
0.126917 -0.00280074 -0.00280074 2 6 1
0.127017 -0.00280283 -0.00280283 2 6 1
0.127117 -0.00280494 -0.00280494 2 6 1
0.127217 -0.00280706 -0.00280706 2 6 1
0.127317 -0.00280919 -0.00280919 2 6 1
0.127417 -0.00281134 -0.00281134 2 6 1
0.127517 -0.00281349 -0.00281349 2 6 1
0.127617 -0.00281566 -0.00281566 2 6 1
0.127717 -0.00281784 -0.00281784 2 6 1
0.127816 -0.00282003 -0.00282003 2 6 1
0.127916 -0.00282224 -0.00282224 2 6 1
0.128016 -0.00282446 -0.00282446 2 6 1
0.128116 -0.00282669 -0.00282669 2 6 1
0.128216 -0.00282894 -0.00282894 2 6 1
0.128316 -0.0028312 -0.0028312 2 6 1
0.128416 -0.00283347 -0.00283347 2 6 1
0.128516 -0.00283576 -0.00283576 2 6 1
0.128616 -0.00283806 -0.00283806 2 6 1
0.128715 -0.00284038 -0.00284038 2 6 1
0.128815 -0.00284271 -0.00284271 2 6 1
0.128915 -0.00284506 -0.00284506 2 6 1
0.129015 -0.00284742 -0.00284742 2 6 1
0.129115 -0.00284979 -0.00284979 2 6 1
0.129215 -0.00285219 -0.00285219 2 6 1
0.129315 -0.00285459 -0.00285459 2 6 1
0.129415 -0.00285702 -0.00285702 2 6 1
0.129514 -0.00285946 -0.00285946 2 6 1
0.129614 -0.00286191 -0.00286191 2 6 1
0.129714 -0.00286438 -0.00286438 2 6 1
0.129814 -0.00286687 -0.00286687 2 6 1
0.129914 -0.00286938 -0.00286938 2 6 1
0.130014 -0.0028719 -0.0028719 2 6 1
0.130114 -0.00287444 -0.00287444 2 6 1
0.130214 -0.002877 -0.002877 2 6 1
0.130314 -0.00287958 -0.00287958 2 6 1
0.130413 -0.00288217 -0.00288217 2 6 1
0.130513 -0.00288478 -0.00288478 2 6 1
0.130613 -0.00288742 -0.00288742 2 6 1
0.130713 -0.00289007 -0.00289007 2 6 1
0.130813 -0.00289274 -0.00289274 2 6 1
0.130913 -0.00289543 -0.00289543 2 6 1
0.131013 -0.00289814 -0.00289814 2 6 1
0.131113 -0.00290087 -0.00290087 2 6 1
0.131212 -0.00290363 -0.00290363 2 6 1
0.131312 -0.0029064 -0.0029064 2 6 1
0.131412 -0.0029092 -0.0029092 2 6 1
0.131512 -0.00291201 -0.00291201 2 6 1
0.131612 -0.00291485 -0.00291485 2 6 1
0.131712 -0.00291772 -0.00291772 2 6 1
0.131812 -0.0029206 -0.0029206 2 6 1
0.131912 -0.00292351 -0.00292351 2 6 1
0.132011 -0.00292645 -0.00292645 2 6 1
0.132111 -0.0029294 -0.0029294 2 6 1
0.132211 -0.00293239 -0.00293239 2 6 1
0.132311 -0.00293539 -0.00293539 2 6 1
0.132411 -0.00293843 -0.00293843 2 6 1
0.132511 -0.00294149 -0.00294149 2 6 1
0.132611 -0.00294458 -0.00294458 2 6 1
0.132711 -0.00294769 -0.00294769 2 6 1
0.13281 -0.00295083 -0.00295083 2 6 1
0.13291 -0.002954 -0.002954 2 6 1
0.13301 -0.0029572 -0.0029572 2 6 1
0.13311 -0.00296043 -0.00296043 2 6 1
0.13321 -0.00296369 -0.00296369 2 6 1
0.13331 -0.00296698 -0.00296698 2 6 1
0.13341 -0.00297031 -0.00297031 2 6 1
0.133509 -0.00297366 -0.00297366 2 6 1
0.133609 -0.00297705 -0.00297705 2 6 1
0.133709 -0.00298047 -0.00298047 2 6 1
0.133809 -0.00298393 -0.00298393 2 6 1
0.133909 -0.00298742 -0.00298742 2 6 1
0.134009 -0.00299094 -0.00299094 2 6 1
0.134109 -0.00299451 -0.00299451 2 6 1
0.134208 -0.00299811 -0.00299811 2 6 1
0.134308 -0.00300175 -0.00300175 2 6 1
0.134408 -0.00300543 -0.00300543 2 6 1
0.134508 -0.00300915 -0.00300915 2 6 1
0.134608 -0.00301292 -0.00301292 2 6 1
0.134708 -0.00301672 -0.00301672 2 6 1
0.134808 -0.00302057 -0.00302057 2 6 1
0.134907 -0.00302447 -0.00302447 2 6 1
0.135007 -0.00302841 -0.00302841 2 6 1
0.135107 -0.0030324 -0.0030324 2 6 1
0.135207 -0.00303644 -0.00303644 2 6 1
0.135307 -0.00304053 -0.00304053 2 6 1
0.135407 -0.00304467 -0.00304467 2 6 1
0.135506 -0.00304886 -0.00304886 2 6 1
0.135606 -0.00305311 -0.00305311 2 6 1
0.135706 -0.00305742 -0.00305742 2 6 1
0.135806 -0.00306178 -0.00306178 2 6 1
0.135906 -0.00306621 -0.00306621 2 6 1
0.136006 -0.00307069 -0.00307069 2 6 1
0.136105 -0.00307525 -0.00307525 2 6 1
0.136205 -0.00307986 -0.00307986 2 6 1
0.136305 -0.00308455 -0.00308455 2 6 1
0.136405 -0.00308931 -0.00308931 2 6 1
0.136505 -0.00309414 -0.00309414 2 6 1
0.136604 -0.00309905 -0.00309905 2 6 1
0.136704 -0.00310404 -0.00310404 2 6 1
0.136804 -0.00310912 -0.00310912 2 6 1
0.136904 -0.00311427 -0.00311427 2 6 1
0.137004 -0.00311952 -0.00311952 2 6 1
0.137103 -0.00312486 -0.00312486 2 6 1
0.137203 -0.0031303 -0.0031303 2 6 1
0.137303 -0.00313584 -0.00313584 2 6 1
0.137403 -0.00314149 -0.00314149 2 6 1
0.137502 -0.00314725 -0.00314725 2 6 1
0.137602 -0.00315313 -0.00315313 2 6 1
0.137702 -0.00315912 -0.00315912 2 6 1
0.137802 -0.00316525 -0.00316525 2 6 1
0.137901 -0.00317152 -0.00317152 2 6 1
0.138001 -0.00317792 -0.00317792 2 6 1
0.138101 -0.00318448 -0.00318448 2 6 1
0.138201 -0.0031912 -0.0031912 2 6 1
0.1383 -0.0031981 -0.0031981 2 6 1
0.1384 -0.00320517 -0.00320517 2 6 1
0.1385 -0.00321244 -0.00321244 2 6 1
0.138599 -0.00321991 -0.00321991 2 6 1
0.138699 -0.00322761 -0.00322761 2 6 1
0.138799 -0.00323554 -0.00323554 2 6 1
0.138898 -0.00324374 -0.00324374 2 6 1
0.138998 -0.00325222 -0.00325222 2 6 1
0.139097 -0.00326101 -0.00326101 2 6 1
0.139197 -0.00327013 -0.00327013 2 6 1
0.139296 -0.00327962 -0.00327962 2 6 1
0.139396 -0.00328952 -0.00328952 2 6 1
0.139495 -0.00329988 -0.00329988 2 6 1
0.139595 -0.00331076 -0.00331076 2 6 1
0.139694 -0.00332222 -0.00332222 2 6 1
0.139793 -0.00333436 -0.00333436 2 6 1
0.139892 -0.00334729 -0.00334729 2 6 1
0.139991 -0.00336116 -0.00336116 2 6 1
0.14009 -0.00337615 -0.00337615 2 6 1
0.140189 -0.00339255 -0.00339255 2 6 1
0.140287 -0.00341076 -0.00341076 2 6 1
0.140385 -0.0034314 -0.0034314 2 6 1
0.140482 -0.00345555 -0.00345555 2 6 1
0.140578 -0.00348532 -0.00348532 2 6 1
0.14067 -0.00352593 -0.00352593 2 6 1
0.140581 -0.00383563 -0.00383563 2 6 1
0.140468 -0.00372112 -0.00372112 2 6 1
0.140406 -0.00367567 -0.00367567 2 6 1
0.140301 -0.00379257 -0.00379257 2 6 1
0.140204 -0.00377701 -0.00377701 2 6 1
0.140112 -0.00380228 -0.00380228 2 6 1
0.140015 -0.00382481 -0.00382481 2 6 1
0.139917 -0.00384369 -0.00384369 2 6 1
0.139819 -0.00386163 -0.00386163 2 6 1
0.13972 -0.00387883 -0.00387883 2 6 1
0.139622 -0.00389537 -0.00389537 2 6 1
0.139523 -0.00391134 -0.00391134 2 6 1
0.139425 -0.0039268 -0.0039268 2 6 1
0.139326 -0.00394182 -0.00394182 2 6 1
0.139227 -0.00395644 -0.00395644 2 6 1
0.139129 -0.0039707 -0.0039707 2 6 1
0.13903 -0.00398462 -0.00398462 2 6 1
0.138931 -0.00399825 -0.00399825 2 6 1
0.138832 -0.00401161 -0.00401161 2 6 1
0.138733 -0.00402472 -0.00402472 2 6 1
0.138634 -0.00403759 -0.00403759 2 6 1
0.138535 -0.00405025 -0.00405025 2 6 1
0.138436 -0.0040627 -0.0040627 2 6 1
0.138337 -0.00407497 -0.00407497 2 6 1
0.138238 -0.00408707 -0.00408707 2 6 1
0.138139 -0.004099 -0.004099 2 6 1
0.138039 -0.00411078 -0.00411078 2 6 1
0.13794 -0.00412242 -0.00412242 2 6 1
0.137841 -0.00413392 -0.00413392 2 6 1
0.137742 -0.00414529 -0.00414529 2 6 1
0.137643 -0.00415654 -0.00415654 2 6 1
0.137543 -0.00416768 -0.00416768 2 6 1
0.137444 -0.0041787 -0.0041787 2 6 1
0.137345 -0.00418962 -0.00418962 2 6 1
0.137246 -0.00420044 -0.00420044 2 6 1
0.137146 -0.00421117 -0.00421117 2 6 1
0.137047 -0.00422181 -0.00422181 2 6 1
0.136948 -0.00423236 -0.00423236 2 6 1
0.12452 -0.00275366 -0.00275366 2 6 1
0.12432 -0.00274998 -0.00274998 2 6 1
0.12422 -0.00274816 -0.00274816 2 6 1
0.12412 -0.00274635 -0.00274635 2 6 1
0.124021 -0.00274454 -0.00274454 2 6 1
0.123921 -0.00274274 -0.00274274 2 6 1
0.123821 -0.00274096 -0.00274096 2 6 1
0.123721 -0.00273918 -0.00273918 2 6 1
0.123621 -0.0027374 -0.0027374 2 6 1
0.123521 -0.00273564 -0.00273564 2 6 1
0.123421 -0.00273389 -0.00273389 2 6 1
0.123321 -0.00273214 -0.00273214 2 6 1
0.123221 -0.0027304 -0.0027304 2 6 1
0.123121 -0.00272867 -0.00272867 2 6 1
0.123022 -0.00272694 -0.00272694 2 6 1
0.122922 -0.00272523 -0.00272523 2 6 1
0.122822 -0.00272352 -0.00272352 2 6 1
0.122722 -0.00272182 -0.00272182 2 6 1
0.122622 -0.00272012 -0.00272012 2 6 1
0.122522 -0.00271844 -0.00271844 2 6 1
0.122422 -0.00271676 -0.00271676 2 6 1
0.122322 -0.00271509 -0.00271509 2 6 1
0.122222 -0.00271342 -0.00271342 2 6 1
0.122123 -0.00271177 -0.00271177 2 6 1
0.122023 -0.00271012 -0.00271012 2 6 1
0.121923 -0.00270848 -0.00270848 2 6 1
0.121823 -0.00270684 -0.00270684 2 6 1
0.121723 -0.00270521 -0.00270521 2 6 1
0.121623 -0.00270359 -0.00270359 2 6 1
0.121523 -0.00270198 -0.00270198 2 6 1
0.121423 -0.00270037 -0.00270037 2 6 1
0.121323 -0.00269877 -0.00269877 2 6 1
0.121223 -0.00269717 -0.00269717 2 6 1
0.121124 -0.00269558 -0.00269558 2 6 1
0.121024 -0.002694 -0.002694 2 6 1
0.120924 -0.00269243 -0.00269243 2 6 1
0.120824 -0.00269086 -0.00269086 2 6 1
0.120724 -0.0026893 -0.0026893 2 6 1
0.120624 -0.00268774 -0.00268774 2 6 1
0.120524 -0.00268619 -0.00268619 2 6 1
0.120424 -0.00268465 -0.00268465 2 6 1
0.120324 -0.00268311 -0.00268311 2 6 1
0.120224 -0.00268158 -0.00268158 2 6 1
0.120125 -0.00268005 -0.00268005 2 6 1
0.120025 -0.00267853 -0.00267853 2 6 1
0.119925 -0.00267702 -0.00267702 2 6 1
0.119825 -0.00267551 -0.00267551 2 6 1
0.119725 -0.00267401 -0.00267401 2 6 1
0.119625 -0.00267252 -0.00267252 2 6 1
0.119525 -0.00267103 -0.00267103 2 6 1
0.119425 -0.00266954 -0.00266954 2 6 1
0.119325 -0.00266806 -0.00266806 2 6 1
0.119225 -0.00266659 -0.00266659 2 6 1
0.119126 -0.00266512 -0.00266512 2 6 1
0.119026 -0.00266366 -0.00266366 2 6 1
0.118926 -0.00266221 -0.00266221 2 6 1
0.118826 -0.00266076 -0.00266076 2 6 1
0.118726 -0.00265931 -0.00265931 2 6 1
0.118626 -0.00265787 -0.00265787 2 6 1
0.118526 -0.00265644 -0.00265644 2 6 1
0.118426 -0.00265501 -0.00265501 2 6 1
0.118326 -0.00265358 -0.00265358 2 6 1
0.118227 -0.00265217 -0.00265217 2 6 1
0.118127 -0.00265075 -0.00265075 2 6 1
0.118027 -0.00264934 -0.00264934 2 6 1
0.117927 -0.00264794 -0.00264794 2 6 1
0.117827 -0.00264654 -0.00264654 2 6 1
0.117727 -0.00264515 -0.00264515 2 6 1
0.117627 -0.00264376 -0.00264376 2 6 1
0.117527 -0.00264238 -0.00264238 2 6 1
0.117427 -0.002641 -0.002641 2 6 1
0.117327 -0.00263963 -0.00263963 2 6 1
0.117228 -0.00263826 -0.00263826 2 6 1
0.117128 -0.0026369 -0.0026369 2 6 1
0.117028 -0.00263554 -0.00263554 2 6 1
0.116928 -0.00263419 -0.00263419 2 6 1
0.116828 -0.00263284 -0.00263284 2 6 1
0.116728 -0.00263149 -0.00263149 2 6 1
0.116628 -0.00263015 -0.00263015 2 6 1
0.116528 -0.00262882 -0.00262882 2 6 1
0.116428 -0.00262749 -0.00262749 2 6 1
0.116328 -0.00262616 -0.00262616 2 6 1
0.116229 -0.00262484 -0.00262484 2 6 1
0.116129 -0.00262352 -0.00262352 2 6 1
0.116029 -0.00262221 -0.00262221 2 6 1
0.115929 -0.0026209 -0.0026209 2 6 1
0.115829 -0.0026196 -0.0026196 2 6 1
0.115729 -0.0026183 -0.0026183 2 6 1
0.115629 -0.002617 -0.002617 2 6 1
0.115529 -0.00261571 -0.00261571 2 6 1
0.115429 -0.00261443 -0.00261443 2 6 1
0.115329 -0.00261315 -0.00261315 2 6 1
0.11523 -0.00261187 -0.00261187 2 6 1
0.11513 -0.00261059 -0.00261059 2 6 1
0.11503 -0.00260933 -0.00260933 2 6 1
0.11493 -0.00260806 -0.00260806 2 6 1
0.11483 -0.0026068 -0.0026068 2 6 1
0.11473 -0.00260554 -0.00260554 2 6 1
0.11463 -0.00260429 -0.00260429 2 6 1
0.11453 -0.00260304 -0.00260304 2 6 1
0.11443 -0.0026018 -0.0026018 2 6 1
0.11433 -0.00260056 -0.00260056 2 6 1
0.114231 -0.00259932 -0.00259932 2 6 1
0.114131 -0.00259809 -0.00259809 2 6 1
0.114031 -0.00259686 -0.00259686 2 6 1
0.113931 -0.00259563 -0.00259563 2 6 1
0.113831 -0.00259441 -0.00259441 2 6 1
0.113731 -0.00259319 -0.00259319 2 6 1
0.113631 -0.00259198 -0.00259198 2 6 1
0.113531 -0.00259077 -0.00259077 2 6 1
0.113431 -0.00258956 -0.00258956 2 6 1
0.113331 -0.00258836 -0.00258836 2 6 1
0.113231 -0.00258716 -0.00258716 2 6 1
0.113132 -0.00258597 -0.00258597 2 6 1
0.113032 -0.00258478 -0.00258478 2 6 1
0.112932 -0.00258359 -0.00258359 2 6 1
0.112832 -0.00258241 -0.00258241 2 6 1
0.112732 -0.00258123 -0.00258123 2 6 1
0.112632 -0.00258005 -0.00258005 2 6 1
0.112532 -0.00257888 -0.00257888 2 6 1
0.112432 -0.00257771 -0.00257771 2 6 1
0.112332 -0.00257654 -0.00257654 2 6 1
0.112232 -0.00257538 -0.00257538 2 6 1
0.112133 -0.00257422 -0.00257422 2 6 1
0.112033 -0.00257307 -0.00257307 2 6 1
0.111933 -0.00257191 -0.00257191 2 6 1
0.111833 -0.00257077 -0.00257077 2 6 1
0.111733 -0.00256962 -0.00256962 2 6 1
0.111633 -0.00256848 -0.00256848 2 6 1
0.111533 -0.00256734 -0.00256734 2 6 1
0.111433 -0.00256621 -0.00256621 2 6 1
0.111333 -0.00256507 -0.00256507 2 6 1
0.111233 -0.00256395 -0.00256395 2 6 1
0.111134 -0.00256282 -0.00256282 2 6 1
0.111034 -0.0025617 -0.0025617 2 6 1
0.110934 -0.00256058 -0.00256058 2 6 1
0.110834 -0.00255947 -0.00255947 2 6 1
0.110734 -0.00255835 -0.00255835 2 6 1
0.110634 -0.00255725 -0.00255725 2 6 1
0.110534 -0.00255614 -0.00255614 2 6 1
0.110434 -0.00255504 -0.00255504 2 6 1
0.110334 -0.00255394 -0.00255394 2 6 1
0.110234 -0.00255284 -0.00255284 2 6 1
0.110135 -0.00255175 -0.00255175 2 6 1
0.110035 -0.00255066 -0.00255066 2 6 1
0.109935 -0.00254957 -0.00254957 2 6 1
0.109835 -0.00254849 -0.00254849 2 6 1
0.109735 -0.00254741 -0.00254741 2 6 1
0.109635 -0.00254633 -0.00254633 2 6 1
0.109535 -0.00254525 -0.00254525 2 6 1
0.109435 -0.00254418 -0.00254418 2 6 1
0.109335 -0.00254311 -0.00254311 2 6 1
0.109235 -0.00254205 -0.00254205 2 6 1
0.109136 -0.00254098 -0.00254098 2 6 1
0.109036 -0.00253992 -0.00253992 2 6 1
0.108936 -0.00253887 -0.00253887 2 6 1
0.108836 -0.00253781 -0.00253781 2 6 1
0.108736 -0.00253676 -0.00253676 2 6 1
0.108636 -0.00253571 -0.00253571 2 6 1
0.108536 -0.00253467 -0.00253467 2 6 1
0.108436 -0.00253363 -0.00253363 2 6 1
0.108336 -0.00253259 -0.00253259 2 6 1
0.108236 -0.00253155 -0.00253155 2 6 1
0.108136 -0.00253051 -0.00253051 2 6 1
0.108037 -0.00252948 -0.00252948 2 6 1
0.107937 -0.00252845 -0.00252845 2 6 1
0.107837 -0.00252743 -0.00252743 2 6 1
0.107737 -0.0025264 -0.0025264 2 6 1
0.107637 -0.00252538 -0.00252538 2 6 1
0.107537 -0.00252437 -0.00252437 2 6 1
0.107437 -0.00252335 -0.00252335 2 6 1
0.107337 -0.00252234 -0.00252234 2 6 1
0.107237 -0.00252133 -0.00252133 2 6 1
0.107137 -0.00252032 -0.00252032 2 6 1
0.107038 -0.00251932 -0.00251932 2 6 1
0.106938 -0.00251831 -0.00251831 2 6 1
0.106838 -0.00251732 -0.00251732 2 6 1
0.106738 -0.00251632 -0.00251632 2 6 1
0.106638 -0.00251532 -0.00251532 2 6 1
0.106538 -0.00251433 -0.00251433 2 6 1
0.106438 -0.00251334 -0.00251334 2 6 1
0.106338 -0.00251236 -0.00251236 2 6 1
0.106238 -0.00251137 -0.00251137 2 6 1
0.106138 -0.00251039 -0.00251039 2 6 1
0.106039 -0.00250941 -0.00250941 2 6 1
0.105939 -0.00250844 -0.00250844 2 6 1
0.105839 -0.00250746 -0.00250746 2 6 1
0.105739 -0.00250649 -0.00250649 2 6 1
0.105639 -0.00250552 -0.00250552 2 6 1
0.105539 -0.00250456 -0.00250456 2 6 1
0.105439 -0.00250359 -0.00250359 2 6 1
0.105339 -0.00250263 -0.00250263 2 6 1
0.105239 -0.00250167 -0.00250167 2 6 1
0.105139 -0.00250071 -0.00250071 2 6 1
0.105039 -0.00249976 -0.00249976 2 6 1
0.10494 -0.00249881 -0.00249881 2 6 1
0.10484 -0.00249786 -0.00249786 2 6 1
0.10474 -0.00249691 -0.00249691 2 6 1
0.10464 -0.00249596 -0.00249596 2 6 1
0.10454 -0.00249502 -0.00249502 2 6 1
0.10454 -0.00249502 -0.00249502 2 6 1
0.10434 -0.00249314 -0.00249314 2 6 1
0.10424 -0.00249221 -0.00249221 2 6 1
0.10414 -0.00249127 -0.00249127 2 6 1
0.10404 -0.00249034 -0.00249034 2 6 1
0.103941 -0.00248941 -0.00248941 2 6 1
0.103841 -0.00248849 -0.00248849 2 6 1
0.103741 -0.00248756 -0.00248756 2 6 1
0.103641 -0.00248664 -0.00248664 2 6 1
0.103541 -0.00248572 -0.00248572 2 6 1
0.103441 -0.0024848 -0.0024848 2 6 1
0.103341 -0.00248389 -0.00248389 2 6 1
0.103241 -0.00248297 -0.00248297 2 6 1
0.103141 -0.00248206 -0.00248206 2 6 1
0.103041 -0.00248115 -0.00248115 2 6 1
0.102941 -0.00248025 -0.00248025 2 6 1
0.102842 -0.00247934 -0.00247934 2 6 1
0.102742 -0.00247844 -0.00247844 2 6 1
0.102642 -0.00247754 -0.00247754 2 6 1
0.102542 -0.00247664 -0.00247664 2 6 1
0.102442 -0.00247574 -0.00247574 2 6 1
0.102342 -0.00247485 -0.00247485 2 6 1
0.102242 -0.00247396 -0.00247396 2 6 1
0.102142 -0.00247307 -0.00247307 2 6 1
0.102042 -0.00247218 -0.00247218 2 6 1
0.101942 -0.00247129 -0.00247129 2 6 1
0.101843 -0.00247041 -0.00247041 2 6 1
0.101743 -0.00246953 -0.00246953 2 6 1
0.101643 -0.00246865 -0.00246865 2 6 1
0.101543 -0.00246777 -0.00246777 2 6 1
0.101443 -0.00246689 -0.00246689 2 6 1
0.101343 -0.00246602 -0.00246602 2 6 1
0.101243 -0.00246515 -0.00246515 2 6 1
0.101143 -0.00246428 -0.00246428 2 6 1
0.101043 -0.00246341 -0.00246341 2 6 1
0.100943 -0.00246255 -0.00246255 2 6 1
0.100843 -0.00246168 -0.00246168 2 6 1
0.100744 -0.00246082 -0.00246082 2 6 1
0.100644 -0.00245996 -0.00245996 2 6 1
0.100544 -0.0024591 -0.0024591 2 6 1
0.100444 -0.00245825 -0.00245825 2 6 1
0.100344 -0.00245739 -0.00245739 2 6 1
0.100244 -0.00245654 -0.00245654 2 6 1
0.100144 -0.00245569 -0.00245569 2 6 1
0.100044 -0.00245484 -0.00245484 2 6 1
0.0999443 -0.002454 -0.002454 2 6 1
0.0998444 -0.00245315 -0.00245315 2 6 1
0.0997445 -0.00245231 -0.00245231 2 6 1
0.0996446 -0.00245147 -0.00245147 2 6 1
0.0995447 -0.00245063 -0.00245063 2 6 1
0.0994448 -0.00244979 -0.00244979 2 6 1
0.0993449 -0.00244896 -0.00244896 2 6 1
0.099245 -0.00244812 -0.00244812 2 6 1
0.0991451 -0.00244729 -0.00244729 2 6 1
0.0990452 -0.00244646 -0.00244646 2 6 1
0.0989453 -0.00244564 -0.00244564 2 6 1
0.0988454 -0.00244481 -0.00244481 2 6 1
0.0987455 -0.00244398 -0.00244398 2 6 1
0.0986456 -0.00244316 -0.00244316 2 6 1
0.0985457 -0.00244234 -0.00244234 2 6 1
0.0984458 -0.00244152 -0.00244152 2 6 1
0.0983459 -0.00244071 -0.00244071 2 6 1
0.098246 -0.00243989 -0.00243989 2 6 1
0.0981461 -0.00243908 -0.00243908 2 6 1
0.0980461 -0.00243826 -0.00243826 2 6 1
0.0979462 -0.00243745 -0.00243745 2 6 1
0.0978463 -0.00243665 -0.00243665 2 6 1
0.0977464 -0.00243584 -0.00243584 2 6 1
0.0976465 -0.00243503 -0.00243503 2 6 1
0.0975466 -0.00243423 -0.00243423 2 6 1
0.0974467 -0.00243343 -0.00243343 2 6 1
0.0973468 -0.00243263 -0.00243263 2 6 1
0.0972469 -0.00243183 -0.00243183 2 6 1
0.097147 -0.00243104 -0.00243104 2 6 1
0.0970471 -0.00243024 -0.00243024 2 6 1
0.0969472 -0.00242945 -0.00242945 2 6 1
0.0968473 -0.00242866 -0.00242866 2 6 1
0.0967474 -0.00242787 -0.00242787 2 6 1
0.0966475 -0.00242708 -0.00242708 2 6 1
0.0965476 -0.00242629 -0.00242629 2 6 1
0.0964477 -0.00242551 -0.00242551 2 6 1
0.0963478 -0.00242472 -0.00242472 2 6 1
0.0962478 -0.00242394 -0.00242394 2 6 1
0.0961479 -0.00242316 -0.00242316 2 6 1
0.096048 -0.00242238 -0.00242238 2 6 1
0.0959481 -0.00242161 -0.00242161 2 6 1
0.0958482 -0.00242083 -0.00242083 2 6 1
0.0957483 -0.00242006 -0.00242006 2 6 1
0.0956484 -0.00241929 -0.00241929 2 6 1
0.0955485 -0.00241852 -0.00241852 2 6 1
0.0954486 -0.00241775 -0.00241775 2 6 1
0.0953487 -0.00241698 -0.00241698 2 6 1
0.0952488 -0.00241621 -0.00241621 2 6 1
0.0951489 -0.00241545 -0.00241545 2 6 1
0.095049 -0.00241469 -0.00241469 2 6 1
0.0949491 -0.00241393 -0.00241393 2 6 1
0.0948492 -0.00241317 -0.00241317 2 6 1
0.0947493 -0.00241241 -0.00241241 2 6 1
0.0946494 -0.00241165 -0.00241165 2 6 1
0.0945495 -0.0024109 -0.0024109 2 6 1
0.0944495 -0.00241014 -0.00241014 2 6 1
0.0943496 -0.00240939 -0.00240939 2 6 1
0.0942497 -0.00240864 -0.00240864 2 6 1
0.0941498 -0.00240789 -0.00240789 2 6 1
0.0940499 -0.00240715 -0.00240715 2 6 1
0.09395 -0.0024064 -0.0024064 2 6 1
0.0938501 -0.00240566 -0.00240566 2 6 1
0.0937502 -0.00240491 -0.00240491 2 6 1
0.0936503 -0.00240417 -0.00240417 2 6 1
0.0935504 -0.00240343 -0.00240343 2 6 1
0.0934505 -0.00240269 -0.00240269 2 6 1
0.0933506 -0.00240196 -0.00240196 2 6 1
0.0932507 -0.00240122 -0.00240122 2 6 1
0.0931508 -0.00240049 -0.00240049 2 6 1
0.0930509 -0.00239975 -0.00239975 2 6 1
0.092951 -0.00239902 -0.00239902 2 6 1
0.092851 -0.00239829 -0.00239829 2 6 1
0.0927511 -0.00239756 -0.00239756 2 6 1
0.0926512 -0.00239684 -0.00239684 2 6 1
0.0925513 -0.00239611 -0.00239611 2 6 1
0.0924514 -0.00239539 -0.00239539 2 6 1
0.0923515 -0.00239467 -0.00239467 2 6 1
0.0922516 -0.00239394 -0.00239394 2 6 1
0.0921517 -0.00239322 -0.00239322 2 6 1
0.0920518 -0.00239251 -0.00239251 2 6 1
0.0919519 -0.00239179 -0.00239179 2 6 1
0.091852 -0.00239107 -0.00239107 2 6 1
0.0917521 -0.00239036 -0.00239036 2 6 1
0.0916522 -0.00238964 -0.00238964 2 6 1
0.0915523 -0.00238893 -0.00238893 2 6 1
0.0914524 -0.00238822 -0.00238822 2 6 1
0.0913525 -0.00238751 -0.00238751 2 6 1
0.0912525 -0.00238681 -0.00238681 2 6 1
0.0911526 -0.0023861 -0.0023861 2 6 1
0.0910527 -0.00238539 -0.00238539 2 6 1
0.0909528 -0.00238469 -0.00238469 2 6 1
0.0908529 -0.00238399 -0.00238399 2 6 1
0.090753 -0.00238329 -0.00238329 2 6 1
0.0906531 -0.00238259 -0.00238259 2 6 1
0.0905532 -0.00238189 -0.00238189 2 6 1
0.0904533 -0.00238119 -0.00238119 2 6 1
0.0903534 -0.0023805 -0.0023805 2 6 1
0.0902535 -0.0023798 -0.0023798 2 6 1
0.0901536 -0.00237911 -0.00237911 2 6 1
0.0900537 -0.00237842 -0.00237842 2 6 1
0.0899538 -0.00237773 -0.00237773 2 6 1
0.0898539 -0.00237704 -0.00237704 2 6 1
0.089754 -0.00237635 -0.00237635 2 6 1
0.089654 -0.00237566 -0.00237566 2 6 1
0.0895541 -0.00237498 -0.00237498 2 6 1
0.0894542 -0.00237429 -0.00237429 2 6 1
0.0893543 -0.00237361 -0.00237361 2 6 1
0.0892544 -0.00237293 -0.00237293 2 6 1
0.0891545 -0.00237225 -0.00237225 2 6 1
0.0890546 -0.00237157 -0.00237157 2 6 1
0.0889547 -0.00237089 -0.00237089 2 6 1
0.0888548 -0.00237021 -0.00237021 2 6 1
0.0887549 -0.00236954 -0.00236954 2 6 1
0.088655 -0.00236887 -0.00236887 2 6 1
0.0885551 -0.00236819 -0.00236819 2 6 1
0.0884552 -0.00236752 -0.00236752 2 6 1
0.0883553 -0.00236685 -0.00236685 2 6 1
0.0882553 -0.00236618 -0.00236618 2 6 1
0.0881554 -0.00236551 -0.00236551 2 6 1
0.0880555 -0.00236485 -0.00236485 2 6 1
0.0879556 -0.00236418 -0.00236418 2 6 1
0.0878557 -0.00236352 -0.00236352 2 6 1
0.0877558 -0.00236285 -0.00236285 2 6 1
0.0876559 -0.00236219 -0.00236219 2 6 1
0.087556 -0.00236153 -0.00236153 2 6 1
0.0874561 -0.00236087 -0.00236087 2 6 1
0.0873562 -0.00236021 -0.00236021 2 6 1
0.0872563 -0.00235955 -0.00235955 2 6 1
0.0871564 -0.0023589 -0.0023589 2 6 1
0.0870565 -0.00235824 -0.00235824 2 6 1
0.0869566 -0.00235759 -0.00235759 2 6 1
0.0868567 -0.00235694 -0.00235694 2 6 1
0.0867567 -0.00235628 -0.00235628 2 6 1
0.0866568 -0.00235563 -0.00235563 2 6 1
0.0865569 -0.00235498 -0.00235498 2 6 1
0.086457 -0.00235434 -0.00235434 2 6 1
0.0863571 -0.00235369 -0.00235369 2 6 1
0.0862572 -0.00235304 -0.00235304 2 6 1
0.0861573 -0.0023524 -0.0023524 2 6 1
0.0860574 -0.00235176 -0.00235176 2 6 1
0.0859575 -0.00235111 -0.00235111 2 6 1
0.0858576 -0.00235047 -0.00235047 2 6 1
0.0857577 -0.00234983 -0.00234983 2 6 1
0.0856578 -0.00234919 -0.00234919 2 6 1
0.0855579 -0.00234855 -0.00234855 2 6 1
0.085458 -0.00234792 -0.00234792 2 6 1
0.085358 -0.00234728 -0.00234728 2 6 1
0.0852581 -0.00234665 -0.00234665 2 6 1
0.0851582 -0.00234601 -0.00234601 2 6 1
0.0850583 -0.00234538 -0.00234538 2 6 1
0.0849584 -0.00234475 -0.00234475 2 6 1
0.0848585 -0.00234412 -0.00234412 2 6 1
0.0847586 -0.00234349 -0.00234349 2 6 1
0.0846587 -0.00234286 -0.00234286 2 6 1
0.0845588 -0.00234223 -0.00234223 2 6 1
0.0845588 -0.00234223 -0.00234223 2 6 1
0.084359 -0.00234098 -0.00234098 2 6 1
0.0842591 -0.00234036 -0.00234036 2 6 1
0.0841592 -0.00233974 -0.00233974 2 6 1
0.0840592 -0.00233912 -0.00233912 2 6 1
0.0839593 -0.00233849 -0.00233849 2 6 1
0.0838594 -0.00233787 -0.00233787 2 6 1
0.0837595 -0.00233726 -0.00233726 2 6 1
0.0836596 -0.00233664 -0.00233664 2 6 1
0.0835597 -0.00233602 -0.00233602 2 6 1
0.0834598 -0.00233541 -0.00233541 2 6 1
0.0833599 -0.00233479 -0.00233479 2 6 1
0.08326 -0.00233418 -0.00233418 2 6 1
0.0831601 -0.00233357 -0.00233357 2 6 1
0.0830602 -0.00233296 -0.00233296 2 6 1
0.0829603 -0.00233234 -0.00233234 2 6 1
0.0828604 -0.00233174 -0.00233174 2 6 1
0.0827605 -0.00233113 -0.00233113 2 6 1
0.0826605 -0.00233052 -0.00233052 2 6 1
0.0825606 -0.00232991 -0.00232991 2 6 1
0.0824607 -0.00232931 -0.00232931 2 6 1
0.0823608 -0.0023287 -0.0023287 2 6 1
0.0822609 -0.0023281 -0.0023281 2 6 1
0.082161 -0.0023275 -0.0023275 2 6 1
0.0820611 -0.0023269 -0.0023269 2 6 1
0.0819612 -0.0023263 -0.0023263 2 6 1
0.0818613 -0.0023257 -0.0023257 2 6 1
0.0817614 -0.0023251 -0.0023251 2 6 1
0.0816615 -0.0023245 -0.0023245 2 6 1
0.0815616 -0.00232391 -0.00232391 2 6 1
0.0814616 -0.00232331 -0.00232331 2 6 1
0.0813617 -0.00232272 -0.00232272 2 6 1
0.0812618 -0.00232212 -0.00232212 2 6 1
0.0811619 -0.00232153 -0.00232153 2 6 1
0.081062 -0.00232094 -0.00232094 2 6 1
0.0809621 -0.00232035 -0.00232035 2 6 1
0.0808622 -0.00231976 -0.00231976 2 6 1
0.0807623 -0.00231917 -0.00231917 2 6 1
0.0806624 -0.00231858 -0.00231858 2 6 1
0.0805625 -0.002318 -0.002318 2 6 1
0.0804626 -0.00231741 -0.00231741 2 6 1
0.0803627 -0.00231683 -0.00231683 2 6 1
0.0802628 -0.00231624 -0.00231624 2 6 1
0.0801628 -0.00231566 -0.00231566 2 6 1
0.0800629 -0.00231508 -0.00231508 2 6 1
0.079963 -0.0023145 -0.0023145 2 6 1
0.0798631 -0.00231392 -0.00231392 2 6 1
0.0797632 -0.00231334 -0.00231334 2 6 1
0.0796633 -0.00231276 -0.00231276 2 6 1
0.0795634 -0.00231218 -0.00231218 2 6 1
0.0794635 -0.00231161 -0.00231161 2 6 1
0.0793636 -0.00231103 -0.00231103 2 6 1
0.0792637 -0.00231046 -0.00231046 2 6 1
0.0791638 -0.00230988 -0.00230988 2 6 1
0.0790639 -0.00230931 -0.00230931 2 6 1
0.0789639 -0.00230874 -0.00230874 2 6 1
0.078864 -0.00230817 -0.00230817 2 6 1
0.0787641 -0.0023076 -0.0023076 2 6 1
0.0786642 -0.00230703 -0.00230703 2 6 1
0.0785643 -0.00230646 -0.00230646 2 6 1
0.0784644 -0.00230589 -0.00230589 2 6 1
0.0783645 -0.00230533 -0.00230533 2 6 1
0.0782646 -0.00230476 -0.00230476 2 6 1
0.0781647 -0.0023042 -0.0023042 2 6 1
0.0780648 -0.00230363 -0.00230363 2 6 1
0.0779649 -0.00230307 -0.00230307 2 6 1
0.077865 -0.00230251 -0.00230251 2 6 1
0.077765 -0.00230195 -0.00230195 2 6 1
0.0776651 -0.00230139 -0.00230139 2 6 1
0.0775652 -0.00230083 -0.00230083 2 6 1
0.0774653 -0.00230027 -0.00230027 2 6 1
0.0773654 -0.00229971 -0.00229971 2 6 1
0.0772655 -0.00229915 -0.00229915 2 6 1
0.0771656 -0.0022986 -0.0022986 2 6 1
0.0770657 -0.00229804 -0.00229804 2 6 1
0.0769658 -0.00229749 -0.00229749 2 6 1
0.0768659 -0.00229694 -0.00229694 2 6 1
0.076766 -0.00229638 -0.00229638 2 6 1
0.0766661 -0.00229583 -0.00229583 2 6 1
0.0765661 -0.00229528 -0.00229528 2 6 1
0.0764662 -0.00229473 -0.00229473 2 6 1
0.0763663 -0.00229418 -0.00229418 2 6 1
0.0762664 -0.00229363 -0.00229363 2 6 1
0.0761665 -0.00229309 -0.00229309 2 6 1
0.0760666 -0.00229254 -0.00229254 2 6 1
0.0759667 -0.00229199 -0.00229199 2 6 1
0.0758668 -0.00229145 -0.00229145 2 6 1
0.0757669 -0.0022909 -0.0022909 2 6 1
0.075667 -0.00229036 -0.00229036 2 6 1
0.0755671 -0.00228982 -0.00228982 2 6 1
0.0754672 -0.00228928 -0.00228928 2 6 1
0.0753672 -0.00228874 -0.00228874 2 6 1
0.0752673 -0.0022882 -0.0022882 2 6 1
0.0751674 -0.00228766 -0.00228766 2 6 1
0.0750675 -0.00228712 -0.00228712 2 6 1
0.0749676 -0.00228658 -0.00228658 2 6 1
0.0748677 -0.00228604 -0.00228604 2 6 1
0.0747678 -0.00228551 -0.00228551 2 6 1
0.0746679 -0.00228497 -0.00228497 2 6 1
0.074568 -0.00228444 -0.00228444 2 6 1
0.0744681 -0.00228391 -0.00228391 2 6 1
0.0743682 -0.00228337 -0.00228337 2 6 1
0.0742682 -0.00228284 -0.00228284 2 6 1
0.0741683 -0.00228231 -0.00228231 2 6 1
0.0740684 -0.00228178 -0.00228178 2 6 1
0.0739685 -0.00228125 -0.00228125 2 6 1
0.0738686 -0.00228072 -0.00228072 2 6 1
0.0737687 -0.00228019 -0.00228019 2 6 1
0.0736688 -0.00227967 -0.00227967 2 6 1
0.0735689 -0.00227914 -0.00227914 2 6 1
0.073469 -0.00227861 -0.00227861 2 6 1
0.0733691 -0.00227809 -0.00227809 2 6 1
0.0732692 -0.00227757 -0.00227757 2 6 1
0.0731693 -0.00227704 -0.00227704 2 6 1
0.0730693 -0.00227652 -0.00227652 2 6 1
0.0729694 -0.002276 -0.002276 2 6 1
0.0728695 -0.00227548 -0.00227548 2 6 1
0.0727696 -0.00227496 -0.00227496 2 6 1
0.0726697 -0.00227444 -0.00227444 2 6 1
0.0725698 -0.00227392 -0.00227392 2 6 1
0.0724699 -0.0022734 -0.0022734 2 6 1
0.07237 -0.00227288 -0.00227288 2 6 1
0.0722701 -0.00227237 -0.00227237 2 6 1
0.0721702 -0.00227185 -0.00227185 2 6 1
0.0720703 -0.00227134 -0.00227134 2 6 1
0.0719703 -0.00227082 -0.00227082 2 6 1
0.0718704 -0.00227031 -0.00227031 2 6 1
0.0717705 -0.0022698 -0.0022698 2 6 1
0.0716706 -0.00226928 -0.00226928 2 6 1
0.0715707 -0.00226877 -0.00226877 2 6 1
0.0714708 -0.00226826 -0.00226826 2 6 1
0.0713709 -0.00226775 -0.00226775 2 6 1
0.071271 -0.00226724 -0.00226724 2 6 1
0.0711711 -0.00226674 -0.00226674 2 6 1
0.0710712 -0.00226623 -0.00226623 2 6 1
0.0709712 -0.00226572 -0.00226572 2 6 1
0.0708713 -0.00226521 -0.00226521 2 6 1
0.0707714 -0.00226471 -0.00226471 2 6 1
0.0706715 -0.0022642 -0.0022642 2 6 1
0.0705716 -0.0022637 -0.0022637 2 6 1
0.0704717 -0.0022632 -0.0022632 2 6 1
0.0703718 -0.0022627 -0.0022627 2 6 1
0.0702719 -0.00226219 -0.00226219 2 6 1
0.070172 -0.00226169 -0.00226169 2 6 1
0.0700721 -0.00226119 -0.00226119 2 6 1
0.0699722 -0.00226069 -0.00226069 2 6 1
0.0698722 -0.00226019 -0.00226019 2 6 1
0.0697723 -0.0022597 -0.0022597 2 6 1
0.0696724 -0.0022592 -0.0022592 2 6 1
0.0695725 -0.0022587 -0.0022587 2 6 1
0.0694726 -0.00225821 -0.00225821 2 6 1
0.0693727 -0.00225771 -0.00225771 2 6 1
0.0692728 -0.00225721 -0.00225721 2 6 1
0.0691729 -0.00225672 -0.00225672 2 6 1
0.069073 -0.00225623 -0.00225623 2 6 1
0.0689731 -0.00225573 -0.00225573 2 6 1
0.0688732 -0.00225524 -0.00225524 2 6 1
0.0687732 -0.00225475 -0.00225475 2 6 1
0.0686733 -0.00225426 -0.00225426 2 6 1
0.0685734 -0.00225377 -0.00225377 2 6 1
0.0684735 -0.00225328 -0.00225328 2 6 1
0.0683736 -0.00225279 -0.00225279 2 6 1
0.0682737 -0.00225231 -0.00225231 2 6 1
0.0681738 -0.00225182 -0.00225182 2 6 1
0.0680739 -0.00225133 -0.00225133 2 6 1
0.067974 -0.00225085 -0.00225085 2 6 1
0.0678741 -0.00225036 -0.00225036 2 6 1
0.0677741 -0.00224988 -0.00224988 2 6 1
0.0676742 -0.00224939 -0.00224939 2 6 1
0.0675743 -0.00224891 -0.00224891 2 6 1
0.0674744 -0.00224843 -0.00224843 2 6 1
0.0673745 -0.00224795 -0.00224795 2 6 1
0.0672746 -0.00224746 -0.00224746 2 6 1
0.0671747 -0.00224698 -0.00224698 2 6 1
0.0670748 -0.0022465 -0.0022465 2 6 1
0.0669749 -0.00224603 -0.00224603 2 6 1
0.066875 -0.00224555 -0.00224555 2 6 1
0.066775 -0.00224507 -0.00224507 2 6 1
0.0666751 -0.00224459 -0.00224459 2 6 1
0.0665752 -0.00224411 -0.00224411 2 6 1
0.0664753 -0.00224364 -0.00224364 2 6 1
0.0663754 -0.00224316 -0.00224316 2 6 1
0.0662755 -0.00224269 -0.00224269 2 6 1
0.0661756 -0.00224222 -0.00224222 2 6 1
0.0660757 -0.00224174 -0.00224174 2 6 1
0.0659758 -0.00224127 -0.00224127 2 6 1
0.0658759 -0.0022408 -0.0022408 2 6 1
0.0657759 -0.00224033 -0.00224033 2 6 1
0.065676 -0.00223986 -0.00223986 2 6 1
0.0655761 -0.00223939 -0.00223939 2 6 1
0.0654762 -0.00223892 -0.00223892 2 6 1
0.0653763 -0.00223845 -0.00223845 2 6 1
0.0652764 -0.00223798 -0.00223798 2 6 1
0.0651765 -0.00223751 -0.00223751 2 6 1
0.0650766 -0.00223704 -0.00223704 2 6 1
0.0649767 -0.00223658 -0.00223658 2 6 1
0.0648768 -0.00223611 -0.00223611 2 6 1
0.0647768 -0.00223565 -0.00223565 2 6 1
0.0646769 -0.00223518 -0.00223518 2 6 1
0.064577 -0.00223472 -0.00223472 2 6 1
0.064577 -0.00223472 -0.00223472 2 6 1
0.0643772 -0.00223379 -0.00223379 2 6 1
0.0642773 -0.00223333 -0.00223333 2 6 1
0.0641774 -0.00223287 -0.00223287 2 6 1
0.0640775 -0.00223241 -0.00223241 2 6 1
0.0639776 -0.00223195 -0.00223195 2 6 1
0.0638777 -0.00223149 -0.00223149 2 6 1
0.0637777 -0.00223103 -0.00223103 2 6 1
0.0636778 -0.00223057 -0.00223057 2 6 1
0.0635779 -0.00223011 -0.00223011 2 6 1
0.063478 -0.00222966 -0.00222966 2 6 1
0.0633781 -0.0022292 -0.0022292 2 6 1
0.0632782 -0.00222875 -0.00222875 2 6 1
0.0631783 -0.00222829 -0.00222829 2 6 1
0.0630784 -0.00222784 -0.00222784 2 6 1
0.0629785 -0.00222738 -0.00222738 2 6 1
0.0628786 -0.00222693 -0.00222693 2 6 1
0.0627786 -0.00222647 -0.00222647 2 6 1
0.0626787 -0.00222602 -0.00222602 2 6 1
0.0625788 -0.00222557 -0.00222557 2 6 1
0.0624789 -0.00222512 -0.00222512 2 6 1
0.062379 -0.00222467 -0.00222467 2 6 1
0.0622791 -0.00222422 -0.00222422 2 6 1
0.0621792 -0.00222377 -0.00222377 2 6 1
0.0620793 -0.00222332 -0.00222332 2 6 1
0.0619794 -0.00222287 -0.00222287 2 6 1
0.0618795 -0.00222243 -0.00222243 2 6 1
0.0617795 -0.00222198 -0.00222198 2 6 1
0.0616796 -0.00222153 -0.00222153 2 6 1
0.0615797 -0.00222109 -0.00222109 2 6 1
0.0614798 -0.00222064 -0.00222064 2 6 1
0.0613799 -0.0022202 -0.0022202 2 6 1
0.06128 -0.00221975 -0.00221975 2 6 1
0.0611801 -0.00221931 -0.00221931 2 6 1
0.0610802 -0.00221887 -0.00221887 2 6 1
0.0609803 -0.00221842 -0.00221842 2 6 1
0.0608803 -0.00221798 -0.00221798 2 6 1
0.0607804 -0.00221754 -0.00221754 2 6 1
0.0606805 -0.0022171 -0.0022171 2 6 1
0.0605806 -0.00221666 -0.00221666 2 6 1
0.0604807 -0.00221622 -0.00221622 2 6 1
0.0603808 -0.00221578 -0.00221578 2 6 1
0.0602809 -0.00221534 -0.00221534 2 6 1
0.060181 -0.0022149 -0.0022149 2 6 1
0.0600811 -0.00221447 -0.00221447 2 6 1
0.0599811 -0.00221403 -0.00221403 2 6 1
0.0598812 -0.00221359 -0.00221359 2 6 1
0.0597813 -0.00221316 -0.00221316 2 6 1
0.0596814 -0.00221272 -0.00221272 2 6 1
0.0595815 -0.00221229 -0.00221229 2 6 1
0.0594816 -0.00221185 -0.00221185 2 6 1
0.0593817 -0.00221142 -0.00221142 2 6 1
0.0592818 -0.00221099 -0.00221099 2 6 1
0.0591819 -0.00221056 -0.00221056 2 6 1
0.059082 -0.00221012 -0.00221012 2 6 1
0.058982 -0.00220969 -0.00220969 2 6 1
0.0588821 -0.00220926 -0.00220926 2 6 1
0.0587822 -0.00220883 -0.00220883 2 6 1
0.0586823 -0.0022084 -0.0022084 2 6 1
0.0585824 -0.00220797 -0.00220797 2 6 1
0.0584825 -0.00220754 -0.00220754 2 6 1
0.0583826 -0.00220712 -0.00220712 2 6 1
0.0582827 -0.00220669 -0.00220669 2 6 1
0.0581828 -0.00220626 -0.00220626 2 6 1
0.0580828 -0.00220583 -0.00220583 2 6 1
0.0579829 -0.00220541 -0.00220541 2 6 1
0.057883 -0.00220498 -0.00220498 2 6 1
0.0577831 -0.00220456 -0.00220456 2 6 1
0.0576832 -0.00220413 -0.00220413 2 6 1
0.0575833 -0.00220371 -0.00220371 2 6 1
0.0574834 -0.00220329 -0.00220329 2 6 1
0.0573835 -0.00220286 -0.00220286 2 6 1
0.0572836 -0.00220244 -0.00220244 2 6 1
0.0571836 -0.00220202 -0.00220202 2 6 1
0.0570837 -0.0022016 -0.0022016 2 6 1
0.0569838 -0.00220118 -0.00220118 2 6 1
0.0568839 -0.00220076 -0.00220076 2 6 1
0.056784 -0.00220034 -0.00220034 2 6 1
0.0566841 -0.00219992 -0.00219992 2 6 1
0.0565842 -0.0021995 -0.0021995 2 6 1
0.0564843 -0.00219908 -0.00219908 2 6 1
0.0563844 -0.00219867 -0.00219867 2 6 1
0.0562844 -0.00219825 -0.00219825 2 6 1
0.0561845 -0.00219783 -0.00219783 2 6 1
0.0560846 -0.00219742 -0.00219742 2 6 1
0.0559847 -0.002197 -0.002197 2 6 1
0.0558848 -0.00219659 -0.00219659 2 6 1
0.0557849 -0.00219617 -0.00219617 2 6 1
0.055685 -0.00219576 -0.00219576 2 6 1
0.0555851 -0.00219534 -0.00219534 2 6 1
0.0554852 -0.00219493 -0.00219493 2 6 1
0.0553852 -0.00219452 -0.00219452 2 6 1
0.0552853 -0.00219411 -0.00219411 2 6 1
0.0551854 -0.0021937 -0.0021937 2 6 1
0.0550855 -0.00219328 -0.00219328 2 6 1
0.0549856 -0.00219287 -0.00219287 2 6 1
0.0548857 -0.00219246 -0.00219246 2 6 1
0.0547858 -0.00219206 -0.00219206 2 6 1
0.0546859 -0.00219165 -0.00219165 2 6 1
0.054586 -0.00219124 -0.00219124 2 6 1
0.054486 -0.00219083 -0.00219083 2 6 1
0.0543861 -0.00219042 -0.00219042 2 6 1
0.0542862 -0.00219002 -0.00219002 2 6 1
0.0541863 -0.00218961 -0.00218961 2 6 1
0.0540864 -0.0021892 -0.0021892 2 6 1
0.0539865 -0.0021888 -0.0021888 2 6 1
0.0538866 -0.00218839 -0.00218839 2 6 1
0.0537867 -0.00218799 -0.00218799 2 6 1
0.0536867 -0.00218758 -0.00218758 2 6 1
0.0535868 -0.00218718 -0.00218718 2 6 1
0.0534869 -0.00218678 -0.00218678 2 6 1
0.053387 -0.00218637 -0.00218637 2 6 1
0.0532871 -0.00218597 -0.00218597 2 6 1
0.0531872 -0.00218557 -0.00218557 2 6 1
0.0530873 -0.00218517 -0.00218517 2 6 1
0.0529874 -0.00218477 -0.00218477 2 6 1
0.0528875 -0.00218437 -0.00218437 2 6 1
0.0527875 -0.00218397 -0.00218397 2 6 1
0.0526876 -0.00218357 -0.00218357 2 6 1
0.0525877 -0.00218317 -0.00218317 2 6 1
0.0524878 -0.00218277 -0.00218277 2 6 1
0.0523879 -0.00218237 -0.00218237 2 6 1
0.052288 -0.00218198 -0.00218198 2 6 1
0.0521881 -0.00218158 -0.00218158 2 6 1
0.0520882 -0.00218118 -0.00218118 2 6 1
0.0519883 -0.00218079 -0.00218079 2 6 1
0.0518883 -0.00218039 -0.00218039 2 6 1
0.0517884 -0.00218 -0.00218 2 6 1
0.0516885 -0.0021796 -0.0021796 2 6 1
0.0515886 -0.00217921 -0.00217921 2 6 1
0.0514887 -0.00217882 -0.00217882 2 6 1
0.0513888 -0.00217842 -0.00217842 2 6 1
0.0512889 -0.00217803 -0.00217803 2 6 1
0.051189 -0.00217764 -0.00217764 2 6 1
0.051089 -0.00217725 -0.00217725 2 6 1
0.0509891 -0.00217685 -0.00217685 2 6 1
0.0508892 -0.00217646 -0.00217646 2 6 1
0.0507893 -0.00217607 -0.00217607 2 6 1
0.0506894 -0.00217568 -0.00217568 2 6 1
0.0505895 -0.00217529 -0.00217529 2 6 1
0.0504896 -0.0021749 -0.0021749 2 6 1
0.0503897 -0.00217452 -0.00217452 2 6 1
0.0502897 -0.00217413 -0.00217413 2 6 1
0.0501898 -0.00217374 -0.00217374 2 6 1
0.0500899 -0.00217335 -0.00217335 2 6 1
0.04999 -0.00217297 -0.00217297 2 6 1
0.0498901 -0.00217258 -0.00217258 2 6 1
0.0497902 -0.00217219 -0.00217219 2 6 1
0.0496903 -0.00217181 -0.00217181 2 6 1
0.0495904 -0.00217142 -0.00217142 2 6 1
0.0494905 -0.00217104 -0.00217104 2 6 1
0.0493905 -0.00217065 -0.00217065 2 6 1
0.0492906 -0.00217027 -0.00217027 2 6 1
0.0491907 -0.00216989 -0.00216989 2 6 1
0.0490908 -0.00216951 -0.00216951 2 6 1
0.0489909 -0.00216912 -0.00216912 2 6 1
0.048891 -0.00216874 -0.00216874 2 6 1
0.0487911 -0.00216836 -0.00216836 2 6 1
0.0486912 -0.00216798 -0.00216798 2 6 1
0.0485912 -0.0021676 -0.0021676 2 6 1
0.0484913 -0.00216722 -0.00216722 2 6 1
0.0483914 -0.00216684 -0.00216684 2 6 1
0.0482915 -0.00216646 -0.00216646 2 6 1
0.0481916 -0.00216608 -0.00216608 2 6 1
0.0480917 -0.0021657 -0.0021657 2 6 1
0.0479918 -0.00216532 -0.00216532 2 6 1
0.0478919 -0.00216495 -0.00216495 2 6 1
0.0477919 -0.00216457 -0.00216457 2 6 1
0.047692 -0.00216419 -0.00216419 2 6 1
0.0475921 -0.00216382 -0.00216382 2 6 1
0.0474922 -0.00216344 -0.00216344 2 6 1
0.0473923 -0.00216306 -0.00216306 2 6 1
0.0472924 -0.00216269 -0.00216269 2 6 1
0.0471925 -0.00216232 -0.00216232 2 6 1
0.0470926 -0.00216194 -0.00216194 2 6 1
0.0469926 -0.00216157 -0.00216157 2 6 1
0.0468927 -0.00216119 -0.00216119 2 6 1
0.0467928 -0.00216082 -0.00216082 2 6 1
0.0466929 -0.00216045 -0.00216045 2 6 1
0.046593 -0.00216008 -0.00216008 2 6 1
0.0464931 -0.00215971 -0.00215971 2 6 1
0.0463932 -0.00215933 -0.00215933 2 6 1
0.0462933 -0.00215896 -0.00215896 2 6 1
0.0461933 -0.00215859 -0.00215859 2 6 1
0.0460934 -0.00215822 -0.00215822 2 6 1
0.0459935 -0.00215785 -0.00215785 2 6 1
0.0458936 -0.00215748 -0.00215748 2 6 1
0.0457937 -0.00215712 -0.00215712 2 6 1
0.0456938 -0.00215675 -0.00215675 2 6 1
0.0455939 -0.00215638 -0.00215638 2 6 1
0.045494 -0.00215601 -0.00215601 2 6 1
0.045394 -0.00215564 -0.00215564 2 6 1
0.0452941 -0.00215528 -0.00215528 2 6 1
0.0451942 -0.00215491 -0.00215491 2 6 1
0.0450943 -0.00215455 -0.00215455 2 6 1
0.0449944 -0.00215418 -0.00215418 2 6 1
0.0448945 -0.00215382 -0.00215382 2 6 1
0.0447946 -0.00215345 -0.00215345 2 6 1
0.0446947 -0.00215309 -0.00215309 2 6 1
0.0445947 -0.00215272 -0.00215272 2 6 1
0.0445947 -0.00215272 -0.00215272 2 6 1
0.0443949 -0.002152 -0.002152 2 6 1
0.044295 -0.00215163 -0.00215163 2 6 1
0.0441951 -0.00215127 -0.00215127 2 6 1
0.0440952 -0.00215091 -0.00215091 2 6 1
0.0439953 -0.00215055 -0.00215055 2 6 1
0.0438954 -0.00215019 -0.00215019 2 6 1
0.0437954 -0.00214983 -0.00214983 2 6 1
0.0436955 -0.00214947 -0.00214947 2 6 1
0.0435956 -0.00214911 -0.00214911 2 6 1
0.0434957 -0.00214875 -0.00214875 2 6 1
0.0433958 -0.00214839 -0.00214839 2 6 1
0.0432959 -0.00214803 -0.00214803 2 6 1
0.043196 -0.00214767 -0.00214767 2 6 1
0.0430961 -0.00214731 -0.00214731 2 6 1
0.0429961 -0.00214696 -0.00214696 2 6 1
0.0428962 -0.0021466 -0.0021466 2 6 1
0.0427963 -0.00214624 -0.00214624 2 6 1
0.0426964 -0.00214589 -0.00214589 2 6 1
0.0425965 -0.00214553 -0.00214553 2 6 1
0.0424966 -0.00214518 -0.00214518 2 6 1
0.0423967 -0.00214482 -0.00214482 2 6 1
0.0422968 -0.00214447 -0.00214447 2 6 1
0.0421968 -0.00214411 -0.00214411 2 6 1
0.0420969 -0.00214376 -0.00214376 2 6 1
0.041997 -0.0021434 -0.0021434 2 6 1
0.0418971 -0.00214305 -0.00214305 2 6 1
0.0417972 -0.0021427 -0.0021427 2 6 1
0.0416973 -0.00214234 -0.00214234 2 6 1
0.0415974 -0.00214199 -0.00214199 2 6 1
0.0414974 -0.00214164 -0.00214164 2 6 1
0.0413975 -0.00214129 -0.00214129 2 6 1
0.0412976 -0.00214094 -0.00214094 2 6 1
0.0411977 -0.00214059 -0.00214059 2 6 1
0.0410978 -0.00214024 -0.00214024 2 6 1
0.0409979 -0.00213989 -0.00213989 2 6 1
0.040898 -0.00213954 -0.00213954 2 6 1
0.0407981 -0.00213919 -0.00213919 2 6 1
0.0406981 -0.00213884 -0.00213884 2 6 1
0.0405982 -0.00213849 -0.00213849 2 6 1
0.0404983 -0.00213815 -0.00213815 2 6 1
0.0403984 -0.0021378 -0.0021378 2 6 1
0.0402985 -0.00213745 -0.00213745 2 6 1
0.0401986 -0.0021371 -0.0021371 2 6 1
0.0400987 -0.00213676 -0.00213676 2 6 1
0.0399988 -0.00213641 -0.00213641 2 6 1
0.0398988 -0.00213607 -0.00213607 2 6 1
0.0397989 -0.00213572 -0.00213572 2 6 1
0.039699 -0.00213538 -0.00213538 2 6 1
0.0395991 -0.00213503 -0.00213503 2 6 1
0.0394992 -0.00213469 -0.00213469 2 6 1
0.0393993 -0.00213434 -0.00213434 2 6 1
0.0392994 -0.002134 -0.002134 2 6 1
0.0391994 -0.00213366 -0.00213366 2 6 1
0.0390995 -0.00213331 -0.00213331 2 6 1
0.0389996 -0.00213297 -0.00213297 2 6 1
0.0388997 -0.00213263 -0.00213263 2 6 1
0.0387998 -0.00213229 -0.00213229 2 6 1
0.0386999 -0.00213195 -0.00213195 2 6 1
0.0386 -0.0021316 -0.0021316 2 6 1
0.0385 -0.00213126 -0.00213126 2 6 1
0.0384001 -0.00213092 -0.00213092 2 6 1
0.0383002 -0.00213058 -0.00213058 2 6 1
0.0382003 -0.00213024 -0.00213024 2 6 1
0.0381004 -0.00212991 -0.00212991 2 6 1
0.0380005 -0.00212957 -0.00212957 2 6 1
0.0379006 -0.00212923 -0.00212923 2 6 1
0.0378007 -0.00212889 -0.00212889 2 6 1
0.0377007 -0.00212855 -0.00212855 2 6 1
0.0376008 -0.00212822 -0.00212822 2 6 1
0.0375009 -0.00212788 -0.00212788 2 6 1
0.037401 -0.00212754 -0.00212754 2 6 1
0.0373011 -0.00212721 -0.00212721 2 6 1
0.0372012 -0.00212687 -0.00212687 2 6 1
0.0371013 -0.00212653 -0.00212653 2 6 1
0.0370013 -0.0021262 -0.0021262 2 6 1
0.0369014 -0.00212586 -0.00212586 2 6 1
0.0368015 -0.00212553 -0.00212553 2 6 1
0.0367016 -0.00212519 -0.00212519 2 6 1
0.0366017 -0.00212486 -0.00212486 2 6 1
0.0365018 -0.00212453 -0.00212453 2 6 1
0.0364019 -0.00212419 -0.00212419 2 6 1
0.036302 -0.00212386 -0.00212386 2 6 1
0.036202 -0.00212353 -0.00212353 2 6 1
0.0361021 -0.0021232 -0.0021232 2 6 1
0.0360022 -0.00212286 -0.00212286 2 6 1
0.0359023 -0.00212253 -0.00212253 2 6 1
0.0358024 -0.0021222 -0.0021222 2 6 1
0.0357025 -0.00212187 -0.00212187 2 6 1
0.0356026 -0.00212154 -0.00212154 2 6 1
0.0355026 -0.00212121 -0.00212121 2 6 1
0.0354027 -0.00212088 -0.00212088 2 6 1
0.0353028 -0.00212055 -0.00212055 2 6 1
0.0352029 -0.00212022 -0.00212022 2 6 1
0.035103 -0.00211989 -0.00211989 2 6 1
0.0350031 -0.00211957 -0.00211957 2 6 1
0.0349032 -0.00211924 -0.00211924 2 6 1
0.0348032 -0.00211891 -0.00211891 2 6 1
0.0347033 -0.00211858 -0.00211858 2 6 1
0.0346034 -0.00211826 -0.00211826 2 6 1
0.0345035 -0.00211793 -0.00211793 2 6 1
0.0344036 -0.0021176 -0.0021176 2 6 1
0.0343037 -0.00211728 -0.00211728 2 6 1
0.0342038 -0.00211695 -0.00211695 2 6 1
0.0341038 -0.00211662 -0.00211662 2 6 1
0.0340039 -0.0021163 -0.0021163 2 6 1
0.033904 -0.00211597 -0.00211597 2 6 1
0.0338041 -0.00211565 -0.00211565 2 6 1
0.0337042 -0.00211533 -0.00211533 2 6 1
0.0336043 -0.002115 -0.002115 2 6 1
0.0335044 -0.00211468 -0.00211468 2 6 1
0.0334044 -0.00211436 -0.00211436 2 6 1
0.0333045 -0.00211403 -0.00211403 2 6 1
0.0332046 -0.00211371 -0.00211371 2 6 1
0.0331047 -0.00211339 -0.00211339 2 6 1
0.0330048 -0.00211307 -0.00211307 2 6 1
0.0329049 -0.00211275 -0.00211275 2 6 1
0.032805 -0.00211242 -0.00211242 2 6 1
0.032705 -0.0021121 -0.0021121 2 6 1
0.0326051 -0.00211178 -0.00211178 2 6 1
0.0325052 -0.00211146 -0.00211146 2 6 1
0.0324053 -0.00211114 -0.00211114 2 6 1
0.0323054 -0.00211082 -0.00211082 2 6 1
0.0322055 -0.0021105 -0.0021105 2 6 1
0.0321056 -0.00211019 -0.00211019 2 6 1
0.0320056 -0.00210987 -0.00210987 2 6 1
0.0319057 -0.00210955 -0.00210955 2 6 1
0.0318058 -0.00210923 -0.00210923 2 6 1
0.0317059 -0.00210891 -0.00210891 2 6 1
0.031606 -0.0021086 -0.0021086 2 6 1
0.0315061 -0.00210828 -0.00210828 2 6 1
0.0314062 -0.00210796 -0.00210796 2 6 1
0.0313062 -0.00210765 -0.00210765 2 6 1
0.0312063 -0.00210733 -0.00210733 2 6 1
0.0311064 -0.00210701 -0.00210701 2 6 1
0.0310065 -0.0021067 -0.0021067 2 6 1
0.0309066 -0.00210638 -0.00210638 2 6 1
0.0308067 -0.00210607 -0.00210607 2 6 1
0.0307068 -0.00210575 -0.00210575 2 6 1
0.0306068 -0.00210544 -0.00210544 2 6 1
0.0305069 -0.00210513 -0.00210513 2 6 1
0.030407 -0.00210481 -0.00210481 2 6 1
0.0303071 -0.0021045 -0.0021045 2 6 1
0.0302072 -0.00210419 -0.00210419 2 6 1
0.0301073 -0.00210387 -0.00210387 2 6 1
0.0300074 -0.00210356 -0.00210356 2 6 1
0.0299074 -0.00210325 -0.00210325 2 6 1
0.0298075 -0.00210294 -0.00210294 2 6 1
0.0297076 -0.00210263 -0.00210263 2 6 1
0.0296077 -0.00210232 -0.00210232 2 6 1
0.0295078 -0.00210201 -0.00210201 2 6 1
0.0294079 -0.0021017 -0.0021017 2 6 1
0.029308 -0.00210139 -0.00210139 2 6 1
0.029208 -0.00210108 -0.00210108 2 6 1
0.0291081 -0.00210077 -0.00210077 2 6 1
0.0290082 -0.00210046 -0.00210046 2 6 1
0.0289083 -0.00210015 -0.00210015 2 6 1
0.0288084 -0.00209984 -0.00209984 2 6 1
0.0287085 -0.00209953 -0.00209953 2 6 1
0.0286086 -0.00209922 -0.00209922 2 6 1
0.0285086 -0.00209892 -0.00209892 2 6 1
0.0284087 -0.00209861 -0.00209861 2 6 1
0.0283088 -0.0020983 -0.0020983 2 6 1
0.0282089 -0.00209799 -0.00209799 2 6 1
0.028109 -0.00209769 -0.00209769 2 6 1
0.0280091 -0.00209738 -0.00209738 2 6 1
0.0279092 -0.00209708 -0.00209708 2 6 1
0.0278092 -0.00209677 -0.00209677 2 6 1
0.0277093 -0.00209646 -0.00209646 2 6 1
0.0276094 -0.00209616 -0.00209616 2 6 1
0.0275095 -0.00209586 -0.00209586 2 6 1
0.0274096 -0.00209555 -0.00209555 2 6 1
0.0273097 -0.00209525 -0.00209525 2 6 1
0.0272097 -0.00209494 -0.00209494 2 6 1
0.0271098 -0.00209464 -0.00209464 2 6 1
0.0270099 -0.00209434 -0.00209434 2 6 1
0.02691 -0.00209403 -0.00209403 2 6 1
0.0268101 -0.00209373 -0.00209373 2 6 1
0.0267102 -0.00209343 -0.00209343 2 6 1
0.0266103 -0.00209313 -0.00209313 2 6 1
0.0265103 -0.00209282 -0.00209282 2 6 1
0.0264104 -0.00209252 -0.00209252 2 6 1
0.0263105 -0.00209222 -0.00209222 2 6 1
0.0262106 -0.00209192 -0.00209192 2 6 1
0.0261107 -0.00209162 -0.00209162 2 6 1
0.0260108 -0.00209132 -0.00209132 2 6 1
0.0259109 -0.00209102 -0.00209102 2 6 1
0.0258109 -0.00209072 -0.00209072 2 6 1
0.025711 -0.00209042 -0.00209042 2 6 1
0.0256111 -0.00209012 -0.00209012 2 6 1
0.0255112 -0.00208982 -0.00208982 2 6 1
0.0254113 -0.00208952 -0.00208952 2 6 1
0.0253114 -0.00208923 -0.00208923 2 6 1
0.0252114 -0.00208893 -0.00208893 2 6 1
0.0251115 -0.00208863 -0.00208863 2 6 1
0.0250116 -0.00208833 -0.00208833 2 6 1
0.0249117 -0.00208804 -0.00208804 2 6 1
0.0248118 -0.00208774 -0.00208774 2 6 1
0.0247119 -0.00208744 -0.00208744 2 6 1
0.024612 -0.00208715 -0.00208715 2 6 1
0.024612 -0.00208715 -0.00208715 2 6 1
0.0244121 -0.00208655 -0.00208655 2 6 1
0.0243122 -0.00208626 -0.00208626 2 6 1
0.0242123 -0.00208596 -0.00208596 2 6 1
0.0241124 -0.00208567 -0.00208567 2 6 1
0.0240125 -0.00208537 -0.00208537 2 6 1
0.0239125 -0.00208508 -0.00208508 2 6 1
0.0238126 -0.00208479 -0.00208479 2 6 1
0.0237127 -0.00208449 -0.00208449 2 6 1
0.0236128 -0.0020842 -0.0020842 2 6 1
0.0235129 -0.0020839 -0.0020839 2 6 1
0.023413 -0.00208361 -0.00208361 2 6 1
0.0233131 -0.00208332 -0.00208332 2 6 1
0.0232131 -0.00208303 -0.00208303 2 6 1
0.0231132 -0.00208273 -0.00208273 2 6 1
0.0230133 -0.00208244 -0.00208244 2 6 1
0.0229134 -0.00208215 -0.00208215 2 6 1
0.0228135 -0.00208186 -0.00208186 2 6 1
0.0227136 -0.00208157 -0.00208157 2 6 1
0.0226136 -0.00208128 -0.00208128 2 6 1
0.0225137 -0.00208099 -0.00208099 2 6 1
0.0224138 -0.0020807 -0.0020807 2 6 1
0.0223139 -0.00208041 -0.00208041 2 6 1
0.022214 -0.00208012 -0.00208012 2 6 1
0.0221141 -0.00207983 -0.00207983 2 6 1
0.0220142 -0.00207954 -0.00207954 2 6 1
0.0219142 -0.00207925 -0.00207925 2 6 1
0.0218143 -0.00207896 -0.00207896 2 6 1
0.0217144 -0.00207867 -0.00207867 2 6 1
0.0216145 -0.00207839 -0.00207839 2 6 1
0.0215146 -0.0020781 -0.0020781 2 6 1
0.0214147 -0.00207781 -0.00207781 2 6 1
0.0213147 -0.00207752 -0.00207752 2 6 1
0.0212148 -0.00207724 -0.00207724 2 6 1
0.0211149 -0.00207695 -0.00207695 2 6 1
0.021015 -0.00207666 -0.00207666 2 6 1
0.0209151 -0.00207638 -0.00207638 2 6 1
0.0208152 -0.00207609 -0.00207609 2 6 1
0.0207153 -0.00207581 -0.00207581 2 6 1
0.0206153 -0.00207552 -0.00207552 2 6 1
0.0205154 -0.00207524 -0.00207524 2 6 1
0.0204155 -0.00207495 -0.00207495 2 6 1
0.0203156 -0.00207467 -0.00207467 2 6 1
0.0202157 -0.00207438 -0.00207438 2 6 1
0.0201158 -0.0020741 -0.0020741 2 6 1
0.0200158 -0.00207381 -0.00207381 2 6 1
0.0199159 -0.00207353 -0.00207353 2 6 1
0.019816 -0.00207325 -0.00207325 2 6 1
0.0197161 -0.00207296 -0.00207296 2 6 1
0.0196162 -0.00207268 -0.00207268 2 6 1
0.0195163 -0.0020724 -0.0020724 2 6 1
0.0194163 -0.00207212 -0.00207212 2 6 1
0.0193164 -0.00207183 -0.00207183 2 6 1
0.0192165 -0.00207155 -0.00207155 2 6 1
0.0191166 -0.00207127 -0.00207127 2 6 1
0.0190167 -0.00207099 -0.00207099 2 6 1
0.0189168 -0.00207071 -0.00207071 2 6 1
0.0188169 -0.00207043 -0.00207043 2 6 1
0.0187169 -0.00207015 -0.00207015 2 6 1
0.018617 -0.00206987 -0.00206987 2 6 1
0.0185171 -0.00206959 -0.00206959 2 6 1
0.0184172 -0.00206931 -0.00206931 2 6 1
0.0183173 -0.00206903 -0.00206903 2 6 1
0.0182174 -0.00206875 -0.00206875 2 6 1
0.0181174 -0.00206847 -0.00206847 2 6 1
0.0180175 -0.00206819 -0.00206819 2 6 1
0.0179176 -0.00206791 -0.00206791 2 6 1
0.0178177 -0.00206764 -0.00206764 2 6 1
0.0177178 -0.00206736 -0.00206736 2 6 1
0.0176179 -0.00206708 -0.00206708 2 6 1
0.0175179 -0.0020668 -0.0020668 2 6 1
0.017418 -0.00206653 -0.00206653 2 6 1
0.0173181 -0.00206625 -0.00206625 2 6 1
0.0172182 -0.00206597 -0.00206597 2 6 1
0.0171183 -0.0020657 -0.0020657 2 6 1
0.0170184 -0.00206542 -0.00206542 2 6 1
0.0169184 -0.00206514 -0.00206514 2 6 1
0.0168185 -0.00206487 -0.00206487 2 6 1
0.0167186 -0.00206459 -0.00206459 2 6 1
0.0166187 -0.00206432 -0.00206432 2 6 1
0.0165188 -0.00206404 -0.00206404 2 6 1
0.0164189 -0.00206377 -0.00206377 2 6 1
0.016319 -0.00206349 -0.00206349 2 6 1
0.016219 -0.00206322 -0.00206322 2 6 1
0.0161191 -0.00206295 -0.00206295 2 6 1
0.0160192 -0.00206267 -0.00206267 2 6 1
0.0159193 -0.0020624 -0.0020624 2 6 1
0.0158194 -0.00206213 -0.00206213 2 6 1
0.0157195 -0.00206185 -0.00206185 2 6 1
0.0156195 -0.00206158 -0.00206158 2 6 1
0.0155196 -0.00206131 -0.00206131 2 6 1
0.0154197 -0.00206104 -0.00206104 2 6 1
0.0153198 -0.00206076 -0.00206076 2 6 1
0.0152199 -0.00206049 -0.00206049 2 6 1
0.01512 -0.00206022 -0.00206022 2 6 1
0.01502 -0.00205995 -0.00205995 2 6 1
0.0149201 -0.00205968 -0.00205968 2 6 1
0.0148202 -0.00205941 -0.00205941 2 6 1
0.0147203 -0.00205914 -0.00205914 2 6 1
0.0146204 -0.00205887 -0.00205887 2 6 1
0.0145205 -0.0020586 -0.0020586 2 6 1
0.0144205 -0.00205833 -0.00205833 2 6 1
0.0143206 -0.00205806 -0.00205806 2 6 1
0.0142207 -0.00205779 -0.00205779 2 6 1
0.0141208 -0.00205752 -0.00205752 2 6 1
0.0140209 -0.00205725 -0.00205725 2 6 1
0.013921 -0.00205698 -0.00205698 2 6 1
0.013821 -0.00205672 -0.00205672 2 6 1
0.0137211 -0.00205645 -0.00205645 2 6 1
0.0136212 -0.00205618 -0.00205618 2 6 1
0.0135213 -0.00205591 -0.00205591 2 6 1
0.0134214 -0.00205564 -0.00205564 2 6 1
0.0133215 -0.00205538 -0.00205538 2 6 1
0.0132215 -0.00205511 -0.00205511 2 6 1
0.0131216 -0.00205484 -0.00205484 2 6 1
0.0130217 -0.00205458 -0.00205458 2 6 1
0.0129218 -0.00205431 -0.00205431 2 6 1
0.0128219 -0.00205405 -0.00205405 2 6 1
0.012722 -0.00205378 -0.00205378 2 6 1
0.012622 -0.00205351 -0.00205351 2 6 1
0.0125221 -0.00205325 -0.00205325 2 6 1
0.0124222 -0.00205298 -0.00205298 2 6 1
0.0123223 -0.00205272 -0.00205272 2 6 1
0.0122224 -0.00205245 -0.00205245 2 6 1
0.0121225 -0.00205219 -0.00205219 2 6 1
0.0120225 -0.00205193 -0.00205193 2 6 1
0.0119226 -0.00205166 -0.00205166 2 6 1
0.0118227 -0.0020514 -0.0020514 2 6 1
0.0117228 -0.00205114 -0.00205114 2 6 1
0.0116229 -0.00205087 -0.00205087 2 6 1
0.011523 -0.00205061 -0.00205061 2 6 1
0.011423 -0.00205035 -0.00205035 2 6 1
0.0113231 -0.00205008 -0.00205008 2 6 1
0.0112232 -0.00204982 -0.00204982 2 6 1
0.0111233 -0.00204956 -0.00204956 2 6 1
0.0110234 -0.0020493 -0.0020493 2 6 1
0.0109235 -0.00204904 -0.00204904 2 6 1
0.0108235 -0.00204878 -0.00204878 2 6 1
0.0107236 -0.00204851 -0.00204851 2 6 1
0.0106237 -0.00204825 -0.00204825 2 6 1
0.0105238 -0.00204799 -0.00204799 2 6 1
0.0104239 -0.00204773 -0.00204773 2 6 1
0.010324 -0.00204747 -0.00204747 2 6 1
0.010224 -0.00204721 -0.00204721 2 6 1
0.0101241 -0.00204695 -0.00204695 2 6 1
0.0100242 -0.00204669 -0.00204669 2 6 1
0.00992428 -0.00204643 -0.00204643 2 6 1
0.00982437 -0.00204618 -0.00204618 2 6 1
0.00972445 -0.00204592 -0.00204592 2 6 1
0.00962453 -0.00204566 -0.00204566 2 6 1
0.00952462 -0.0020454 -0.0020454 2 6 1
0.0094247 -0.00204514 -0.00204514 2 6 1
0.00932478 -0.00204488 -0.00204488 2 6 1
0.00922486 -0.00204463 -0.00204463 2 6 1
0.00912495 -0.00204437 -0.00204437 2 6 1
0.00902503 -0.00204411 -0.00204411 2 6 1
0.00892511 -0.00204385 -0.00204385 2 6 1
0.0088252 -0.0020436 -0.0020436 2 6 1
0.00872528 -0.00204334 -0.00204334 2 6 1
0.00862536 -0.00204308 -0.00204308 2 6 1
0.00852544 -0.00204283 -0.00204283 2 6 1
0.00842553 -0.00204257 -0.00204257 2 6 1
0.00832561 -0.00204232 -0.00204232 2 6 1
0.00822569 -0.00204206 -0.00204206 2 6 1
0.00812578 -0.00204181 -0.00204181 2 6 1
0.00802586 -0.00204155 -0.00204155 2 6 1
0.00792594 -0.0020413 -0.0020413 2 6 1
0.00782602 -0.00204104 -0.00204104 2 6 1
0.00772611 -0.00204079 -0.00204079 2 6 1
0.00762619 -0.00204053 -0.00204053 2 6 1
0.00752627 -0.00204028 -0.00204028 2 6 1
0.00742635 -0.00204003 -0.00204003 2 6 1
0.00732644 -0.00203977 -0.00203977 2 6 1
0.00722652 -0.00203952 -0.00203952 2 6 1
0.0071266 -0.00203927 -0.00203927 2 6 1
0.00702668 -0.00203901 -0.00203901 2 6 1
0.00692677 -0.00203876 -0.00203876 2 6 1
0.00682685 -0.00203851 -0.00203851 2 6 1
0.00672693 -0.00203826 -0.00203826 2 6 1
0.00662702 -0.002038 -0.002038 2 6 1
0.0065271 -0.00203775 -0.00203775 2 6 1
0.00642718 -0.0020375 -0.0020375 2 6 1
0.00632726 -0.00203725 -0.00203725 2 6 1
0.00622735 -0.002037 -0.002037 2 6 1
0.00612743 -0.00203675 -0.00203675 2 6 1
0.00602751 -0.0020365 -0.0020365 2 6 1
0.00592759 -0.00203625 -0.00203625 2 6 1
0.00582768 -0.00203599 -0.00203599 2 6 1
0.00572776 -0.00203574 -0.00203574 2 6 1
0.00562784 -0.00203549 -0.00203549 2 6 1
0.00552792 -0.00203525 -0.00203525 2 6 1
0.005428 -0.002035 -0.002035 2 6 1
0.00532809 -0.00203475 -0.00203475 2 6 1
0.00522817 -0.0020345 -0.0020345 2 6 1
0.00512825 -0.00203425 -0.00203425 2 6 1
0.00502833 -0.002034 -0.002034 2 6 1
0.00492842 -0.00203375 -0.00203375 2 6 1
0.0048285 -0.0020335 -0.0020335 2 6 1
0.00472858 -0.00203326 -0.00203326 2 6 1
0.00462866 -0.00203301 -0.00203301 2 6 1
0.00462866 -0.00203301 -0.00203301 2 6 1
0.00442883 -0.00203251 -0.00203251 2 6 1
0.00432891 -0.00203227 -0.00203227 2 6 1
0.00422899 -0.00203202 -0.00203202 2 6 1
0.00412907 -0.00203177 -0.00203177 2 6 1
0.00402916 -0.00203153 -0.00203153 2 6 1
0.00392924 -0.00203128 -0.00203128 2 6 1
0.00382932 -0.00203103 -0.00203103 2 6 1
0.0037294 -0.00203079 -0.00203079 2 6 1
0.00362949 -0.00203054 -0.00203054 2 6 1
0.00352957 -0.0020303 -0.0020303 2 6 1
0.00342965 -0.00203005 -0.00203005 2 6 1
0.00332973 -0.00202981 -0.00202981 2 6 1
0.00322981 -0.00202956 -0.00202956 2 6 1
0.0031299 -0.00202932 -0.00202932 2 6 1
0.00302998 -0.00202907 -0.00202907 2 6 1
0.00293006 -0.00202883 -0.00202883 2 6 1
0.00283014 -0.00202858 -0.00202858 2 6 1
0.00273022 -0.00202834 -0.00202834 2 6 1
0.00263031 -0.0020281 -0.0020281 2 6 1
0.00253039 -0.00202785 -0.00202785 2 6 1
0.00243047 -0.00202761 -0.00202761 2 6 1
0.00233055 -0.00202737 -0.00202737 2 6 1
0.00223063 -0.00202712 -0.00202712 2 6 1
0.00213072 -0.00202688 -0.00202688 2 6 1
0.0020308 -0.00202664 -0.00202664 2 6 1
0.00193088 -0.0020264 -0.0020264 2 6 1
0.00183096 -0.00202615 -0.00202615 2 6 1
0.00173104 -0.00202591 -0.00202591 2 6 1
0.00163113 -0.00202567 -0.00202567 2 6 1
0.00153121 -0.00202543 -0.00202543 2 6 1
0.00143129 -0.00202519 -0.00202519 2 6 1
0.00133137 -0.00202495 -0.00202495 2 6 1
0.00123145 -0.00202471 -0.00202471 2 6 1
0.00113154 -0.00202446 -0.00202446 2 6 1
0.00103162 -0.00202422 -0.00202422 2 6 1
0.0009317 -0.00202398 -0.00202398 2 6 1
0.000831782 -0.00202374 -0.00202374 2 6 1
0.000731863 -0.0020235 -0.0020235 2 6 1
0.000631945 -0.00202326 -0.00202326 2 6 1
0.000532027 -0.00202302 -0.00202302 2 6 1
0.000432109 -0.00202279 -0.00202279 2 6 1
0.000332191 -0.00202255 -0.00202255 2 6 1
0.000232272 -0.00202231 -0.00202231 2 6 1
0.000132354 -0.00202207 -0.00202207 2 6 1
3.24358e-05 -0.00202183 -0.00202183 2 6 1
-6.74825e-05 -0.00202159 -0.00202159 2 6 1
-0.000167401 -0.00202135 -0.00202135 2 6 1
-0.000267319 -0.00202112 -0.00202112 2 6 1
-0.000367237 -0.00202088 -0.00202088 2 6 1
-0.000467156 -0.00202064 -0.00202064 2 6 1
-0.000567074 -0.0020204 -0.0020204 2 6 1
-0.000666992 -0.00202017 -0.00202017 2 6 1
-0.000766911 -0.00201993 -0.00201993 2 6 1
-0.000866829 -0.00201969 -0.00201969 2 6 1
-0.000966748 -0.00201946 -0.00201946 2 6 1
-0.00106667 -0.00201922 -0.00201922 2 6 1
-0.00116658 -0.00201898 -0.00201898 2 6 1
-0.0012665 -0.00201875 -0.00201875 2 6 1
-0.00136642 -0.00201851 -0.00201851 2 6 1
-0.00146634 -0.00201828 -0.00201828 2 6 1
-0.00156626 -0.00201804 -0.00201804 2 6 1
-0.00166618 -0.00201781 -0.00201781 2 6 1
-0.0017661 -0.00201757 -0.00201757 2 6 1
-0.00186601 -0.00201734 -0.00201734 2 6 1
-0.00196593 -0.0020171 -0.0020171 2 6 1
-0.00206585 -0.00201687 -0.00201687 2 6 1
-0.00216577 -0.00201663 -0.00201663 2 6 1
-0.00226569 -0.0020164 -0.0020164 2 6 1
-0.00236561 -0.00201616 -0.00201616 2 6 1
-0.00246553 -0.00201593 -0.00201593 2 6 1
-0.00256544 -0.0020157 -0.0020157 2 6 1
-0.00266536 -0.00201546 -0.00201546 2 6 1
-0.00276528 -0.00201523 -0.00201523 2 6 1
-0.0028652 -0.002015 -0.002015 2 6 1
-0.00296512 -0.00201477 -0.00201477 2 6 1
-0.00306504 -0.00201453 -0.00201453 2 6 1
-0.00316496 -0.0020143 -0.0020143 2 6 1
-0.00326487 -0.00201407 -0.00201407 2 6 1
-0.00336479 -0.00201384 -0.00201384 2 6 1
-0.00346471 -0.0020136 -0.0020136 2 6 1
-0.00356463 -0.00201337 -0.00201337 2 6 1
-0.00366455 -0.00201314 -0.00201314 2 6 1
-0.00376447 -0.00201291 -0.00201291 2 6 1
-0.00386439 -0.00201268 -0.00201268 2 6 1
-0.00396431 -0.00201245 -0.00201245 2 6 1
-0.00406422 -0.00201222 -0.00201222 2 6 1
-0.00416414 -0.00201199 -0.00201199 2 6 1
-0.00426406 -0.00201176 -0.00201176 2 6 1
-0.00436398 -0.00201153 -0.00201153 2 6 1
-0.0044639 -0.0020113 -0.0020113 2 6 1
-0.00456382 -0.00201107 -0.00201107 2 6 1
-0.00466374 -0.00201084 -0.00201084 2 6 1
-0.00476366 -0.00201061 -0.00201061 2 6 1
-0.00486357 -0.00201038 -0.00201038 2 6 1
-0.00496349 -0.00201015 -0.00201015 2 6 1
-0.00506341 -0.00200992 -0.00200992 2 6 1
-0.00516333 -0.00200969 -0.00200969 2 6 1
-0.00526325 -0.00200946 -0.00200946 2 6 1
-0.00536317 -0.00200923 -0.00200923 2 6 1
-0.00546309 -0.00200901 -0.00200901 2 6 1
-0.00556301 -0.00200878 -0.00200878 2 6 1
-0.00566293 -0.00200855 -0.00200855 2 6 1
-0.00576285 -0.00200832 -0.00200832 2 6 1
-0.00586276 -0.0020081 -0.0020081 2 6 1
-0.00596268 -0.00200787 -0.00200787 2 6 1
-0.0060626 -0.00200764 -0.00200764 2 6 1
-0.00616252 -0.00200741 -0.00200741 2 6 1
-0.00626244 -0.00200719 -0.00200719 2 6 1
-0.00636236 -0.00200696 -0.00200696 2 6 1
-0.00646228 -0.00200674 -0.00200674 2 6 1
-0.0065622 -0.00200651 -0.00200651 2 6 1
-0.00666212 -0.00200628 -0.00200628 2 6 1
-0.00676204 -0.00200606 -0.00200606 2 6 1
-0.00686195 -0.00200583 -0.00200583 2 6 1
-0.00696187 -0.00200561 -0.00200561 2 6 1
-0.00706179 -0.00200538 -0.00200538 2 6 1
-0.00716171 -0.00200516 -0.00200516 2 6 1
-0.00726163 -0.00200493 -0.00200493 2 6 1
-0.00736155 -0.00200471 -0.00200471 2 6 1
-0.00746147 -0.00200448 -0.00200448 2 6 1
-0.00756139 -0.00200426 -0.00200426 2 6 1
-0.00766131 -0.00200403 -0.00200403 2 6 1
-0.00776123 -0.00200381 -0.00200381 2 6 1
-0.00786115 -0.00200358 -0.00200358 2 6 1
-0.00796107 -0.00200336 -0.00200336 2 6 1
-0.00806099 -0.00200314 -0.00200314 2 6 1
-0.0081609 -0.00200291 -0.00200291 2 6 1
-0.00826082 -0.00200269 -0.00200269 2 6 1
-0.00836074 -0.00200247 -0.00200247 2 6 1
-0.00846066 -0.00200225 -0.00200225 2 6 1
-0.00856058 -0.00200202 -0.00200202 2 6 1
-0.0086605 -0.0020018 -0.0020018 2 6 1
-0.00876042 -0.00200158 -0.00200158 2 6 1
-0.00886034 -0.00200136 -0.00200136 2 6 1
-0.00896026 -0.00200113 -0.00200113 2 6 1
-0.00906018 -0.00200091 -0.00200091 2 6 1
-0.0091601 -0.00200069 -0.00200069 2 6 1
-0.00926002 -0.00200047 -0.00200047 2 6 1
-0.00935994 -0.00200025 -0.00200025 2 6 1
-0.00945986 -0.00200003 -0.00200003 2 6 1
-0.00955978 -0.00199981 -0.00199981 2 6 1
-0.0096597 -0.00199959 -0.00199959 2 6 1
-0.00975961 -0.00199936 -0.00199936 2 6 1
-0.00985953 -0.00199914 -0.00199914 2 6 1
-0.00995945 -0.00199892 -0.00199892 2 6 1
-0.0100594 -0.0019987 -0.0019987 2 6 1
-0.0101593 -0.00199848 -0.00199848 2 6 1
-0.0102592 -0.00199826 -0.00199826 2 6 1
-0.0103591 -0.00199805 -0.00199805 2 6 1
-0.0104591 -0.00199783 -0.00199783 2 6 1
-0.010559 -0.00199761 -0.00199761 2 6 1
-0.0106589 -0.00199739 -0.00199739 2 6 1
-0.0107588 -0.00199717 -0.00199717 2 6 1
-0.0108587 -0.00199695 -0.00199695 2 6 1
-0.0109586 -0.00199673 -0.00199673 2 6 1
-0.0110586 -0.00199651 -0.00199651 2 6 1
-0.0111585 -0.00199629 -0.00199629 2 6 1
-0.0112584 -0.00199608 -0.00199608 2 6 1
-0.0113583 -0.00199586 -0.00199586 2 6 1
-0.0114582 -0.00199564 -0.00199564 2 6 1
-0.0115582 -0.00199542 -0.00199542 2 6 1
-0.0116581 -0.00199521 -0.00199521 2 6 1
-0.011758 -0.00199499 -0.00199499 2 6 1
-0.0118579 -0.00199477 -0.00199477 2 6 1
-0.0119578 -0.00199456 -0.00199456 2 6 1
-0.0120578 -0.00199434 -0.00199434 2 6 1
-0.0121577 -0.00199412 -0.00199412 2 6 1
-0.0122576 -0.00199391 -0.00199391 2 6 1
-0.0123575 -0.00199369 -0.00199369 2 6 1
-0.0124574 -0.00199347 -0.00199347 2 6 1
-0.0125574 -0.00199326 -0.00199326 2 6 1
-0.0126573 -0.00199304 -0.00199304 2 6 1
-0.0127572 -0.00199283 -0.00199283 2 6 1
-0.0128571 -0.00199261 -0.00199261 2 6 1
-0.012957 -0.0019924 -0.0019924 2 6 1
-0.013057 -0.00199218 -0.00199218 2 6 1
-0.0131569 -0.00199197 -0.00199197 2 6 1
-0.0132568 -0.00199175 -0.00199175 2 6 1
-0.0133567 -0.00199154 -0.00199154 2 6 1
-0.0134566 -0.00199132 -0.00199132 2 6 1
-0.0135566 -0.00199111 -0.00199111 2 6 1
-0.0136565 -0.00199089 -0.00199089 2 6 1
-0.0137564 -0.00199068 -0.00199068 2 6 1
-0.0138563 -0.00199047 -0.00199047 2 6 1
-0.0139562 -0.00199025 -0.00199025 2 6 1
-0.0140562 -0.00199004 -0.00199004 2 6 1
-0.0141561 -0.00198983 -0.00198983 2 6 1
-0.014256 -0.00198961 -0.00198961 2 6 1
-0.0143559 -0.0019894 -0.0019894 2 6 1
-0.0144558 -0.00198919 -0.00198919 2 6 1
-0.0145558 -0.00198898 -0.00198898 2 6 1
-0.0146557 -0.00198876 -0.00198876 2 6 1
-0.0147556 -0.00198855 -0.00198855 2 6 1
-0.0148555 -0.00198834 -0.00198834 2 6 1
-0.0149554 -0.00198813 -0.00198813 2 6 1
-0.0150554 -0.00198791 -0.00198791 2 6 1
-0.0151553 -0.0019877 -0.0019877 2 6 1
-0.0152552 -0.00198749 -0.00198749 2 6 1
-0.0153551 -0.00198728 -0.00198728 2 6 1
