2.385149999999999944e-03 -4.173689999999999900e-01
2.396580000000000151e-03 -4.153689999999999882e-01
2.408120000000000139e-03 -4.133689999999999864e-01
2.419769999999999907e-03 -4.113689999999999847e-01
2.431539999999999830e-03 -4.093689999999999829e-01
2.443410000000000026e-03 -4.073689999999999811e-01
2.455409999999999884e-03 -4.053689999999999793e-01
2.467519999999999956e-03 -4.033689999999999776e-01
2.479760000000000124e-03 -4.013689999999999758e-01
2.492110000000000072e-03 -3.993689999999999740e-01
2.504590000000000115e-03 -3.973690000000000278e-01
2.517189999999999879e-03 -3.953690000000000260e-01
2.529930000000000113e-03 -3.933690000000000242e-01
2.542790000000000068e-03 -3.913690000000000224e-01
2.555780000000000118e-03 -3.893690000000000206e-01
2.568910000000000204e-03 -3.873690000000000189e-01
2.582169999999999951e-03 -3.853690000000000171e-01
2.595570000000000169e-03 -3.833690000000000153e-01
2.609109999999999988e-03 -3.813690000000000135e-01
2.622789999999999844e-03 -3.793690000000000118e-01
2.636610000000000169e-03 -3.773690000000000100e-01
2.650589999999999977e-03 -3.753690000000000082e-01
2.664709999999999822e-03 -3.733690000000000064e-01
2.678980000000000077e-03 -3.713690000000000047e-01
2.693409999999999815e-03 -3.693699999999999761e-01
2.707989999999999963e-03 -3.673699999999999743e-01
2.722730000000000029e-03 -3.653699999999999726e-01
2.737630000000000011e-03 -3.633700000000000263e-01
2.752699999999999852e-03 -3.613700000000000245e-01
2.767930000000000043e-03 -3.593700000000000228e-01
2.783330000000000092e-03 -3.573700000000000210e-01
2.798909999999999940e-03 -3.553700000000000192e-01
2.814660000000000079e-03 -3.533700000000000174e-01
2.830580000000000075e-03 -3.513700000000000156e-01
2.846689999999999811e-03 -3.493700000000000139e-01
2.862990000000000153e-03 -3.473700000000000121e-01
2.879469999999999860e-03 -3.453700000000000103e-01
2.896140000000000173e-03 -3.433700000000000085e-01
2.913010000000000165e-03 -3.413700000000000068e-01
2.930069999999999897e-03 -3.393700000000000050e-01
2.947340000000000116e-03 -3.373709999999999765e-01
2.964810000000000015e-03 -3.353709999999999747e-01
2.982480000000000027e-03 -3.333709999999999729e-01
3.000370000000000033e-03 -3.313710000000000266e-01
3.018480000000000035e-03 -3.293710000000000249e-01
3.036810000000000030e-03 -3.273710000000000231e-01
3.055350000000000080e-03 -3.253710000000000213e-01
3.074130000000000005e-03 -3.233710000000000195e-01
3.093139999999999865e-03 -3.213710000000000178e-01
3.112390000000000035e-03 -3.193710000000000160e-01
3.131880000000000080e-03 -3.173710000000000142e-01
3.151610000000000002e-03 -3.153710000000000124e-01
3.171590000000000173e-03 -3.133719999999999839e-01
3.191830000000000101e-03 -3.113719999999999821e-01
3.212329999999999786e-03 -3.093719999999999803e-01
3.233090000000000096e-03 -3.073719999999999786e-01
3.254120000000000103e-03 -3.053719999999999768e-01
3.275430000000000182e-03 -3.033719999999999750e-01
3.297019999999999899e-03 -3.013719999999999732e-01
3.318890000000000121e-03 -2.993720000000000270e-01
3.341059999999999863e-03 -2.973720000000000252e-01
3.363529999999999992e-03 -2.953729999999999967e-01
3.386290000000000133e-03 -2.933729999999999949e-01
3.409370000000000109e-03 -2.913729999999999931e-01
3.432769999999999919e-03 -2.893729999999999913e-01
3.456489999999999996e-03 -2.873729999999999896e-01
3.480539999999999849e-03 -2.853729999999999878e-01
3.504929999999999851e-03 -2.833729999999999860e-01
3.529660000000000002e-03 -2.813740000000000130e-01
3.554739999999999810e-03 -2.793740000000000112e-01
3.580180000000000081e-03 -2.773740000000000094e-01
3.605989999999999890e-03 -2.753740000000000077e-01
3.632170000000000103e-03 -2.733740000000000059e-01
3.658740000000000169e-03 -2.713740000000000041e-01
3.685690000000000147e-03 -2.693749999999999756e-01
3.713049999999999858e-03 -2.673749999999999738e-01
3.740809999999999795e-03 -2.653750000000000275e-01
3.769000000000000215e-03 -2.633750000000000258e-01
3.797609999999999875e-03 -2.613750000000000240e-01
3.826659999999999957e-03 -2.593759999999999954e-01
3.856150000000000029e-03 -2.573759999999999937e-01
3.886109999999999912e-03 -2.553759999999999919e-01
3.916529999999999664e-03 -2.533759999999999901e-01
3.947439999999999977e-03 -2.513759999999999883e-01
3.978830000000000040e-03 -2.493769999999999876e-01
4.010729999999999677e-03 -2.473770000000000135e-01
4.043139999999999755e-03 -2.453770000000000118e-01
4.076080000000000154e-03 -2.433780000000000110e-01
4.109559999999999949e-03 -2.413780000000000092e-01
4.143599999999999887e-03 -2.393780000000000074e-01
4.178209999999999910e-03 -2.373780000000000057e-01
4.213390000000000017e-03 -2.353790000000000049e-01
4.249179999999999971e-03 -2.333790000000000031e-01
4.285579999999999772e-03 -2.313790000000000013e-01
4.322600000000000227e-03 -2.293800000000000006e-01
4.360270000000000291e-03 -2.273799999999999988e-01
4.398609999999999846e-03 -2.253799999999999970e-01
4.437619999999999759e-03 -2.233809999999999962e-01
4.477329999999999852e-03 -2.213809999999999945e-01
4.517760000000000005e-03 -2.193819999999999937e-01
4.558920000000000160e-03 -2.173819999999999919e-01
4.600840000000000138e-03 -2.153819999999999901e-01
4.643539999999999821e-03 -2.133829999999999893e-01
4.687030000000000016e-03 -2.113829999999999876e-01
4.731349999999999618e-03 -2.093839999999999868e-01
4.776510000000000304e-03 -2.073840000000000128e-01
4.822550000000000101e-03 -2.053850000000000120e-01
4.869479999999999816e-03 -2.033850000000000102e-01
4.917330000000000138e-03 -2.013860000000000094e-01
4.966130000000000023e-03 -1.993870000000000087e-01
5.015900000000000220e-03 -1.973870000000000069e-01
5.066690000000000429e-03 -1.953880000000000061e-01
5.118509999999999727e-03 -1.933890000000000053e-01
5.171399999999999608e-03 -1.913890000000000036e-01
5.225399999999999837e-03 -1.893900000000000028e-01
5.280530000000000293e-03 -1.873910000000000020e-01
5.336839999999999813e-03 -1.853920000000000012e-01
5.394359999999999954e-03 -1.833919999999999995e-01
5.453129999999999609e-03 -1.813929999999999987e-01
5.513200000000000219e-03 -1.793939999999999979e-01
5.574599999999999868e-03 -1.773949999999999971e-01
5.637379999999999995e-03 -1.753959999999999964e-01
5.701590000000000304e-03 -1.733969999999999956e-01
5.767279999999999629e-03 -1.713979999999999948e-01
5.834500000000000276e-03 -1.693989999999999940e-01
5.903300000000000214e-03 -1.674009999999999942e-01
5.973739999999999953e-03 -1.654019999999999935e-01
6.045880000000000004e-03 -1.634029999999999927e-01
6.119770000000000071e-03 -1.614039999999999919e-01
6.195499999999999619e-03 -1.594059999999999921e-01
6.273120000000000085e-03 -1.574069999999999914e-01
6.352700000000000187e-03 -1.554089999999999916e-01
6.434320000000000317e-03 -1.534109999999999918e-01
6.518069999999999940e-03 -1.514119999999999910e-01
6.604009999999999568e-03 -1.494139999999999913e-01
6.692250000000000282e-03 -1.474159999999999915e-01
6.782879999999999812e-03 -1.454179999999999917e-01
6.875980000000000286e-03 -1.434199999999999919e-01
6.971670000000000124e-03 -1.414229999999999932e-01
7.070049999999999599e-03 -1.394249999999999934e-01
7.171239999999999733e-03 -1.374279999999999946e-01
7.275349999999999873e-03 -1.354299999999999948e-01
7.382529999999999995e-03 -1.334329999999999961e-01
7.492890000000000314e-03 -1.314359999999999973e-01
7.606599999999999820e-03 -1.294399999999999995e-01
7.723790000000000343e-03 -1.274430000000000007e-01
7.844639999999999946e-03 -1.254470000000000030e-01
7.969310000000000282e-03 -1.234500000000000042e-01
8.097979999999999415e-03 -1.214549999999999935e-01
8.230859999999999566e-03 -1.194589999999999957e-01
8.368149999999999547e-03 -1.174639999999999990e-01
8.510069999999999787e-03 -1.154690000000000022e-01
8.656850000000000656e-03 -1.134740000000000054e-01
8.808760000000000548e-03 -1.114799999999999958e-01
8.966049999999999714e-03 -1.094860000000000000e-01
9.129009999999999903e-03 -1.074930000000000052e-01
9.297969999999999152e-03 -1.054999999999999966e-01
9.473240000000000827e-03 -1.035080000000000028e-01
9.655179999999999318e-03 -1.015159999999999951e-01
9.844169999999999310e-03 -9.952469999999999373e-02
1.004060000000000022e-02 -9.753439999999999332e-02
1.024500000000000063e-02 -9.554479999999999917e-02
1.045779999999999973e-02 -9.355610000000000315e-02
1.067940000000000035e-02 -9.156839999999999424e-02
1.091059999999999947e-02 -8.958170000000000022e-02
1.115170000000000050e-02 -8.759619999999999906e-02
1.140359999999999985e-02 -8.561209999999999654e-02
1.166700000000000029e-02 -8.362940000000000651e-02
1.194249999999999999e-02 -8.164839999999999598e-02
1.223109999999999996e-02 -7.966919999999999558e-02
1.253360000000000064e-02 -7.769199999999999717e-02
1.285110000000000072e-02 -7.571719999999999839e-02
1.318450000000000004e-02 -7.374500000000000499e-02
1.353520000000000070e-02 -7.177569999999999784e-02
1.390440000000000079e-02 -6.980980000000000518e-02
1.429350000000000065e-02 -6.784769999999999690e-02
1.470400000000000006e-02 -6.588990000000000125e-02
1.513759999999999932e-02 -6.393699999999999384e-02
1.559619999999999930e-02 -6.198970000000000175e-02
1.608170000000000086e-02 -6.004890000000000227e-02
1.659640000000000074e-02 -5.811539999999999762e-02
1.714260000000000089e-02 -5.619049999999999739e-02
1.772289999999999976e-02 -5.427540000000000142e-02
1.833999999999999866e-02 -5.237170000000000020e-02
1.899700000000000000e-02 -5.048099999999999810e-02
1.969689999999999983e-02 -4.860550000000000287e-02
2.044320000000000165e-02 -4.674770000000000314e-02
2.123910000000000034e-02 -4.491019999999999734e-02
2.208830000000000168e-02 -4.309620000000000117e-02
2.299419999999999936e-02 -4.130949999999999900e-02
2.395999999999999866e-02 -3.955380000000000007e-02
2.498869999999999911e-02 -3.783389999999999670e-02
2.608299999999999855e-02 -3.615440000000000320e-02
2.724460000000000076e-02 -3.451939999999999870e-02
2.848619999999999972e-02 -3.295420000000000293e-02
2.981730000000000144e-02 -3.145389999999999991e-02
3.119649999999999854e-02 -2.999999999999999889e-02
3.119649999999999854e-02 -2.999999999999999889e-02
3.260079999999999922e-02 -2.858399999999999830e-02
3.406309999999999893e-02 -2.720449999999999952e-02
3.559020000000000239e-02 -2.591680000000000025e-02
3.719050000000000133e-02 -2.470850000000000130e-02
3.883820000000000328e-02 -2.356810000000000155e-02
4.052959999999999896e-02 -2.249419999999999892e-02
4.225940000000000252e-02 -2.148450000000000013e-02
4.402310000000000251e-02 -2.053639999999999979e-02
4.581640000000000018e-02 -1.964679999999999899e-02
4.763549999999999729e-02 -1.881230000000000055e-02
4.947680000000000133e-02 -1.802940000000000098e-02
5.133739999999999831e-02 -1.729460000000000025e-02
5.321460000000000079e-02 -1.660460000000000061e-02
5.510629999999999695e-02 -1.595600000000000143e-02
5.701040000000000274e-02 -1.534579999999999972e-02
5.892519999999999702e-02 -1.477110000000000055e-02
6.084939999999999793e-02 -1.422919999999999914e-02
6.278160000000000684e-02 -1.371759999999999993e-02
6.472089999999999788e-02 -1.323399999999999924e-02
6.666629999999999778e-02 -1.277630000000000085e-02
6.861710000000000031e-02 -1.234249999999999931e-02
7.057259999999999922e-02 -1.193089999999999949e-02
7.253229999999999400e-02 -1.153979999999999936e-02
7.449550000000000616e-02 -1.116769999999999916e-02
7.646200000000000219e-02 -1.081320000000000024e-02
7.843129999999999546e-02 -1.047509999999999934e-02
8.040310000000000512e-02 -1.015229999999999952e-02
8.237709999999999477e-02 -9.843559999999999463e-03
8.435310000000000030e-02 -9.548030000000000753e-03
8.633079999999999921e-02 -9.264770000000000297e-03
8.831010000000000248e-02 -8.992949999999999555e-03
9.029089999999999339e-02 -8.731789999999999691e-03
9.227290000000000492e-02 -8.480569999999999775e-03
9.425600000000000644e-02 -8.238620000000000318e-03
9.624009999999999510e-02 -8.005309999999999857e-03
9.822519999999999862e-02 -7.780050000000000160e-03
1.002109999999999945e-01 -7.562300000000000098e-03
1.021979999999999972e-01 -7.351530000000000217e-03
1.041849999999999998e-01 -7.147240000000000017e-03
1.061730000000000035e-01 -6.948959999999999686e-03
1.081609999999999933e-01 -6.756220000000000281e-03
1.101499999999999979e-01 -6.568570000000000138e-03
1.121390000000000026e-01 -6.385580000000000075e-03
1.141289999999999943e-01 -6.206790000000000224e-03
1.161190000000000000e-01 -6.031749999999999785e-03
1.181090000000000056e-01 -5.859989999999999817e-03
1.200989999999999974e-01 -5.691009999999999819e-03
1.220900000000000041e-01 -5.524259999999999587e-03
1.240799999999999959e-01 -5.359100000000000322e-03
1.260709999999999886e-01 -5.194800000000000285e-03
1.280620000000000092e-01 -5.030439999999999738e-03
1.300520000000000009e-01 -4.864829999999999675e-03
1.320429999999999937e-01 -4.696340000000000237e-03
1.340320000000000122e-01 -4.522489999999999670e-03
1.360210000000000030e-01 -4.339240000000000284e-03
1.372460000000000069e-01 -4.200439999999999729e-03
1.373449999999999949e-01 -4.189619999999999803e-03
1.374440000000000106e-01 -4.178699999999999602e-03
1.375429999999999986e-01 -4.167679999999999996e-03
1.376429999999999876e-01 -4.156540000000000235e-03
1.377420000000000033e-01 -4.145290000000000259e-03
1.378409999999999913e-01 -4.133920000000000129e-03
1.379400000000000071e-01 -4.122419999999999904e-03
1.380389999999999950e-01 -4.110779999999999643e-03
1.381390000000000118e-01 -4.099000000000000213e-03
1.382379999999999998e-01 -4.087069999999999939e-03
1.383369999999999878e-01 -4.074969999999999808e-03
1.384360000000000035e-01 -4.062699999999999818e-03
1.385349999999999915e-01 -4.050250000000000031e-03
1.386340000000000072e-01 -4.037589999999999756e-03
1.387329999999999952e-01 -4.024719999999999860e-03
1.388320000000000110e-01 -4.011609999999999655e-03
1.389309999999999989e-01 -3.998250000000000068e-03
1.390299999999999869e-01 -3.984620000000000349e-03
1.391290000000000027e-01 -3.970699999999999751e-03
1.392269999999999897e-01 -3.956440000000000304e-03
1.393260000000000054e-01 -3.941820000000000393e-03
1.394249999999999934e-01 -3.926800000000000256e-03
1.395230000000000081e-01 -3.911340000000000129e-03
1.396219999999999961e-01 -3.895369999999999996e-03
1.397200000000000109e-01 -3.878830000000000212e-03
1.398189999999999988e-01 -3.861630000000000010e-03
1.399170000000000136e-01 -3.843689999999999867e-03
1.400150000000000006e-01 -3.824810000000000102e-03
1.401119999999999866e-01 -3.802279999999999896e-03
1.402039999999999953e-01 -3.777009999999999916e-03
1.400180000000000036e-01 -3.356039999999999805e-03
1.399680000000000091e-01 -3.355359999999999940e-03
1.398890000000000133e-01 -3.347390000000000001e-03
1.397930000000000006e-01 -3.334189999999999897e-03
1.396940000000000126e-01 -3.322009999999999807e-03
1.395949999999999969e-01 -3.310589999999999974e-03
1.394950000000000079e-01 -3.299750000000000166e-03
1.393959999999999921e-01 -3.289409999999999990e-03
1.392960000000000031e-01 -3.279530000000000119e-03
1.391969999999999874e-01 -3.270050000000000040e-03
1.390969999999999984e-01 -3.260939999999999932e-03
1.389980000000000104e-01 -3.252160000000000033e-03
1.388979999999999937e-01 -3.243690000000000028e-03
1.387990000000000057e-01 -3.235500000000000095e-03
1.386989999999999890e-01 -3.227569999999999918e-03
1.385990000000000000e-01 -3.219880000000000051e-03
1.385000000000000120e-01 -3.212410000000000179e-03
1.383999999999999952e-01 -3.205139999999999986e-03
1.383000000000000063e-01 -3.198069999999999906e-03
1.382009999999999905e-01 -3.191180000000000058e-03
1.381010000000000015e-01 -3.184460000000000068e-03
1.380010000000000125e-01 -3.177909999999999936e-03
1.379009999999999958e-01 -3.171499999999999840e-03
1.378020000000000078e-01 -3.165240000000000154e-03
1.377019999999999911e-01 -3.159110000000000130e-03
1.376020000000000021e-01 -3.153110000000000201e-03
1.375020000000000131e-01 -3.147239999999999933e-03
1.374029999999999974e-01 -3.141479999999999880e-03
1.373030000000000084e-01 -3.135830000000000041e-03
1.372029999999999916e-01 -3.130289999999999982e-03
1.371030000000000026e-01 -3.124850000000000197e-03
1.370039999999999869e-01 -3.119509999999999818e-03
1.369039999999999979e-01 -3.114270000000000146e-03
1.368040000000000089e-01 -3.109109999999999999e-03
1.367039999999999922e-01 -3.104040000000000184e-03
1.366040000000000032e-01 -3.099049999999999895e-03
1.365049999999999875e-01 -3.094139999999999998e-03
1.364049999999999985e-01 -3.089310000000000059e-03
1.363050000000000095e-01 -3.084550000000000139e-03
1.362049999999999927e-01 -3.079859999999999803e-03
1.361050000000000038e-01 -3.075239999999999918e-03
1.360059999999999880e-01 -3.070690000000000051e-03
1.359059999999999990e-01 -3.066199999999999828e-03
1.358060000000000100e-01 -3.061780000000000057e-03
1.357059999999999933e-01 -3.057409999999999989e-03
1.356060000000000043e-01 -3.053109999999999939e-03
1.355059999999999876e-01 -3.048860000000000025e-03
1.354069999999999996e-01 -3.044670000000000189e-03
1.353070000000000106e-01 -3.040520000000000115e-03
1.352069999999999939e-01 -3.036440000000000059e-03
1.351070000000000049e-01 -3.032400000000000199e-03
1.350069999999999881e-01 -3.028410000000000043e-03
1.349069999999999991e-01 -3.024470000000000023e-03
1.348080000000000112e-01 -3.020570000000000199e-03
1.347079999999999944e-01 -3.016720000000000079e-03
1.346080000000000054e-01 -3.012920000000000095e-03
1.345079999999999887e-01 -3.009149999999999932e-03
1.344079999999999997e-01 -3.005429999999999907e-03
1.343080000000000107e-01 -3.001750000000000078e-03
1.342079999999999940e-01 -2.998110000000000011e-03
1.341090000000000060e-01 -2.994510000000000140e-03
1.340089999999999892e-01 -2.990940000000000092e-03
1.339090000000000003e-01 -2.987420000000000180e-03
1.338090000000000113e-01 -2.983920000000000149e-03
1.337089999999999945e-01 -2.980469999999999821e-03
1.336090000000000055e-01 -2.977050000000000182e-03
1.335089999999999888e-01 -2.973659999999999932e-03
1.334100000000000008e-01 -2.970299999999999937e-03
1.333100000000000118e-01 -2.966980000000000138e-03
1.332099999999999951e-01 -2.963690000000000161e-03
1.331100000000000061e-01 -2.960430000000000006e-03
1.330099999999999894e-01 -2.957200000000000106e-03
1.329100000000000004e-01 -2.954000000000000029e-03
1.328100000000000114e-01 -2.950830000000000206e-03
1.327109999999999956e-01 -2.947690000000000206e-03
1.326110000000000066e-01 -2.944570000000000087e-03
1.325109999999999899e-01 -2.941490000000000164e-03
1.324110000000000009e-01 -2.938430000000000122e-03
1.323110000000000119e-01 -2.935389999999999961e-03
1.322109999999999952e-01 -2.932380000000000056e-03
1.321110000000000062e-01 -2.929399999999999973e-03
1.320109999999999895e-01 -2.926440000000000204e-03
1.319120000000000015e-01 -2.923509999999999824e-03
1.318120000000000125e-01 -2.920600000000000192e-03
1.317119999999999957e-01 -2.917719999999999949e-03
1.316120000000000068e-01 -2.914850000000000080e-03
1.315119999999999900e-01 -2.912010000000000032e-03
1.314120000000000010e-01 -2.909199999999999807e-03
1.313120000000000120e-01 -2.906399999999999956e-03
1.312119999999999953e-01 -2.903629999999999926e-03
1.311130000000000073e-01 -2.900869999999999838e-03
1.310129999999999906e-01 -2.898140000000000004e-03
1.309130000000000016e-01 -2.895430000000000052e-03
1.308130000000000126e-01 -2.892739999999999981e-03
1.307129999999999959e-01 -2.890069999999999792e-03
1.306130000000000069e-01 -2.887419999999999917e-03
1.305129999999999901e-01 -2.884779999999999983e-03
1.304130000000000011e-01 -2.882169999999999871e-03
1.303140000000000132e-01 -2.879580000000000074e-03
1.302139999999999964e-01 -2.876999999999999783e-03
1.301140000000000074e-01 -2.874439999999999808e-03
1.300139999999999907e-01 -2.871900000000000147e-03
1.299140000000000017e-01 -2.869379999999999934e-03
1.298140000000000127e-01 -2.866870000000000095e-03
1.297139999999999960e-01 -2.864380000000000138e-03
1.296140000000000070e-01 -2.861910000000000062e-03
1.295139999999999902e-01 -2.859449999999999926e-03
1.294150000000000023e-01 -2.857020000000000046e-03
1.293150000000000133e-01 -2.854590000000000165e-03
1.292149999999999965e-01 -2.852190000000000107e-03
1.291150000000000075e-01 -2.849790000000000049e-03
1.290149999999999908e-01 -2.847419999999999812e-03
1.289150000000000018e-01 -2.845059999999999950e-03
1.288150000000000128e-01 -2.842710000000000028e-03
1.287149999999999961e-01 -2.840379999999999988e-03
1.286160000000000081e-01 -2.838059999999999888e-03
1.285159999999999914e-01 -2.835760000000000104e-03
1.284160000000000024e-01 -2.833469999999999826e-03
1.283160000000000134e-01 -2.831199999999999863e-03
1.282159999999999966e-01 -2.828939999999999840e-03
1.281160000000000077e-01 -2.826690000000000192e-03
1.280159999999999909e-01 -2.824459999999999991e-03
1.279160000000000019e-01 -2.822240000000000165e-03
1.278160000000000129e-01 -2.820029999999999846e-03
1.277169999999999972e-01 -2.817839999999999841e-03
1.276170000000000082e-01 -2.815660000000000211e-03
1.275169999999999915e-01 -2.813490000000000088e-03
1.274170000000000025e-01 -2.811329999999999905e-03
1.273170000000000135e-01 -2.809190000000000038e-03
1.272169999999999968e-01 -2.807060000000000111e-03
1.271170000000000078e-01 -2.804940000000000124e-03
1.270169999999999910e-01 -2.802830000000000078e-03
1.269170000000000020e-01 -2.800739999999999914e-03
1.268179999999999863e-01 -2.798660000000000123e-03
1.267179999999999973e-01 -2.796579999999999899e-03
1.266180000000000083e-01 -2.794519999999999990e-03
1.265179999999999916e-01 -2.792470000000000022e-03
1.264180000000000026e-01 -2.790429999999999994e-03
1.263180000000000136e-01 -2.788409999999999847e-03
1.262179999999999969e-01 -2.786390000000000134e-03
1.261180000000000079e-01 -2.784379999999999928e-03
1.260179999999999911e-01 -2.782390000000000037e-03
1.259190000000000031e-01 -2.780400000000000146e-03
1.258189999999999864e-01 -2.778430000000000136e-03
1.257189999999999974e-01 -2.776460000000000126e-03
1.256190000000000084e-01 -2.774509999999999997e-03
1.255189999999999917e-01 -2.772569999999999809e-03
1.254190000000000027e-01 -2.770630000000000055e-03
1.253190000000000137e-01 -2.768710000000000181e-03
1.252189999999999970e-01 -2.766789999999999874e-03
1.251190000000000080e-01 -2.764889999999999882e-03
1.250189999999999912e-01 -2.762989999999999891e-03
1.249200000000000033e-01 -2.761110000000000213e-03
1.248200000000000004e-01 -2.759230000000000103e-03
1.245200000000000057e-01 -2.753659999999999788e-03
1.243200000000000000e-01 -2.749979999999999959e-03
1.242199999999999971e-01 -2.748159999999999926e-03
1.241199999999999942e-01 -2.746349999999999833e-03
1.240210000000000062e-01 -2.744540000000000174e-03
1.239210000000000034e-01 -2.742740000000000022e-03
1.238210000000000005e-01 -2.740960000000000184e-03
1.237209999999999976e-01 -2.739179999999999914e-03
1.236209999999999948e-01 -2.737400000000000076e-03
1.235210000000000058e-01 -2.735640000000000120e-03
1.234210000000000029e-01 -2.733890000000000105e-03
1.233210000000000001e-01 -2.732140000000000089e-03
1.232209999999999972e-01 -2.730400000000000015e-03
1.231209999999999943e-01 -2.728669999999999880e-03
1.230220000000000063e-01 -2.726940000000000180e-03
1.229220000000000035e-01 -2.725229999999999927e-03
1.228220000000000006e-01 -2.723520000000000107e-03
1.227219999999999978e-01 -2.721819999999999795e-03
1.226219999999999949e-01 -2.720119999999999916e-03
1.225220000000000059e-01 -2.718439999999999919e-03
1.224220000000000030e-01 -2.716759999999999921e-03
1.223220000000000002e-01 -2.715089999999999865e-03
1.222219999999999973e-01 -2.713419999999999808e-03
1.221229999999999954e-01 -2.711770000000000066e-03
1.220230000000000065e-01 -2.710119999999999890e-03
1.219230000000000036e-01 -2.708480000000000089e-03
1.218230000000000007e-01 -2.706839999999999854e-03
1.217229999999999979e-01 -2.705209999999999993e-03
1.216229999999999950e-01 -2.703590000000000073e-03
1.215230000000000060e-01 -2.701980000000000093e-03
1.214230000000000032e-01 -2.700370000000000114e-03
1.213230000000000003e-01 -2.698770000000000075e-03
1.212229999999999974e-01 -2.697170000000000036e-03
1.211239999999999956e-01 -2.695579999999999938e-03
1.210240000000000066e-01 -2.694000000000000214e-03
1.209240000000000037e-01 -2.692429999999999997e-03
1.208240000000000008e-01 -2.690860000000000214e-03
1.207239999999999980e-01 -2.689299999999999937e-03
1.206239999999999951e-01 -2.687740000000000094e-03
1.205240000000000061e-01 -2.686190000000000192e-03
1.204240000000000033e-01 -2.684649999999999797e-03
1.203240000000000004e-01 -2.683109999999999835e-03
1.202239999999999975e-01 -2.681579999999999814e-03
1.201249999999999957e-01 -2.680049999999999794e-03
1.200250000000000067e-01 -2.678530000000000147e-03
1.199250000000000038e-01 -2.677020000000000007e-03
1.198250000000000010e-01 -2.675509999999999868e-03
1.197249999999999981e-01 -2.674010000000000102e-03
1.196249999999999952e-01 -2.672519999999999844e-03
1.195250000000000062e-01 -2.671030000000000019e-03
1.194250000000000034e-01 -2.669540000000000194e-03
1.193250000000000005e-01 -2.668059999999999876e-03
1.192249999999999976e-01 -2.666589999999999933e-03
1.191259999999999958e-01 -2.665119999999999989e-03
1.190260000000000068e-01 -2.663659999999999986e-03
1.189260000000000039e-01 -2.662209999999999924e-03
1.188260000000000011e-01 -2.660759999999999861e-03
1.187259999999999982e-01 -2.659309999999999799e-03
1.186259999999999953e-01 -2.657870000000000111e-03
1.185260000000000064e-01 -2.656439999999999930e-03
1.184260000000000035e-01 -2.655010000000000182e-03
1.183260000000000006e-01 -2.653580000000000001e-03
1.182269999999999988e-01 -2.652170000000000135e-03
1.181269999999999959e-01 -2.650749999999999895e-03
1.180270000000000069e-01 -2.649340000000000028e-03
1.179270000000000040e-01 -2.647940000000000103e-03
1.178270000000000012e-01 -2.646540000000000177e-03
1.177269999999999983e-01 -2.645150000000000192e-03
1.176269999999999954e-01 -2.643760000000000207e-03
1.175270000000000065e-01 -2.642380000000000163e-03
1.174270000000000036e-01 -2.641000000000000118e-03
1.173270000000000007e-01 -2.639630000000000015e-03
1.172279999999999989e-01 -2.638259999999999911e-03
1.171279999999999960e-01 -2.636900000000000181e-03
1.170279999999999931e-01 -2.635540000000000018e-03
1.169280000000000042e-01 -2.634189999999999796e-03
1.168280000000000013e-01 -2.632840000000000007e-03
1.167279999999999984e-01 -2.631489999999999784e-03
1.166279999999999956e-01 -2.630149999999999936e-03
1.165280000000000066e-01 -2.628820000000000028e-03
1.164280000000000037e-01 -2.627490000000000121e-03
1.163280000000000008e-01 -2.626160000000000213e-03
1.162289999999999990e-01 -2.624839999999999812e-03
1.161289999999999961e-01 -2.623519999999999845e-03
1.160289999999999933e-01 -2.622209999999999819e-03
1.159290000000000043e-01 -2.620899999999999792e-03
1.158290000000000014e-01 -2.619600000000000140e-03
1.157289999999999985e-01 -2.618300000000000054e-03
1.156289999999999957e-01 -2.616999999999999969e-03
1.155290000000000067e-01 -2.615709999999999823e-03
1.154290000000000038e-01 -2.614430000000000053e-03
1.153290000000000010e-01 -2.613149999999999848e-03
1.152299999999999991e-01 -2.611870000000000077e-03
1.151299999999999962e-01 -2.610589999999999872e-03
1.150299999999999934e-01 -2.609329999999999983e-03
1.149300000000000044e-01 -2.608060000000000152e-03
1.148300000000000015e-01 -2.606799999999999829e-03
1.147299999999999986e-01 -2.605539999999999939e-03
1.146299999999999958e-01 -2.604289999999999990e-03
1.145300000000000068e-01 -2.603040000000000041e-03
1.144300000000000039e-01 -2.601800000000000033e-03
1.143300000000000011e-01 -2.600560000000000024e-03
1.142309999999999992e-01 -2.599320000000000016e-03
1.141309999999999963e-01 -2.598089999999999948e-03
1.140309999999999935e-01 -2.596859999999999880e-03
1.139310000000000045e-01 -2.595629999999999812e-03
1.138310000000000016e-01 -2.594410000000000119e-03
1.137309999999999988e-01 -2.593189999999999992e-03
1.136309999999999959e-01 -2.591979999999999805e-03
1.135310000000000069e-01 -2.590770000000000052e-03
1.134310000000000040e-01 -2.589559999999999865e-03
1.133310000000000012e-01 -2.588360000000000053e-03
1.132309999999999983e-01 -2.587159999999999807e-03
1.131319999999999965e-01 -2.585969999999999935e-03
1.130319999999999936e-01 -2.584780000000000064e-03
1.129320000000000046e-01 -2.583590000000000192e-03
1.128320000000000017e-01 -2.582409999999999827e-03
1.127319999999999989e-01 -2.581229999999999896e-03
1.126319999999999960e-01 -2.580049999999999965e-03
1.125319999999999931e-01 -2.578879999999999974e-03
1.124320000000000042e-01 -2.577709999999999984e-03
1.123320000000000013e-01 -2.576539999999999993e-03
1.122319999999999984e-01 -2.575379999999999944e-03
1.121329999999999966e-01 -2.574219999999999894e-03
1.120329999999999937e-01 -2.573069999999999784e-03
1.119330000000000047e-01 -2.571910000000000168e-03
1.118330000000000019e-01 -2.570770000000000000e-03
1.117329999999999990e-01 -2.569619999999999890e-03
1.116329999999999961e-01 -2.568480000000000155e-03
1.115329999999999933e-01 -2.567339999999999987e-03
1.114330000000000043e-01 -2.566210000000000192e-03
1.113330000000000014e-01 -2.565070000000000024e-03
1.112329999999999985e-01 -2.563950000000000170e-03
1.111339999999999967e-01 -2.562819999999999942e-03
1.110339999999999938e-01 -2.561700000000000088e-03
1.109340000000000048e-01 -2.560579999999999801e-03
1.108340000000000020e-01 -2.559469999999999888e-03
1.107339999999999991e-01 -2.558350000000000034e-03
1.106339999999999962e-01 -2.557250000000000061e-03
1.105339999999999934e-01 -2.556140000000000148e-03
1.104340000000000044e-01 -2.555040000000000176e-03
1.103340000000000015e-01 -2.553940000000000203e-03
1.102339999999999987e-01 -2.552839999999999797e-03
1.101349999999999968e-01 -2.551750000000000199e-03
1.100349999999999939e-01 -2.550660000000000167e-03
1.099350000000000049e-01 -2.549570000000000135e-03
1.098350000000000021e-01 -2.548490000000000043e-03
1.097349999999999992e-01 -2.547409999999999952e-03
1.096349999999999963e-01 -2.546329999999999861e-03
1.095349999999999935e-01 -2.545250000000000203e-03
1.094350000000000045e-01 -2.544180000000000053e-03
1.093350000000000016e-01 -2.543109999999999902e-03
1.092349999999999988e-01 -2.542050000000000125e-03
1.091359999999999969e-01 -2.540979999999999975e-03
1.090359999999999940e-01 -2.539920000000000198e-03
1.089360000000000051e-01 -2.538869999999999929e-03
1.088360000000000022e-01 -2.537810000000000153e-03
1.087359999999999993e-01 -2.536759999999999883e-03
1.086359999999999965e-01 -2.535710000000000047e-03
1.085359999999999936e-01 -2.534670000000000152e-03
1.084360000000000046e-01 -2.533629999999999823e-03
1.083360000000000017e-01 -2.532589999999999928e-03
1.082359999999999989e-01 -2.531550000000000033e-03
1.081359999999999960e-01 -2.530510000000000138e-03
1.080369999999999941e-01 -2.529480000000000183e-03
1.079370000000000052e-01 -2.528449999999999795e-03
1.078370000000000023e-01 -2.527430000000000215e-03
1.077369999999999994e-01 -2.526399999999999826e-03
1.076369999999999966e-01 -2.525379999999999812e-03
1.075369999999999937e-01 -2.524370000000000173e-03
1.074370000000000047e-01 -2.523350000000000159e-03
1.073370000000000019e-01 -2.522340000000000085e-03
1.072369999999999990e-01 -2.521330000000000012e-03
1.071369999999999961e-01 -2.520319999999999939e-03
1.070379999999999943e-01 -2.519319999999999806e-03
1.069380000000000053e-01 -2.518310000000000166e-03
1.068380000000000024e-01 -2.517319999999999974e-03
1.067379999999999995e-01 -2.516319999999999842e-03
1.066379999999999967e-01 -2.515320000000000143e-03
1.065379999999999938e-01 -2.514329999999999950e-03
1.064380000000000048e-01 -2.513340000000000192e-03
1.063380000000000020e-01 -2.512359999999999940e-03
1.062379999999999991e-01 -2.511370000000000182e-03
1.061379999999999962e-01 -2.510389999999999931e-03
1.060389999999999944e-01 -2.509410000000000113e-03
1.059390000000000054e-01 -2.508439999999999802e-03
1.058390000000000025e-01 -2.507459999999999984e-03
1.057389999999999997e-01 -2.506490000000000107e-03
1.056389999999999968e-01 -2.505519999999999796e-03
1.055389999999999939e-01 -2.504559999999999859e-03
1.054390000000000049e-01 -2.503589999999999982e-03
1.053390000000000021e-01 -2.502630000000000045e-03
1.052389999999999992e-01 -2.501670000000000109e-03
1.051389999999999963e-01 -2.500710000000000172e-03
1.050389999999999935e-01 -2.499760000000000176e-03
1.049400000000000055e-01 -2.498810000000000180e-03
1.048400000000000026e-01 -2.497860000000000184e-03
1.045399999999999940e-01 -2.495020000000000137e-03
1.043400000000000022e-01 -2.493140000000000026e-03
1.042399999999999993e-01 -2.492209999999999911e-03
1.041399999999999965e-01 -2.491269999999999856e-03
1.040399999999999936e-01 -2.490340000000000175e-03
1.039410000000000056e-01 -2.489410000000000060e-03
1.038410000000000027e-01 -2.488489999999999886e-03
1.037409999999999999e-01 -2.487560000000000205e-03
1.036409999999999970e-01 -2.486640000000000031e-03
1.035409999999999942e-01 -2.485719999999999857e-03
1.034410000000000052e-01 -2.484800000000000116e-03
1.033410000000000023e-01 -2.483889999999999883e-03
1.032409999999999994e-01 -2.482970000000000142e-03
1.031409999999999966e-01 -2.482059999999999909e-03
1.030409999999999937e-01 -2.481150000000000109e-03
1.029410000000000047e-01 -2.480249999999999816e-03
1.028420000000000029e-01 -2.479340000000000016e-03
1.027420000000000000e-01 -2.478440000000000157e-03
1.026419999999999971e-01 -2.477539999999999864e-03
1.025419999999999943e-01 -2.476640000000000005e-03
1.024420000000000053e-01 -2.475740000000000145e-03
1.023420000000000024e-01 -2.474849999999999793e-03
1.022419999999999995e-01 -2.473959999999999874e-03
1.021419999999999967e-01 -2.473069999999999956e-03
1.020419999999999938e-01 -2.472180000000000037e-03
1.019420000000000048e-01 -2.471290000000000119e-03
1.018430000000000030e-01 -2.470410000000000141e-03
1.017430000000000001e-01 -2.469530000000000163e-03
1.016429999999999972e-01 -2.468650000000000184e-03
1.015429999999999944e-01 -2.467770000000000206e-03
1.014430000000000054e-01 -2.466889999999999795e-03
1.013430000000000025e-01 -2.466020000000000191e-03
1.012429999999999997e-01 -2.465150000000000154e-03
1.011429999999999968e-01 -2.464280000000000116e-03
1.010429999999999939e-01 -2.463410000000000079e-03
1.009430000000000049e-01 -2.462549999999999982e-03
1.008430000000000021e-01 -2.461679999999999945e-03
1.007440000000000002e-01 -2.460819999999999848e-03
1.006439999999999974e-01 -2.459960000000000185e-03
1.005439999999999945e-01 -2.459100000000000088e-03
1.004440000000000055e-01 -2.458249999999999932e-03
1.003440000000000026e-01 -2.457389999999999835e-03
1.002439999999999998e-01 -2.456540000000000112e-03
1.001439999999999969e-01 -2.455689999999999956e-03
1.000439999999999940e-01 -2.454839999999999800e-03
9.994429999999999981e-02 -2.454000000000000018e-03
9.984439999999999982e-02 -2.453149999999999862e-03
9.974449999999999983e-02 -2.452310000000000080e-03
9.964459999999999984e-02 -2.451469999999999864e-03
9.954469999999999985e-02 -2.450630000000000083e-03
9.944479999999999986e-02 -2.449789999999999867e-03
9.934489999999999987e-02 -2.448960000000000026e-03
9.924499999999999988e-02 -2.448119999999999810e-03
9.914509999999999990e-02 -2.447289999999999969e-03
9.904519999999999991e-02 -2.446460000000000128e-03
9.894529999999999992e-02 -2.445639999999999793e-03
9.884539999999999993e-02 -2.444809999999999952e-03
9.874549999999999994e-02 -2.443980000000000111e-03
9.864559999999999995e-02 -2.443160000000000210e-03
9.854569999999999996e-02 -2.442339999999999876e-03
9.844579999999999997e-02 -2.441519999999999975e-03
9.834589999999999999e-02 -2.440710000000000015e-03
9.824600000000000000e-02 -2.439890000000000114e-03
9.814610000000000001e-02 -2.439080000000000154e-03
9.804609999999999714e-02 -2.438259999999999820e-03
9.794619999999999715e-02 -2.437449999999999860e-03
9.784629999999999717e-02 -2.436649999999999840e-03
9.774639999999999718e-02 -2.435839999999999880e-03
9.764649999999999719e-02 -2.435029999999999920e-03
9.754659999999999720e-02 -2.434229999999999901e-03
9.744669999999999721e-02 -2.433429999999999881e-03
9.734679999999999722e-02 -2.432629999999999862e-03
9.724689999999999723e-02 -2.431829999999999842e-03
9.714699999999999724e-02 -2.431040000000000197e-03
9.704709999999999726e-02 -2.430240000000000178e-03
9.694719999999999727e-02 -2.429450000000000099e-03
9.684729999999999728e-02 -2.428660000000000020e-03
9.674739999999999729e-02 -2.427869999999999941e-03
9.664749999999999730e-02 -2.427079999999999863e-03
9.654759999999999731e-02 -2.426289999999999784e-03
9.644769999999999732e-02 -2.425510000000000079e-03
9.634779999999999733e-02 -2.424720000000000000e-03
9.624779999999999447e-02 -2.423939999999999862e-03
9.614789999999999448e-02 -2.423160000000000158e-03
9.604799999999999449e-02 -2.422380000000000019e-03
9.594809999999999450e-02 -2.421609999999999822e-03
9.584819999999999451e-02 -2.420830000000000117e-03
9.574829999999999453e-02 -2.420059999999999920e-03
9.564839999999999454e-02 -2.419290000000000156e-03
9.554849999999999455e-02 -2.418519999999999958e-03
9.544859999999999456e-02 -2.417750000000000194e-03
9.534869999999999457e-02 -2.416979999999999996e-03
9.524879999999999458e-02 -2.416209999999999799e-03
9.514889999999999459e-02 -2.415449999999999976e-03
9.504899999999999460e-02 -2.414690000000000152e-03
9.494909999999999461e-02 -2.413929999999999895e-03
9.484919999999999463e-02 -2.413170000000000072e-03
9.474929999999999464e-02 -2.412409999999999815e-03
9.464939999999999465e-02 -2.411649999999999992e-03
9.454949999999999466e-02 -2.410900000000000109e-03
9.444950000000000567e-02 -2.410139999999999852e-03
9.434960000000000568e-02 -2.409389999999999969e-03
9.424970000000000570e-02 -2.408640000000000086e-03
9.414980000000000571e-02 -2.407890000000000204e-03
9.404990000000000572e-02 -2.407149999999999828e-03
9.395000000000000573e-02 -2.406399999999999945e-03
9.385010000000000574e-02 -2.405660000000000003e-03
9.375020000000000575e-02 -2.404910000000000121e-03
9.365030000000000576e-02 -2.404170000000000178e-03
9.355040000000000577e-02 -2.403429999999999803e-03
9.345050000000000578e-02 -2.402689999999999861e-03
9.335060000000000580e-02 -2.401959999999999859e-03
9.325070000000000581e-02 -2.401219999999999917e-03
9.315080000000000582e-02 -2.400489999999999916e-03
9.305090000000000583e-02 -2.399749999999999973e-03
9.295100000000000584e-02 -2.399019999999999972e-03
9.285100000000000298e-02 -2.398289999999999970e-03
9.275110000000000299e-02 -2.397559999999999969e-03
9.265120000000000300e-02 -2.396839999999999908e-03
9.255130000000000301e-02 -2.396109999999999907e-03
9.245140000000000302e-02 -2.395389999999999846e-03
9.235150000000000303e-02 -2.394669999999999785e-03
9.225160000000000304e-02 -2.393939999999999783e-03
9.215170000000000305e-02 -2.393220000000000156e-03
9.205180000000000307e-02 -2.392510000000000036e-03
9.195190000000000308e-02 -2.391789999999999975e-03
9.185200000000000309e-02 -2.391069999999999914e-03
9.175210000000000310e-02 -2.390359999999999794e-03
9.165220000000000311e-02 -2.389640000000000167e-03
9.155230000000000312e-02 -2.388930000000000047e-03
9.145240000000000313e-02 -2.388219999999999926e-03
9.135250000000000314e-02 -2.387509999999999806e-03
9.125250000000000028e-02 -2.386810000000000060e-03
9.115260000000000029e-02 -2.386099999999999940e-03
9.105270000000000030e-02 -2.385389999999999820e-03
9.095280000000000031e-02 -2.384690000000000074e-03
9.085290000000000032e-02 -2.383989999999999894e-03
9.075300000000000034e-02 -2.383290000000000148e-03
9.065310000000000035e-02 -2.382589999999999968e-03
9.055320000000000036e-02 -2.381889999999999789e-03
9.045330000000000037e-02 -2.381190000000000043e-03
9.035340000000000038e-02 -2.380499999999999804e-03
9.025350000000000039e-02 -2.379800000000000058e-03
9.015360000000000040e-02 -2.379109999999999819e-03
9.005370000000000041e-02 -2.378420000000000013e-03
8.995380000000000043e-02 -2.377730000000000208e-03
8.985390000000000044e-02 -2.377039999999999969e-03
8.975400000000000045e-02 -2.376350000000000164e-03
8.965399999999999758e-02 -2.375659999999999925e-03
8.955409999999999759e-02 -2.374980000000000060e-03
8.945419999999999761e-02 -2.374289999999999821e-03
8.935429999999999762e-02 -2.373609999999999956e-03
8.925439999999999763e-02 -2.372930000000000091e-03
8.915449999999999764e-02 -2.372249999999999793e-03
8.905459999999999765e-02 -2.371569999999999928e-03
8.895469999999999766e-02 -2.370890000000000063e-03
8.885479999999999767e-02 -2.370210000000000199e-03
8.875489999999999768e-02 -2.369539999999999841e-03
8.865499999999999770e-02 -2.368869999999999917e-03
8.855509999999999771e-02 -2.368190000000000052e-03
8.845519999999999772e-02 -2.367520000000000128e-03
8.835529999999999773e-02 -2.366850000000000204e-03
8.825529999999999486e-02 -2.366179999999999846e-03
8.815539999999999488e-02 -2.365509999999999922e-03
8.805549999999999489e-02 -2.364849999999999938e-03
8.795559999999999490e-02 -2.364180000000000014e-03
8.785569999999999491e-02 -2.363520000000000031e-03
8.775579999999999492e-02 -2.362850000000000106e-03
8.765589999999999493e-02 -2.362190000000000123e-03
8.755599999999999494e-02 -2.361530000000000139e-03
8.745609999999999495e-02 -2.360870000000000156e-03
8.735619999999999497e-02 -2.360210000000000172e-03
8.725629999999999498e-02 -2.359550000000000189e-03
8.715639999999999499e-02 -2.358900000000000146e-03
8.705649999999999500e-02 -2.358240000000000162e-03
8.695659999999999501e-02 -2.357590000000000120e-03
8.685669999999999502e-02 -2.356940000000000077e-03
8.675670000000000603e-02 -2.356280000000000093e-03
8.665680000000000605e-02 -2.355630000000000050e-03
8.655690000000000606e-02 -2.354980000000000007e-03
8.645700000000000607e-02 -2.354339999999999905e-03
8.635710000000000608e-02 -2.353689999999999862e-03
8.625720000000000609e-02 -2.353039999999999819e-03
8.615730000000000610e-02 -2.352400000000000151e-03
8.605740000000000611e-02 -2.351760000000000048e-03
8.595750000000000612e-02 -2.351110000000000005e-03
8.585760000000000614e-02 -2.350469999999999903e-03
8.575770000000000615e-02 -2.349829999999999801e-03
8.565780000000000616e-02 -2.349190000000000132e-03
8.555790000000000617e-02 -2.348550000000000030e-03
8.545800000000000618e-02 -2.347919999999999868e-03
8.535800000000000332e-02 -2.347280000000000200e-03
8.525810000000000333e-02 -2.346650000000000038e-03
8.515820000000000334e-02 -2.346009999999999936e-03
8.505830000000000335e-02 -2.345380000000000208e-03
8.495840000000000336e-02 -2.344750000000000046e-03
8.485850000000000337e-02 -2.344119999999999884e-03
8.455880000000000341e-02 -2.342229999999999833e-03
8.435900000000000343e-02 -2.340979999999999884e-03
8.425910000000000344e-02 -2.340360000000000096e-03
8.415920000000000345e-02 -2.339739999999999875e-03
8.405920000000000059e-02 -2.339120000000000088e-03
8.395930000000000060e-02 -2.338489999999999926e-03
8.385940000000000061e-02 -2.337870000000000139e-03
8.375950000000000062e-02 -2.337259999999999859e-03
8.365960000000000063e-02 -2.336640000000000071e-03
8.355970000000000064e-02 -2.336019999999999850e-03
8.345980000000000065e-02 -2.335410000000000003e-03
8.335990000000000066e-02 -2.334790000000000216e-03
8.326000000000000068e-02 -2.334179999999999935e-03
8.316010000000000069e-02 -2.333570000000000089e-03
8.306020000000000070e-02 -2.332959999999999808e-03
8.296030000000000071e-02 -2.332340000000000021e-03
8.286040000000000072e-02 -2.331740000000000115e-03
8.276050000000000073e-02 -2.331129999999999834e-03
8.266049999999999787e-02 -2.330519999999999987e-03
8.256059999999999788e-02 -2.329910000000000141e-03
8.246069999999999789e-02 -2.329309999999999801e-03
8.236079999999999790e-02 -2.328699999999999954e-03
8.226089999999999791e-02 -2.328100000000000048e-03
8.216099999999999792e-02 -2.327500000000000142e-03
8.206109999999999793e-02 -2.326899999999999802e-03
8.196119999999999794e-02 -2.326299999999999896e-03
8.186129999999999796e-02 -2.325699999999999990e-03
8.176139999999999797e-02 -2.325100000000000083e-03
8.166149999999999798e-02 -2.324500000000000177e-03
8.156159999999999799e-02 -2.323910000000000212e-03
8.146159999999999513e-02 -2.323309999999999872e-03
8.136169999999999514e-02 -2.322719999999999906e-03
8.126179999999999515e-02 -2.322120000000000000e-03
8.116189999999999516e-02 -2.321530000000000035e-03
8.106199999999999517e-02 -2.320940000000000069e-03
8.096209999999999518e-02 -2.320350000000000103e-03
8.086219999999999519e-02 -2.319760000000000138e-03
8.076229999999999520e-02 -2.319170000000000172e-03
8.066239999999999521e-02 -2.318580000000000207e-03
8.056249999999999523e-02 -2.318000000000000182e-03
8.046259999999999524e-02 -2.317410000000000216e-03
8.036269999999999525e-02 -2.316830000000000191e-03
8.026279999999999526e-02 -2.316239999999999792e-03
8.016280000000000627e-02 -2.315660000000000201e-03
8.006290000000000628e-02 -2.315080000000000176e-03
7.996300000000000630e-02 -2.314500000000000151e-03
7.986310000000000631e-02 -2.313920000000000126e-03
7.976320000000000632e-02 -2.313340000000000101e-03
7.966330000000000633e-02 -2.312760000000000076e-03
7.956340000000000634e-02 -2.312180000000000051e-03
7.946350000000000635e-02 -2.311609999999999967e-03
7.936360000000000636e-02 -2.311029999999999942e-03
7.926370000000000637e-02 -2.310459999999999858e-03
7.916380000000000638e-02 -2.309879999999999833e-03
7.906390000000000640e-02 -2.309310000000000182e-03
7.896390000000000353e-02 -2.308740000000000098e-03
7.886400000000000354e-02 -2.308170000000000013e-03
7.876410000000000355e-02 -2.307599999999999929e-03
7.866420000000000357e-02 -2.307029999999999845e-03
7.856430000000000358e-02 -2.306460000000000194e-03
7.846440000000000359e-02 -2.305890000000000110e-03
7.836450000000000360e-02 -2.305329999999999966e-03
7.826460000000000361e-02 -2.304759999999999882e-03
7.816470000000000362e-02 -2.304200000000000172e-03
7.806480000000000363e-02 -2.303630000000000087e-03
7.796490000000000364e-02 -2.303069999999999944e-03
7.786500000000000365e-02 -2.302509999999999800e-03
7.776500000000000079e-02 -2.301950000000000090e-03
7.766510000000000080e-02 -2.301389999999999946e-03
7.756520000000000081e-02 -2.300829999999999802e-03
7.746530000000000082e-02 -2.300270000000000092e-03
7.736540000000000084e-02 -2.299709999999999949e-03
7.726550000000000085e-02 -2.299149999999999805e-03
7.716560000000000086e-02 -2.298600000000000036e-03
7.706570000000000087e-02 -2.298039999999999892e-03
7.696580000000000088e-02 -2.297490000000000122e-03
7.686590000000000089e-02 -2.296939999999999919e-03
7.676600000000000090e-02 -2.296380000000000209e-03
7.666610000000000091e-02 -2.295830000000000006e-03
7.656609999999999805e-02 -2.295279999999999803e-03
7.646619999999999806e-02 -2.294730000000000034e-03
7.636629999999999807e-02 -2.294179999999999831e-03
7.626639999999999808e-02 -2.293630000000000061e-03
7.616649999999999809e-02 -2.293089999999999799e-03
7.606659999999999811e-02 -2.292540000000000029e-03
7.596669999999999812e-02 -2.291989999999999826e-03
7.586679999999999813e-02 -2.291449999999999997e-03
7.576689999999999814e-02 -2.290899999999999794e-03
7.566699999999999815e-02 -2.290359999999999965e-03
7.556709999999999816e-02 -2.289820000000000137e-03
7.546719999999999817e-02 -2.289279999999999874e-03
7.536719999999999531e-02 -2.288740000000000045e-03
7.526729999999999532e-02 -2.288200000000000216e-03
7.516739999999999533e-02 -2.287659999999999954e-03
7.506749999999999534e-02 -2.287120000000000125e-03
7.496759999999999535e-02 -2.286579999999999863e-03
7.486769999999999536e-02 -2.286040000000000034e-03
7.476779999999999538e-02 -2.285510000000000146e-03
7.466789999999999539e-02 -2.284969999999999883e-03
7.456799999999999540e-02 -2.284439999999999995e-03
7.446809999999999541e-02 -2.283910000000000107e-03
7.436819999999999542e-02 -2.283369999999999844e-03
7.426820000000000643e-02 -2.282839999999999956e-03
7.416830000000000644e-02 -2.282310000000000068e-03
7.406840000000000646e-02 -2.281780000000000180e-03
7.396850000000000647e-02 -2.281249999999999858e-03
7.386860000000000648e-02 -2.280719999999999970e-03
7.376870000000000649e-02 -2.280190000000000081e-03
7.366880000000000650e-02 -2.279670000000000134e-03
7.356890000000000651e-02 -2.279139999999999812e-03
7.346900000000000652e-02 -2.278609999999999924e-03
7.336910000000000653e-02 -2.278089999999999976e-03
7.326920000000000655e-02 -2.277570000000000029e-03
7.316930000000000656e-02 -2.277040000000000140e-03
7.306930000000000369e-02 -2.276520000000000193e-03
7.296940000000000370e-02 -2.275999999999999811e-03
7.286950000000000371e-02 -2.275479999999999864e-03
7.276960000000000373e-02 -2.274959999999999916e-03
7.266970000000000374e-02 -2.274439999999999969e-03
7.256980000000000375e-02 -2.273920000000000021e-03
7.246990000000000376e-02 -2.273400000000000074e-03
7.237000000000000377e-02 -2.272880000000000126e-03
7.227010000000000378e-02 -2.272370000000000119e-03
7.217020000000000379e-02 -2.271850000000000171e-03
7.207030000000000380e-02 -2.271340000000000164e-03
7.197030000000000094e-02 -2.270820000000000217e-03
7.187040000000000095e-02 -2.270310000000000210e-03
7.177050000000000096e-02 -2.269800000000000203e-03
7.167060000000000097e-02 -2.269279999999999822e-03
7.157070000000000098e-02 -2.268769999999999815e-03
7.147080000000000100e-02 -2.268259999999999808e-03
7.137090000000000101e-02 -2.267749999999999801e-03
7.127100000000000102e-02 -2.267239999999999794e-03
7.117110000000000103e-02 -2.266740000000000161e-03
7.107120000000000104e-02 -2.266230000000000154e-03
7.097119999999999818e-02 -2.265720000000000147e-03
7.087129999999999819e-02 -2.265210000000000140e-03
7.077139999999999820e-02 -2.264710000000000074e-03
7.067149999999999821e-02 -2.264200000000000067e-03
7.057159999999999822e-02 -2.263700000000000000e-03
7.047169999999999823e-02 -2.263199999999999934e-03
7.037179999999999824e-02 -2.262699999999999868e-03
7.027189999999999825e-02 -2.262189999999999861e-03
7.017199999999999827e-02 -2.261689999999999794e-03
7.007209999999999828e-02 -2.261190000000000162e-03
6.997219999999999829e-02 -2.260690000000000095e-03
6.987219999999999542e-02 -2.260190000000000029e-03
6.977229999999999543e-02 -2.259699999999999903e-03
6.967239999999999545e-02 -2.259199999999999837e-03
6.957249999999999546e-02 -2.258700000000000204e-03
6.947259999999999547e-02 -2.258210000000000078e-03
6.937269999999999548e-02 -2.257710000000000012e-03
6.927279999999999549e-02 -2.257209999999999946e-03
6.917289999999999550e-02 -2.256719999999999820e-03
6.907299999999999551e-02 -2.256230000000000128e-03
6.897309999999999552e-02 -2.255730000000000061e-03
6.887319999999999554e-02 -2.255239999999999936e-03
6.877320000000000655e-02 -2.254749999999999810e-03
6.867330000000000656e-02 -2.254260000000000118e-03
6.857340000000000657e-02 -2.253769999999999992e-03
6.847350000000000658e-02 -2.253279999999999866e-03
6.837360000000000659e-02 -2.252790000000000174e-03
6.827370000000000660e-02 -2.252309999999999989e-03
6.817380000000000662e-02 -2.251819999999999863e-03
6.807390000000000663e-02 -2.251330000000000171e-03
6.797400000000000664e-02 -2.250849999999999986e-03
6.787410000000000665e-02 -2.250359999999999860e-03
6.777410000000000379e-02 -2.249880000000000109e-03
6.767420000000000380e-02 -2.249389999999999983e-03
6.757430000000000381e-02 -2.248909999999999798e-03
6.747440000000000382e-02 -2.248430000000000047e-03
6.737450000000000383e-02 -2.247949999999999861e-03
6.727460000000000384e-02 -2.247460000000000169e-03
6.717470000000000385e-02 -2.246979999999999984e-03
6.707480000000000386e-02 -2.246499999999999799e-03
6.697490000000000387e-02 -2.246029999999999988e-03
6.687500000000000389e-02 -2.245549999999999803e-03
6.677500000000000102e-02 -2.245070000000000052e-03
6.667510000000000103e-02 -2.244589999999999867e-03
6.657520000000000104e-02 -2.244110000000000115e-03
6.647530000000000105e-02 -2.243639999999999871e-03
6.637540000000000107e-02 -2.243160000000000119e-03
6.627550000000000108e-02 -2.242689999999999875e-03
6.617560000000000109e-02 -2.242220000000000064e-03
6.607570000000000110e-02 -2.241739999999999879e-03
6.597580000000000111e-02 -2.241270000000000068e-03
6.587590000000000112e-02 -2.240799999999999823e-03
6.577589999999999826e-02 -2.240330000000000012e-03
6.567599999999999827e-02 -2.239860000000000202e-03
6.557609999999999828e-02 -2.239389999999999957e-03
6.547619999999999829e-02 -2.238920000000000146e-03
6.537629999999999830e-02 -2.238449999999999902e-03
6.527639999999999831e-02 -2.237980000000000091e-03
6.517649999999999832e-02 -2.237509999999999846e-03
6.507659999999999834e-02 -2.237040000000000035e-03
6.497669999999999835e-02 -2.236580000000000165e-03
6.487679999999999836e-02 -2.236109999999999921e-03
6.457699999999999552e-02 -2.234719999999999936e-03
6.437719999999999554e-02 -2.233789999999999821e-03
6.427729999999999555e-02 -2.233329999999999951e-03
6.417739999999999556e-02 -2.232870000000000080e-03
6.407749999999999557e-02 -2.232410000000000210e-03
6.397759999999999558e-02 -2.231949999999999906e-03
6.387769999999999559e-02 -2.231490000000000036e-03
6.377770000000000661e-02 -2.231030000000000166e-03
6.367780000000000662e-02 -2.230569999999999862e-03
6.357790000000000663e-02 -2.230109999999999992e-03
6.347800000000000664e-02 -2.229660000000000062e-03
6.337810000000000665e-02 -2.229200000000000192e-03
6.327820000000000666e-02 -2.228749999999999828e-03
6.317830000000000668e-02 -2.228289999999999958e-03
6.307840000000000669e-02 -2.227840000000000029e-03
6.297850000000000670e-02 -2.227380000000000158e-03
6.287860000000000671e-02 -2.226929999999999795e-03
6.277860000000000384e-02 -2.226469999999999925e-03
6.267870000000000386e-02 -2.226019999999999995e-03
6.257880000000000387e-02 -2.225570000000000066e-03
6.247889999999999694e-02 -2.225120000000000136e-03
6.237899999999999695e-02 -2.224670000000000206e-03
6.227909999999999696e-02 -2.224219999999999843e-03
6.217919999999999697e-02 -2.223769999999999913e-03
6.207929999999999698e-02 -2.223319999999999984e-03
6.197939999999999700e-02 -2.222870000000000054e-03
6.187949999999999701e-02 -2.222430000000000065e-03
6.177950000000000108e-02 -2.221980000000000136e-03
6.167960000000000109e-02 -2.221530000000000206e-03
6.157970000000000110e-02 -2.221089999999999783e-03
6.147980000000000111e-02 -2.220639999999999854e-03
6.137990000000000113e-02 -2.220199999999999865e-03
6.128000000000000114e-02 -2.219749999999999935e-03
6.118010000000000115e-02 -2.219309999999999946e-03
6.108020000000000116e-02 -2.218869999999999957e-03
6.098030000000000117e-02 -2.218420000000000027e-03
6.088029999999999831e-02 -2.217980000000000038e-03
6.078039999999999832e-02 -2.217540000000000049e-03
6.068049999999999833e-02 -2.217100000000000060e-03
6.058059999999999834e-02 -2.216660000000000071e-03
6.048069999999999835e-02 -2.216220000000000082e-03
6.038079999999999836e-02 -2.215780000000000093e-03
6.028089999999999837e-02 -2.215340000000000104e-03
6.018099999999999838e-02 -2.214900000000000115e-03
6.008109999999999840e-02 -2.214470000000000067e-03
5.998110000000000247e-02 -2.214030000000000078e-03
5.988120000000000248e-02 -2.213590000000000089e-03
5.978130000000000249e-02 -2.213160000000000040e-03
5.968140000000000250e-02 -2.212720000000000051e-03
5.958150000000000251e-02 -2.212290000000000003e-03
5.948160000000000253e-02 -2.211850000000000014e-03
5.938170000000000254e-02 -2.211419999999999966e-03
5.928180000000000255e-02 -2.210989999999999917e-03
5.918190000000000256e-02 -2.210559999999999869e-03
5.908200000000000257e-02 -2.210119999999999880e-03
5.898199999999999971e-02 -2.209689999999999831e-03
5.888209999999999972e-02 -2.209260000000000217e-03
5.878219999999999973e-02 -2.208830000000000168e-03
5.868229999999999974e-02 -2.208400000000000120e-03
5.858239999999999975e-02 -2.207970000000000071e-03
5.848249999999999976e-02 -2.207540000000000023e-03
5.838259999999999977e-02 -2.207119999999999915e-03
5.828269999999999978e-02 -2.206689999999999867e-03
5.818279999999999980e-02 -2.206259999999999818e-03
5.808279999999999693e-02 -2.205830000000000204e-03
5.798289999999999694e-02 -2.205410000000000096e-03
5.788299999999999695e-02 -2.204980000000000048e-03
5.778309999999999697e-02 -2.204559999999999940e-03
5.768319999999999698e-02 -2.204129999999999891e-03
5.758329999999999699e-02 -2.203709999999999784e-03
5.748339999999999700e-02 -2.203290000000000110e-03
5.738349999999999701e-02 -2.202860000000000061e-03
5.728359999999999702e-02 -2.202439999999999953e-03
5.718360000000000110e-02 -2.202019999999999846e-03
5.708370000000000111e-02 -2.201600000000000171e-03
5.698380000000000112e-02 -2.201180000000000064e-03
5.688390000000000113e-02 -2.200759999999999956e-03
5.678400000000000114e-02 -2.200339999999999848e-03
5.668410000000000115e-02 -2.199920000000000174e-03
5.658420000000000116e-02 -2.199500000000000066e-03
5.648430000000000117e-02 -2.199079999999999958e-03
5.638440000000000119e-02 -2.198669999999999791e-03
5.628439999999999832e-02 -2.198250000000000117e-03
5.618449999999999833e-02 -2.197830000000000009e-03
5.608459999999999834e-02 -2.197419999999999842e-03
5.598469999999999835e-02 -2.197000000000000168e-03
5.588479999999999837e-02 -2.196590000000000001e-03
5.578489999999999838e-02 -2.196169999999999893e-03
5.568499999999999839e-02 -2.195760000000000160e-03
5.558509999999999840e-02 -2.195340000000000052e-03
5.548519999999999841e-02 -2.194929999999999885e-03
5.538520000000000248e-02 -2.194520000000000151e-03
5.528530000000000250e-02 -2.194109999999999984e-03
5.518540000000000251e-02 -2.193699999999999817e-03
5.508550000000000252e-02 -2.193280000000000143e-03
5.498560000000000253e-02 -2.192869999999999975e-03
5.488570000000000254e-02 -2.192459999999999808e-03
5.478580000000000255e-02 -2.192060000000000015e-03
5.468590000000000256e-02 -2.191649999999999848e-03
5.458600000000000257e-02 -2.191240000000000115e-03
5.448599999999999971e-02 -2.190829999999999948e-03
5.438609999999999972e-02 -2.190420000000000214e-03
5.428619999999999973e-02 -2.190019999999999988e-03
5.418629999999999974e-02 -2.189609999999999820e-03
5.408639999999999975e-02 -2.189200000000000087e-03
5.398649999999999977e-02 -2.188799999999999860e-03
5.388659999999999978e-02 -2.188390000000000127e-03
5.378669999999999979e-02 -2.187989999999999900e-03
5.368669999999999692e-02 -2.187580000000000167e-03
5.358679999999999694e-02 -2.187179999999999940e-03
5.348689999999999695e-02 -2.186780000000000147e-03
5.338699999999999696e-02 -2.186369999999999980e-03
5.328709999999999697e-02 -2.185970000000000187e-03
5.318719999999999698e-02 -2.185569999999999961e-03
5.308729999999999699e-02 -2.185170000000000168e-03
5.298739999999999700e-02 -2.184769999999999941e-03
5.288749999999999701e-02 -2.184370000000000148e-03
5.278750000000000109e-02 -2.183969999999999922e-03
5.268760000000000110e-02 -2.183570000000000129e-03
5.258770000000000111e-02 -2.183169999999999902e-03
5.248780000000000112e-02 -2.182770000000000109e-03
5.238790000000000113e-02 -2.182369999999999883e-03
5.228800000000000114e-02 -2.181980000000000031e-03
5.218810000000000116e-02 -2.181579999999999804e-03
5.208820000000000117e-02 -2.181180000000000011e-03
5.198830000000000118e-02 -2.180790000000000159e-03
5.188829999999999831e-02 -2.180389999999999932e-03
5.178839999999999832e-02 -2.180000000000000080e-03
5.168849999999999834e-02 -2.179599999999999854e-03
5.158859999999999835e-02 -2.179210000000000001e-03
5.148869999999999836e-02 -2.178820000000000149e-03
5.138879999999999837e-02 -2.178419999999999922e-03
5.128889999999999838e-02 -2.178030000000000070e-03
5.118899999999999839e-02 -2.177639999999999784e-03
5.108900000000000247e-02 -2.177249999999999932e-03
5.098910000000000248e-02 -2.176850000000000139e-03
5.088920000000000249e-02 -2.176459999999999853e-03
5.078930000000000250e-02 -2.176070000000000001e-03
5.068940000000000251e-02 -2.175680000000000149e-03
5.058950000000000252e-02 -2.175289999999999863e-03
5.048960000000000253e-02 -2.174900000000000010e-03
5.038970000000000254e-02 -2.174520000000000099e-03
5.028969999999999968e-02 -2.174129999999999813e-03
5.018979999999999969e-02 -2.173739999999999960e-03
5.008989999999999970e-02 -2.173350000000000108e-03
4.998999999999999971e-02 -2.172970000000000197e-03
4.989009999999999972e-02 -2.172579999999999911e-03
4.979019999999999974e-02 -2.172190000000000058e-03
4.969029999999999975e-02 -2.171810000000000147e-03
4.959039999999999976e-02 -2.171419999999999861e-03
4.949049999999999977e-02 -2.171039999999999949e-03
4.939049999999999691e-02 -2.170650000000000097e-03
4.929059999999999692e-02 -2.170270000000000185e-03
4.919069999999999693e-02 -2.169889999999999840e-03
4.909079999999999694e-02 -2.169509999999999928e-03
4.899089999999999695e-02 -2.169120000000000076e-03
4.889099999999999696e-02 -2.168740000000000164e-03
4.879109999999999697e-02 -2.168359999999999819e-03
4.869119999999999698e-02 -2.167979999999999907e-03
4.859120000000000106e-02 -2.167599999999999996e-03
4.849130000000000107e-02 -2.167220000000000084e-03
4.839140000000000108e-02 -2.166840000000000172e-03
4.829150000000000109e-02 -2.166459999999999827e-03
4.819160000000000110e-02 -2.166079999999999915e-03
4.809170000000000111e-02 -2.165700000000000004e-03
4.799180000000000113e-02 -2.165320000000000092e-03
4.789190000000000114e-02 -2.164950000000000121e-03
4.779189999999999827e-02 -2.164570000000000209e-03
4.769199999999999828e-02 -2.164189999999999864e-03
4.759209999999999829e-02 -2.163819999999999893e-03
4.749219999999999831e-02 -2.163439999999999981e-03
4.739229999999999832e-02 -2.163060000000000069e-03
4.729239999999999833e-02 -2.162690000000000098e-03
4.719249999999999834e-02 -2.162320000000000127e-03
4.709259999999999835e-02 -2.161940000000000216e-03
4.699260000000000242e-02 -2.161569999999999811e-03
4.689270000000000244e-02 -2.161189999999999899e-03
4.679280000000000245e-02 -2.160819999999999928e-03
4.669290000000000246e-02 -2.160449999999999957e-03
4.659300000000000247e-02 -2.160079999999999986e-03
4.649310000000000248e-02 -2.159710000000000015e-03
4.639320000000000249e-02 -2.159330000000000103e-03
4.629330000000000250e-02 -2.158960000000000132e-03
4.619329999999999964e-02 -2.158590000000000161e-03
4.609339999999999965e-02 -2.158220000000000190e-03
4.599349999999999966e-02 -2.157849999999999786e-03
4.589359999999999967e-02 -2.157479999999999815e-03
4.579369999999999968e-02 -2.157119999999999784e-03
4.569379999999999969e-02 -2.156749999999999813e-03
4.559389999999999971e-02 -2.156379999999999842e-03
4.549399999999999972e-02 -2.156009999999999871e-03
4.539399999999999685e-02 -2.155639999999999900e-03
4.529409999999999686e-02 -2.155279999999999870e-03
4.519419999999999688e-02 -2.154909999999999898e-03
4.509429999999999689e-02 -2.154549999999999868e-03
4.499439999999999690e-02 -2.154179999999999897e-03
4.489449999999999691e-02 -2.153819999999999867e-03
4.459470000000000101e-02 -2.152719999999999894e-03
4.439490000000000103e-02 -2.151999999999999833e-03
4.429500000000000104e-02 -2.151629999999999862e-03
4.419510000000000105e-02 -2.151269999999999832e-03
4.409520000000000106e-02 -2.150909999999999801e-03
4.399530000000000107e-02 -2.150550000000000204e-03
4.389540000000000108e-02 -2.150190000000000174e-03
4.379539999999999822e-02 -2.149830000000000144e-03
4.369549999999999823e-02 -2.149470000000000113e-03
4.359559999999999824e-02 -2.149110000000000083e-03
4.349569999999999825e-02 -2.148750000000000052e-03
4.339579999999999826e-02 -2.148390000000000022e-03
4.329589999999999828e-02 -2.148029999999999991e-03
4.319599999999999829e-02 -2.147669999999999961e-03
4.309609999999999830e-02 -2.147309999999999931e-03
4.299610000000000237e-02 -2.146959999999999841e-03
4.289620000000000238e-02 -2.146599999999999810e-03
4.279630000000000239e-02 -2.146240000000000214e-03
4.269640000000000241e-02 -2.145890000000000124e-03
4.259650000000000242e-02 -2.145530000000000093e-03
4.249660000000000243e-02 -2.145180000000000003e-03
4.239670000000000244e-02 -2.144819999999999973e-03
4.229680000000000245e-02 -2.144469999999999883e-03
4.219679999999999959e-02 -2.144109999999999853e-03
4.209689999999999960e-02 -2.143760000000000197e-03
4.199699999999999961e-02 -2.143400000000000166e-03
4.189709999999999962e-02 -2.143050000000000076e-03
4.179719999999999963e-02 -2.142699999999999987e-03
4.169729999999999964e-02 -2.142339999999999956e-03
4.159739999999999965e-02 -2.141989999999999866e-03
4.149739999999999679e-02 -2.141640000000000210e-03
4.139749999999999680e-02 -2.141290000000000120e-03
4.129759999999999681e-02 -2.140940000000000031e-03
4.119769999999999682e-02 -2.140589999999999941e-03
4.109779999999999683e-02 -2.140239999999999851e-03
4.099789999999999685e-02 -2.139890000000000195e-03
4.089799999999999686e-02 -2.139540000000000105e-03
4.079809999999999687e-02 -2.139190000000000015e-03
4.069810000000000094e-02 -2.138839999999999925e-03
4.059820000000000095e-02 -2.138489999999999835e-03
4.049830000000000096e-02 -2.138150000000000120e-03
4.039840000000000098e-02 -2.137800000000000030e-03
4.029850000000000099e-02 -2.137449999999999940e-03
4.019860000000000100e-02 -2.137099999999999850e-03
4.009870000000000101e-02 -2.136760000000000135e-03
3.999880000000000102e-02 -2.136410000000000045e-03
3.989879999999999816e-02 -2.136069999999999896e-03
3.979889999999999817e-02 -2.135719999999999806e-03
3.969899999999999818e-02 -2.135380000000000091e-03
3.959909999999999819e-02 -2.135030000000000001e-03
3.949919999999999820e-02 -2.134689999999999852e-03
3.939929999999999821e-02 -2.134340000000000195e-03
3.929939999999999822e-02 -2.134000000000000046e-03
3.919940000000000230e-02 -2.133659999999999897e-03
3.909950000000000231e-02 -2.133309999999999807e-03
3.899960000000000232e-02 -2.132970000000000092e-03
3.889970000000000233e-02 -2.132629999999999942e-03
3.879980000000000234e-02 -2.132289999999999793e-03
3.869990000000000235e-02 -2.131950000000000078e-03
3.860000000000000236e-02 -2.131599999999999988e-03
3.849999999999999950e-02 -2.131259999999999839e-03
3.840009999999999951e-02 -2.130920000000000123e-03
3.830019999999999952e-02 -2.130579999999999974e-03
3.820029999999999953e-02 -2.130239999999999825e-03
3.810039999999999955e-02 -2.129910000000000050e-03
3.800049999999999956e-02 -2.129569999999999901e-03
3.790059999999999957e-02 -2.129230000000000185e-03
3.780069999999999958e-02 -2.128890000000000036e-03
3.770069999999999671e-02 -2.128549999999999887e-03
3.760079999999999673e-02 -2.128220000000000112e-03
3.750089999999999674e-02 -2.127879999999999962e-03
3.740099999999999675e-02 -2.127539999999999813e-03
3.730109999999999676e-02 -2.127210000000000038e-03
3.720119999999999677e-02 -2.126869999999999889e-03
3.710129999999999678e-02 -2.126530000000000174e-03
3.700130000000000086e-02 -2.126199999999999965e-03
3.690140000000000087e-02 -2.125859999999999816e-03
3.680150000000000088e-02 -2.125530000000000041e-03
3.670160000000000089e-02 -2.125189999999999892e-03
3.660170000000000090e-02 -2.124860000000000117e-03
3.650180000000000091e-02 -2.124529999999999908e-03
3.640190000000000092e-02 -2.124190000000000193e-03
3.630200000000000093e-02 -2.123859999999999984e-03
3.620199999999999807e-02 -2.123530000000000209e-03
3.610209999999999808e-02 -2.123200000000000000e-03
3.600219999999999809e-02 -2.122859999999999851e-03
3.590229999999999810e-02 -2.122530000000000076e-03
3.580239999999999811e-02 -2.122199999999999868e-03
3.570249999999999813e-02 -2.121870000000000093e-03
3.560259999999999814e-02 -2.121539999999999884e-03
3.550260000000000221e-02 -2.121210000000000109e-03
3.540270000000000222e-02 -2.120879999999999901e-03
3.530280000000000223e-02 -2.120550000000000126e-03
3.520290000000000225e-02 -2.120219999999999917e-03
3.510300000000000226e-02 -2.119890000000000142e-03
3.500310000000000227e-02 -2.119569999999999874e-03
3.490320000000000228e-02 -2.119240000000000099e-03
3.480319999999999941e-02 -2.118909999999999891e-03
3.470329999999999943e-02 -2.118580000000000116e-03
3.460339999999999944e-02 -2.118259999999999848e-03
3.450349999999999945e-02 -2.117930000000000073e-03
3.440359999999999946e-02 -2.117599999999999864e-03
3.430369999999999947e-02 -2.117280000000000030e-03
3.420379999999999948e-02 -2.116949999999999821e-03
3.410379999999999662e-02 -2.116620000000000047e-03
3.400389999999999663e-02 -2.116300000000000212e-03
3.390399999999999664e-02 -2.115970000000000004e-03
3.380409999999999665e-02 -2.115650000000000169e-03
3.370419999999999666e-02 -2.115329999999999901e-03
3.360429999999999667e-02 -2.115000000000000126e-03
3.350439999999999668e-02 -2.114679999999999858e-03
3.340440000000000076e-02 -2.114360000000000024e-03
3.330450000000000077e-02 -2.114029999999999816e-03
3.320460000000000078e-02 -2.113709999999999981e-03
3.310470000000000079e-02 -2.113390000000000147e-03
3.300480000000000080e-02 -2.113069999999999879e-03
3.290490000000000081e-02 -2.112750000000000045e-03
3.280500000000000083e-02 -2.112419999999999836e-03
3.270499999999999796e-02 -2.112100000000000002e-03
3.260509999999999797e-02 -2.111780000000000167e-03
3.250519999999999798e-02 -2.111459999999999899e-03
3.240529999999999800e-02 -2.111140000000000065e-03
3.230539999999999801e-02 -2.110819999999999797e-03
3.220549999999999802e-02 -2.110499999999999963e-03
3.210559999999999803e-02 -2.110190000000000069e-03
3.200560000000000210e-02 -2.109869999999999801e-03
3.190570000000000211e-02 -2.109549999999999967e-03
3.180580000000000213e-02 -2.109230000000000133e-03
3.170590000000000214e-02 -2.108909999999999865e-03
3.160600000000000215e-02 -2.108599999999999971e-03
3.150610000000000216e-02 -2.108280000000000137e-03
3.140620000000000217e-02 -2.107959999999999869e-03
3.130619999999999931e-02 -2.107649999999999975e-03
3.120629999999999932e-02 -2.107330000000000141e-03
3.110639999999999933e-02 -2.107009999999999873e-03
3.100649999999999934e-02 -2.106699999999999979e-03
3.090659999999999935e-02 -2.106380000000000145e-03
3.080669999999999936e-02 -2.106069999999999817e-03
3.070679999999999937e-02 -2.105749999999999983e-03
3.060679999999999998e-02 -2.105440000000000089e-03
3.050689999999999999e-02 -2.105130000000000196e-03
3.040700000000000000e-02 -2.104809999999999928e-03
3.030710000000000001e-02 -2.104500000000000034e-03
3.020720000000000002e-02 -2.104190000000000140e-03
3.010730000000000003e-02 -2.103869999999999872e-03
3.000740000000000005e-02 -2.103559999999999978e-03
2.990740000000000065e-02 -2.103250000000000085e-03
2.980750000000000066e-02 -2.102940000000000191e-03
2.970760000000000067e-02 -2.102629999999999864e-03
2.960770000000000068e-02 -2.102319999999999970e-03
2.950780000000000070e-02 -2.102010000000000076e-03
2.940790000000000071e-02 -2.101700000000000183e-03
2.930800000000000072e-02 -2.101389999999999855e-03
2.920800000000000132e-02 -2.101079999999999962e-03
2.910810000000000133e-02 -2.100770000000000068e-03
2.900820000000000135e-02 -2.100460000000000174e-03
2.890830000000000136e-02 -2.100149999999999847e-03
2.880840000000000137e-02 -2.099839999999999953e-03
2.870850000000000138e-02 -2.099530000000000059e-03
2.860860000000000139e-02 -2.099220000000000166e-03
2.850859999999999853e-02 -2.098920000000000213e-03
2.840869999999999854e-02 -2.098609999999999885e-03
2.830879999999999855e-02 -2.098299999999999992e-03
2.820889999999999856e-02 -2.097990000000000098e-03
2.810899999999999857e-02 -2.097690000000000145e-03
2.800909999999999858e-02 -2.097379999999999817e-03
2.790919999999999859e-02 -2.097079999999999864e-03
2.780919999999999920e-02 -2.096769999999999971e-03
2.770929999999999921e-02 -2.096460000000000077e-03
2.760939999999999922e-02 -2.096160000000000124e-03
2.750949999999999923e-02 -2.095860000000000171e-03
2.740959999999999924e-02 -2.095549999999999843e-03
2.730969999999999925e-02 -2.095249999999999890e-03
2.720969999999999986e-02 -2.094939999999999997e-03
2.710979999999999987e-02 -2.094640000000000044e-03
2.700989999999999988e-02 -2.094340000000000090e-03
2.690999999999999989e-02 -2.094030000000000197e-03
2.681009999999999990e-02 -2.093729999999999810e-03
2.671019999999999991e-02 -2.093429999999999857e-03
2.661029999999999993e-02 -2.093129999999999904e-03
2.651030000000000053e-02 -2.092820000000000010e-03
2.641040000000000054e-02 -2.092520000000000057e-03
2.631050000000000055e-02 -2.092220000000000104e-03
2.621060000000000056e-02 -2.091920000000000151e-03
2.611070000000000058e-02 -2.091620000000000198e-03
2.601080000000000059e-02 -2.091319999999999811e-03
2.591090000000000060e-02 -2.091019999999999858e-03
2.581090000000000120e-02 -2.090719999999999905e-03
2.571100000000000121e-02 -2.090419999999999952e-03
2.561110000000000123e-02 -2.090119999999999999e-03
2.551120000000000124e-02 -2.089820000000000046e-03
2.541130000000000125e-02 -2.089520000000000093e-03
2.531140000000000126e-02 -2.089230000000000080e-03
2.521139999999999839e-02 -2.088930000000000127e-03
2.511149999999999841e-02 -2.088630000000000174e-03
2.501159999999999842e-02 -2.088329999999999787e-03
2.491169999999999843e-02 -2.088040000000000208e-03
2.461199999999999846e-02 -2.087149999999999856e-03
2.441209999999999908e-02 -2.086549999999999950e-03
2.431219999999999909e-02 -2.086259999999999937e-03
2.421229999999999910e-02 -2.085959999999999984e-03
2.411239999999999911e-02 -2.085669999999999972e-03
2.401249999999999912e-02 -2.085370000000000019e-03
2.391249999999999973e-02 -2.085080000000000006e-03
2.381259999999999974e-02 -2.084789999999999994e-03
2.371269999999999975e-02 -2.084490000000000041e-03
2.361279999999999976e-02 -2.084200000000000028e-03
2.351289999999999977e-02 -2.083900000000000075e-03
2.341299999999999978e-02 -2.083610000000000063e-03
2.331309999999999980e-02 -2.083320000000000050e-03
2.321310000000000040e-02 -2.083030000000000038e-03
2.311320000000000041e-02 -2.082730000000000085e-03
2.301330000000000042e-02 -2.082440000000000072e-03
2.291340000000000043e-02 -2.082150000000000060e-03
2.281350000000000044e-02 -2.081860000000000047e-03
2.271360000000000046e-02 -2.081570000000000035e-03
2.261360000000000106e-02 -2.081280000000000022e-03
2.251370000000000107e-02 -2.080990000000000010e-03
2.241380000000000108e-02 -2.080699999999999997e-03
2.231390000000000109e-02 -2.080409999999999985e-03
2.221400000000000111e-02 -2.080119999999999972e-03
2.211410000000000112e-02 -2.079829999999999960e-03
2.201420000000000113e-02 -2.079539999999999948e-03
2.191420000000000173e-02 -2.079249999999999935e-03
2.181429999999999828e-02 -2.078959999999999923e-03
2.171439999999999829e-02 -2.078669999999999910e-03
2.161449999999999830e-02 -2.078389999999999838e-03
2.151459999999999831e-02 -2.078099999999999826e-03
2.141469999999999832e-02 -2.077809999999999813e-03
2.131469999999999893e-02 -2.077519999999999801e-03
2.121479999999999894e-02 -2.077240000000000163e-03
2.111489999999999895e-02 -2.076950000000000150e-03
2.101499999999999896e-02 -2.076660000000000138e-03
2.091509999999999897e-02 -2.076380000000000066e-03
2.081519999999999898e-02 -2.076090000000000053e-03
2.071529999999999899e-02 -2.075809999999999982e-03
2.061529999999999960e-02 -2.075519999999999969e-03
2.051539999999999961e-02 -2.075239999999999897e-03
2.041549999999999962e-02 -2.074949999999999885e-03
2.031559999999999963e-02 -2.074669999999999813e-03
2.021569999999999964e-02 -2.074379999999999800e-03
2.011579999999999965e-02 -2.074100000000000162e-03
2.001580000000000026e-02 -2.073810000000000150e-03
1.991590000000000027e-02 -2.073530000000000078e-03
1.981600000000000028e-02 -2.073250000000000006e-03
1.971610000000000029e-02 -2.072959999999999994e-03
1.961620000000000030e-02 -2.072679999999999922e-03
1.951630000000000031e-02 -2.072399999999999850e-03
1.941630000000000092e-02 -2.072120000000000212e-03
1.931640000000000093e-02 -2.071830000000000199e-03
1.921650000000000094e-02 -2.071550000000000127e-03
1.911660000000000095e-02 -2.071270000000000056e-03
1.901670000000000096e-02 -2.070989999999999984e-03
1.891680000000000098e-02 -2.070709999999999912e-03
1.881690000000000099e-02 -2.070429999999999840e-03
1.871690000000000159e-02 -2.070150000000000202e-03
1.861700000000000160e-02 -2.069870000000000130e-03
1.851710000000000161e-02 -2.069590000000000058e-03
1.841720000000000163e-02 -2.069309999999999986e-03
1.831730000000000164e-02 -2.069029999999999914e-03
1.821740000000000165e-02 -2.068749999999999842e-03
1.811739999999999878e-02 -2.068470000000000204e-03
1.801749999999999879e-02 -2.068190000000000132e-03
1.791759999999999881e-02 -2.067910000000000061e-03
1.781769999999999882e-02 -2.067639999999999929e-03
1.771779999999999883e-02 -2.067359999999999857e-03
1.761789999999999884e-02 -2.067079999999999786e-03
1.751789999999999944e-02 -2.066800000000000147e-03
1.741799999999999946e-02 -2.066530000000000016e-03
1.731809999999999947e-02 -2.066249999999999944e-03
1.721819999999999948e-02 -2.065969999999999872e-03
1.711829999999999949e-02 -2.065700000000000175e-03
1.701839999999999950e-02 -2.065420000000000103e-03
1.691840000000000011e-02 -2.065140000000000031e-03
1.681850000000000012e-02 -2.064869999999999900e-03
1.671860000000000013e-02 -2.064589999999999828e-03
1.661870000000000014e-02 -2.064320000000000131e-03
1.651880000000000015e-02 -2.064040000000000059e-03
1.641890000000000016e-02 -2.063769999999999927e-03
1.631900000000000017e-02 -2.063489999999999856e-03
1.621900000000000078e-02 -2.063220000000000158e-03
1.611910000000000079e-02 -2.062950000000000027e-03
1.601920000000000080e-02 -2.062669999999999955e-03
1.591930000000000081e-02 -2.062399999999999824e-03
1.581940000000000082e-02 -2.062130000000000126e-03
1.571950000000000083e-02 -2.061850000000000054e-03
1.561949999999999970e-02 -2.061579999999999923e-03
1.551959999999999971e-02 -2.061309999999999792e-03
1.541969999999999973e-02 -2.061040000000000094e-03
1.531979999999999974e-02 -2.060760000000000022e-03
1.521989999999999975e-02 -2.060489999999999891e-03
1.511999999999999976e-02 -2.060220000000000194e-03
1.502000000000000036e-02 -2.059950000000000062e-03
1.492010000000000038e-02 -2.059679999999999931e-03
1.482020000000000039e-02 -2.059409999999999800e-03
1.472030000000000040e-02 -2.059140000000000102e-03
1.462040000000000041e-02 -2.058869999999999971e-03
1.452050000000000042e-02 -2.058599999999999840e-03
1.442049999999999929e-02 -2.058330000000000142e-03
1.432059999999999930e-02 -2.058060000000000011e-03
1.422069999999999931e-02 -2.057789999999999880e-03
1.412079999999999932e-02 -2.057520000000000182e-03
1.402089999999999934e-02 -2.057250000000000051e-03
1.392099999999999935e-02 -2.056979999999999920e-03
1.382099999999999995e-02 -2.056720000000000163e-03
1.372109999999999996e-02 -2.056450000000000031e-03
1.362119999999999997e-02 -2.056179999999999900e-03
1.352129999999999999e-02 -2.055910000000000203e-03
1.342140000000000000e-02 -2.055640000000000071e-03
1.332150000000000001e-02 -2.055379999999999881e-03
1.322150000000000061e-02 -2.055110000000000183e-03
1.312160000000000062e-02 -2.054840000000000052e-03
1.302170000000000064e-02 -2.054579999999999861e-03
1.292180000000000065e-02 -2.054310000000000164e-03
1.282190000000000066e-02 -2.054049999999999973e-03
1.272200000000000067e-02 -2.053779999999999842e-03
1.262199999999999954e-02 -2.053510000000000144e-03
1.252209999999999955e-02 -2.053249999999999954e-03
1.242219999999999956e-02 -2.052979999999999822e-03
1.232229999999999957e-02 -2.052720000000000065e-03
1.222239999999999958e-02 -2.052449999999999934e-03
1.212249999999999960e-02 -2.052190000000000177e-03
1.202250000000000020e-02 -2.051929999999999987e-03
1.192260000000000021e-02 -2.051659999999999855e-03
1.182270000000000022e-02 -2.051400000000000098e-03
1.172280000000000023e-02 -2.051139999999999908e-03
1.162290000000000025e-02 -2.050870000000000210e-03
1.152300000000000026e-02 -2.050610000000000020e-03
1.142300000000000086e-02 -2.050349999999999829e-03
1.132309999999999914e-02 -2.050080000000000131e-03
1.122319999999999915e-02 -2.049819999999999941e-03
1.112329999999999916e-02 -2.049560000000000184e-03
1.102339999999999917e-02 -2.049299999999999993e-03
1.092349999999999918e-02 -2.049039999999999802e-03
1.082349999999999979e-02 -2.048780000000000046e-03
1.072359999999999980e-02 -2.048509999999999914e-03
1.062369999999999981e-02 -2.048250000000000157e-03
1.052379999999999982e-02 -2.047989999999999967e-03
1.042389999999999983e-02 -2.047730000000000210e-03
1.032399999999999984e-02 -2.047470000000000019e-03
1.022400000000000045e-02 -2.047209999999999828e-03
1.012410000000000046e-02 -2.046950000000000072e-03
1.002420000000000047e-02 -2.046689999999999881e-03
9.924280000000000601e-03 -2.046430000000000124e-03
9.824370000000000672e-03 -2.046179999999999874e-03
9.724450000000000802e-03 -2.045920000000000117e-03
9.624529999999999197e-03 -2.045659999999999926e-03
9.524619999999999267e-03 -2.045400000000000169e-03
9.424699999999999397e-03 -2.045139999999999979e-03
9.324779999999999527e-03 -2.044879999999999788e-03
9.224859999999999657e-03 -2.044629999999999972e-03
9.124949999999999728e-03 -2.044370000000000215e-03
9.025029999999999858e-03 -2.044110000000000024e-03
8.925109999999999988e-03 -2.043849999999999834e-03
8.825200000000000058e-03 -2.043600000000000017e-03
8.725280000000000188e-03 -2.043339999999999827e-03
8.625360000000000318e-03 -2.043080000000000070e-03
8.525440000000000448e-03 -2.042829999999999820e-03
8.425530000000000519e-03 -2.042570000000000063e-03
8.325610000000000649e-03 -2.042319999999999813e-03
8.225690000000000779e-03 -2.042060000000000056e-03
8.125780000000000849e-03 -2.041809999999999806e-03
8.025859999999999245e-03 -2.041550000000000049e-03
7.925939999999999375e-03 -2.041299999999999799e-03
7.826019999999999505e-03 -2.041040000000000042e-03
7.726109999999999575e-03 -2.040789999999999792e-03
7.626189999999999705e-03 -2.040530000000000035e-03
7.526269999999999835e-03 -2.040279999999999785e-03
7.426349999999999965e-03 -2.040029999999999968e-03
7.326440000000000036e-03 -2.039770000000000211e-03
7.226520000000000166e-03 -2.039519999999999961e-03
7.126600000000000296e-03 -2.039270000000000145e-03
7.026680000000000426e-03 -2.039009999999999954e-03
6.926769999999999629e-03 -2.038760000000000138e-03
6.826849999999999759e-03 -2.038509999999999888e-03
6.726929999999999889e-03 -2.038260000000000072e-03
6.627019999999999959e-03 -2.037999999999999881e-03
6.527100000000000089e-03 -2.037750000000000065e-03
6.427180000000000219e-03 -2.037499999999999815e-03
6.327260000000000349e-03 -2.037249999999999998e-03
6.227350000000000420e-03 -2.037000000000000182e-03
6.127429999999999682e-03 -2.036749999999999932e-03
6.027509999999999812e-03 -2.036500000000000116e-03
5.927589999999999942e-03 -2.036249999999999866e-03
5.827680000000000013e-03 -2.035990000000000109e-03
5.727760000000000143e-03 -2.035739999999999859e-03
5.627840000000000273e-03 -2.035490000000000042e-03
5.527920000000000403e-03 -2.035250000000000167e-03
5.427999999999999665e-03 -2.034999999999999917e-03
5.328089999999999736e-03 -2.034750000000000100e-03
5.228169999999999866e-03 -2.034499999999999850e-03
5.128249999999999996e-03 -2.034250000000000034e-03
5.028330000000000126e-03 -2.033999999999999784e-03
4.928420000000000196e-03 -2.033749999999999968e-03
4.628659999999999719e-03 -2.033010000000000025e-03
4.428829999999999920e-03 -2.032509999999999959e-03
4.328910000000000050e-03 -2.032270000000000083e-03
4.228990000000000180e-03 -2.032019999999999833e-03
4.129070000000000309e-03 -2.031770000000000017e-03
4.029160000000000380e-03 -2.031530000000000141e-03
3.929239999999999643e-03 -2.031279999999999891e-03
3.829320000000000206e-03 -2.031030000000000075e-03
3.729399999999999903e-03 -2.030790000000000199e-03
3.629489999999999973e-03 -2.030539999999999949e-03
3.529570000000000103e-03 -2.030300000000000073e-03
3.429649999999999799e-03 -2.030049999999999823e-03
3.329729999999999929e-03 -2.029809999999999948e-03
3.229810000000000059e-03 -2.029560000000000131e-03
3.129900000000000130e-03 -2.029319999999999822e-03
3.029979999999999826e-03 -2.029070000000000006e-03
2.930059999999999956e-03 -2.028830000000000130e-03
2.830140000000000086e-03 -2.028579999999999880e-03
2.730220000000000216e-03 -2.028340000000000004e-03
2.630309999999999853e-03 -2.028100000000000128e-03
2.530389999999999983e-03 -2.027849999999999878e-03
2.430470000000000113e-03 -2.027610000000000003e-03
2.330549999999999809e-03 -2.027370000000000127e-03
2.230629999999999939e-03 -2.027119999999999877e-03
2.130720000000000010e-03 -2.026880000000000001e-03
2.030800000000000140e-03 -2.026640000000000125e-03
1.930880000000000053e-03 -2.026399999999999816e-03
1.830959999999999966e-03 -2.026150000000000000e-03
1.731040000000000096e-03 -2.025910000000000124e-03
1.631129999999999950e-03 -2.025669999999999814e-03
1.531210000000000080e-03 -2.025429999999999939e-03
1.431289999999999993e-03 -2.025190000000000063e-03
1.331369999999999906e-03 -2.024950000000000187e-03
1.231450000000000036e-03 -2.024709999999999878e-03
1.131540000000000106e-03 -2.024460000000000062e-03
1.031620000000000020e-03 -2.024220000000000186e-03
9.317000000000000412e-04 -2.023979999999999876e-03
8.317819999999999858e-04 -2.023740000000000001e-03
7.318630000000000231e-04 -2.023500000000000125e-03
6.319449999999999677e-04 -2.023259999999999816e-03
5.320270000000000207e-04 -2.023019999999999940e-03
4.321090000000000196e-04 -2.022790000000000005e-03
3.321910000000000184e-04 -2.022550000000000129e-03
2.322720000000000015e-04 -2.022309999999999820e-03
1.323540000000000003e-04 -2.022069999999999944e-03
3.243579999999999868e-05 -2.021830000000000068e-03
-6.748249999999999637e-05 -2.021590000000000192e-03
-1.674009999999999919e-04 -2.021349999999999883e-03
-2.673190000000000201e-04 -2.021119999999999948e-03
-3.672370000000000213e-04 -2.020880000000000072e-03
-4.671559999999999840e-04 -2.020640000000000196e-03
-5.670739999999999852e-04 -2.020399999999999887e-03
-6.669920000000000406e-04 -2.020169999999999952e-03
-7.669110000000000033e-04 -2.019930000000000076e-03
-8.668289999999999502e-04 -2.019690000000000200e-03
-9.667480000000000214e-04 -2.019459999999999832e-03
-1.066670000000000031e-03 -2.019219999999999956e-03
-1.166579999999999961e-03 -2.018980000000000080e-03
-1.266500000000000048e-03 -2.018750000000000145e-03
-1.366419999999999918e-03 -2.018509999999999836e-03
-1.466340000000000005e-03 -2.018279999999999900e-03
-1.566260000000000091e-03 -2.018040000000000025e-03
-1.666179999999999961e-03 -2.017810000000000090e-03
-1.766100000000000048e-03 -2.017570000000000214e-03
-1.866009999999999978e-03 -2.017339999999999845e-03
-1.965929999999999848e-03 -2.017099999999999969e-03
-2.065850000000000151e-03 -2.016870000000000034e-03
-2.165770000000000022e-03 -2.016630000000000159e-03
-2.265689999999999892e-03 -2.016399999999999790e-03
-2.365610000000000195e-03 -2.016159999999999914e-03
-2.465530000000000065e-03 -2.015929999999999979e-03
-2.565439999999999995e-03 -2.015700000000000044e-03
-2.665359999999999865e-03 -2.015460000000000168e-03
-2.765280000000000168e-03 -2.015229999999999799e-03
-2.865200000000000038e-03 -2.014999999999999864e-03
-2.965119999999999909e-03 -2.014769999999999929e-03
-3.065040000000000212e-03 -2.014530000000000053e-03
-3.164960000000000082e-03 -2.014300000000000118e-03
-3.264870000000000012e-03 -2.014070000000000183e-03
-3.364789999999999882e-03 -2.013839999999999814e-03
-3.464710000000000185e-03 -2.013599999999999939e-03
-3.564630000000000055e-03 -2.013370000000000003e-03
-3.664549999999999925e-03 -2.013140000000000068e-03
-3.764469999999999796e-03 -2.012910000000000133e-03
-3.864390000000000099e-03 -2.012680000000000198e-03
-3.964310000000000403e-03 -2.012449999999999829e-03
-4.064220000000000332e-03 -2.012219999999999894e-03
-4.164140000000000202e-03 -2.011989999999999959e-03
-4.264060000000000072e-03 -2.011760000000000024e-03
-4.363979999999999942e-03 -2.011530000000000089e-03
-4.463899999999999813e-03 -2.011300000000000154e-03
-4.563819999999999683e-03 -2.011069999999999785e-03
-4.663740000000000420e-03 -2.010839999999999850e-03
-4.763660000000000290e-03 -2.010609999999999915e-03
-4.863570000000000219e-03 -2.010379999999999980e-03
-4.963490000000000089e-03 -2.010150000000000044e-03
-5.063409999999999959e-03 -2.009920000000000109e-03
-5.163329999999999829e-03 -2.009690000000000174e-03
-5.263249999999999700e-03 -2.009459999999999805e-03
-5.363169999999999570e-03 -2.009229999999999870e-03
-5.463090000000000307e-03 -2.009009999999999876e-03
-5.563010000000000177e-03 -2.008779999999999941e-03
-5.662930000000000047e-03 -2.008550000000000006e-03
-5.762849999999999917e-03 -2.008320000000000070e-03
-5.862759999999999846e-03 -2.008100000000000076e-03
-5.962679999999999716e-03 -2.007870000000000141e-03
-6.062599999999999587e-03 -2.007640000000000206e-03
-6.162520000000000324e-03 -2.007409999999999837e-03
-6.262440000000000194e-03 -2.007189999999999842e-03
-6.362360000000000064e-03 -2.006959999999999907e-03
-6.462279999999999934e-03 -2.006739999999999913e-03
-6.562199999999999804e-03 -2.006509999999999978e-03
-6.662119999999999674e-03 -2.006280000000000042e-03
-6.762040000000000411e-03 -2.006060000000000048e-03
-6.861950000000000341e-03 -2.005830000000000113e-03
-6.961870000000000211e-03 -2.005610000000000118e-03
-7.061790000000000081e-03 -2.005380000000000183e-03
-7.161709999999999951e-03 -2.005160000000000189e-03
-7.261629999999999821e-03 -2.004929999999999820e-03
-7.361549999999999691e-03 -2.004709999999999825e-03
-7.461470000000000428e-03 -2.004479999999999890e-03
-7.561390000000000298e-03 -2.004259999999999896e-03
-7.661310000000000169e-03 -2.004029999999999961e-03
-7.761230000000000039e-03 -2.003809999999999966e-03
-7.861150000000000776e-03 -2.003580000000000031e-03
-7.961070000000000646e-03 -2.003360000000000037e-03
-8.060990000000000516e-03 -2.003140000000000042e-03
-8.160900000000000445e-03 -2.002910000000000107e-03
-8.260820000000000315e-03 -2.002690000000000112e-03
-8.360740000000000186e-03 -2.002470000000000118e-03
-8.460660000000000056e-03 -2.002250000000000123e-03
-8.560579999999999926e-03 -2.002020000000000188e-03
-8.660499999999999796e-03 -2.001800000000000194e-03
-8.760419999999999666e-03 -2.001580000000000199e-03
-8.860339999999999536e-03 -2.001360000000000205e-03
-8.960259999999999406e-03 -2.001129999999999836e-03
-9.060179999999999276e-03 -2.000909999999999841e-03
-9.160099999999999146e-03 -2.000689999999999847e-03
-9.260020000000000751e-03 -2.000469999999999852e-03
-9.359940000000000621e-03 -2.000249999999999858e-03
-9.459860000000000491e-03 -2.000029999999999863e-03
-9.559780000000000361e-03 -1.999809999999999869e-03
-9.659700000000000231e-03 -1.999589999999999874e-03
-9.759610000000000160e-03 -1.999359999999999939e-03
-9.859530000000000030e-03 -1.999139999999999945e-03
-9.959449999999999900e-03 -1.998919999999999950e-03
-1.005939999999999959e-02 -1.998699999999999956e-03
-1.015929999999999958e-02 -1.998479999999999961e-03
-1.025919999999999957e-02 -1.998259999999999967e-03
-1.035909999999999956e-02 -1.998049999999999913e-03
-1.045910000000000069e-02 -1.997829999999999918e-03
-1.055900000000000068e-02 -1.997609999999999924e-03
-1.065890000000000067e-02 -1.997389999999999929e-03
-1.075880000000000065e-02 -1.997169999999999935e-03
-1.085870000000000064e-02 -1.996949999999999940e-03
-1.095860000000000063e-02 -1.996729999999999946e-03
-1.105860000000000003e-02 -1.996509999999999951e-03
-1.115850000000000002e-02 -1.996289999999999957e-03
-1.125840000000000000e-02 -1.996079999999999903e-03
-1.135829999999999999e-02 -1.995859999999999908e-03
-1.145819999999999998e-02 -1.995639999999999914e-03
-1.155819999999999938e-02 -1.995419999999999919e-03
-1.165809999999999937e-02 -1.995209999999999866e-03
-1.175799999999999935e-02 -1.994989999999999871e-03
-1.185789999999999934e-02 -1.994769999999999877e-03
-1.195779999999999933e-02 -1.994559999999999823e-03
-1.205780000000000046e-02 -1.994339999999999828e-03
-1.215770000000000045e-02 -1.994119999999999834e-03
-1.225760000000000044e-02 -1.993910000000000213e-03
-1.235750000000000043e-02 -1.993689999999999785e-03
-1.245740000000000042e-02 -1.993469999999999791e-03
-1.255739999999999981e-02 -1.993260000000000171e-03
-1.265729999999999980e-02 -1.993040000000000176e-03
-1.275719999999999979e-02 -1.992830000000000122e-03
-1.285709999999999978e-02 -1.992610000000000128e-03
-1.295699999999999977e-02 -1.992400000000000074e-03
-1.305699999999999916e-02 -1.992180000000000079e-03
-1.315689999999999915e-02 -1.991970000000000025e-03
-1.325679999999999914e-02 -1.991750000000000031e-03
-1.335670000000000086e-02 -1.991539999999999977e-03
-1.345660000000000085e-02 -1.991319999999999982e-03
-1.355660000000000025e-02 -1.991109999999999929e-03
-1.365650000000000024e-02 -1.990889999999999934e-03
-1.375640000000000022e-02 -1.990679999999999880e-03
-1.385630000000000021e-02 -1.990469999999999826e-03
-1.395620000000000020e-02 -1.990249999999999832e-03
-1.405619999999999960e-02 -1.990040000000000212e-03
-1.415609999999999959e-02 -1.989830000000000158e-03
-1.425599999999999958e-02 -1.989610000000000163e-03
-1.435589999999999956e-02 -1.989400000000000109e-03
-1.445579999999999955e-02 -1.989190000000000055e-03
-1.455580000000000068e-02 -1.988980000000000001e-03
-1.465570000000000067e-02 -1.988760000000000007e-03
-1.475560000000000066e-02 -1.988549999999999953e-03
-1.485550000000000065e-02 -1.988339999999999899e-03
-1.495540000000000064e-02 -1.988129999999999845e-03
-1.505540000000000003e-02 -1.987909999999999851e-03
-1.515530000000000002e-02 -1.987699999999999797e-03
-1.525520000000000001e-02 -1.987490000000000177e-03
-1.535510000000000000e-02 -1.987280000000000123e-03
