0.105222 -0.1 -0.1 2 4 1
0.106701 -0.0986664 -0.0986664 2 4 1
0.108194 -0.0973484 -0.0973484 2 4 1
0.10971 -0.0960564 -0.0960564 2 4 1
0.111248 -0.0947907 -0.0947907 2 4 1
0.112802 -0.0935461 -0.0935461 2 4 1
0.114373 -0.0923227 -0.0923227 2 4 1
0.11596 -0.0911204 -0.0911204 2 4 1
0.117562 -0.0899393 -0.0899393 2 4 1
0.11918 -0.0887792 -0.0887792 2 4 1
0.120812 -0.0876401 -0.0876401 2 4 1
0.122458 -0.0865219 -0.0865219 2 4 1
0.124117 -0.0854243 -0.0854243 2 4 1
0.12579 -0.0843474 -0.0843474 2 4 1
0.127476 -0.0832907 -0.0832907 2 4 1
0.129174 -0.0822542 -0.0822542 2 4 1
0.130883 -0.0812377 -0.0812377 2 4 1
0.132604 -0.0802408 -0.0802408 2 4 1
0.134336 -0.0792633 -0.0792633 2 4 1
0.136078 -0.0783049 -0.0783049 2 4 1
0.13783 -0.0773654 -0.0773654 2 4 1
0.139592 -0.0764445 -0.0764445 2 4 1
0.141363 -0.0755418 -0.0755418 2 4 1
0.143143 -0.074657 -0.074657 2 4 1
0.144932 -0.0737898 -0.0737898 2 4 1
0.146728 -0.0729399 -0.0729399 2 4 1
0.148533 -0.072107 -0.072107 2 4 1
0.150344 -0.0712907 -0.0712907 2 4 1
0.152163 -0.0704907 -0.0704907 2 4 1
0.153989 -0.0697066 -0.0697066 2 4 1
0.155821 -0.0689382 -0.0689382 2 4 1
0.157659 -0.068185 -0.068185 2 4 1
0.159503 -0.0674468 -0.0674468 2 4 1
0.161353 -0.0667233 -0.0667233 2 4 1
0.163208 -0.066014 -0.066014 2 4 1
0.165069 -0.0653187 -0.0653187 2 4 1
0.166934 -0.064637 -0.064637 2 4 1
0.168804 -0.0639687 -0.0639687 2 4 1
0.170679 -0.0633134 -0.0633134 2 4 1
0.172558 -0.0626708 -0.0626708 2 4 1
0.174441 -0.0620407 -0.0620407 2 4 1
0.176328 -0.0614227 -0.0614227 2 4 1
0.178218 -0.0608165 -0.0608165 2 4 1
0.180113 -0.0602219 -0.0602219 2 4 1
0.18201 -0.0596386 -0.0596386 2 4 1
0.183911 -0.0590663 -0.0590663 2 4 1
0.185815 -0.0585047 -0.0585047 2 4 1
0.187722 -0.0579536 -0.0579536 2 4 1
0.189632 -0.0574127 -0.0574127 2 4 1
0.191545 -0.0568819 -0.0568819 2 4 1
0.19346 -0.0563607 -0.0563607 2 4 1
0.195378 -0.0558491 -0.0558491 2 4 1
0.197298 -0.0553468 -0.0553468 2 4 1
0.19922 -0.0548535 -0.0548535 2 4 1
0.201145 -0.054369 -0.054369 2 4 1
0.203071 -0.0538932 -0.0538932 2 4 1
0.205 -0.0534258 -0.0534258 2 4 1
0.206931 -0.0529666 -0.0529666 2 4 1
0.208863 -0.0525154 -0.0525154 2 4 1
0.210797 -0.0520721 -0.0520721 2 4 1
0.212733 -0.0516364 -0.0516364 2 4 1
0.214671 -0.0512081 -0.0512081 2 4 1
0.21661 -0.0507872 -0.0507872 2 4 1
0.21855 -0.0503733 -0.0503733 2 4 1
0.220492 -0.0499664 -0.0499664 2 4 1
0.222435 -0.0495663 -0.0495663 2 4 1
0.22438 -0.0491729 -0.0491729 2 4 1
0.226326 -0.0487859 -0.0487859 2 4 1
0.228273 -0.0484052 -0.0484052 2 4 1
0.230221 -0.0480307 -0.0480307 2 4 1
0.232171 -0.0476622 -0.0476622 2 4 1
0.234121 -0.0472997 -0.0472997 2 4 1
0.236073 -0.0469429 -0.0469429 2 4 1
0.238025 -0.0465917 -0.0465917 2 4 1
0.239978 -0.0462461 -0.0462461 2 4 1
0.241933 -0.0459059 -0.0459059 2 4 1
0.243888 -0.0455709 -0.0455709 2 4 1
0.245844 -0.0452411 -0.0452411 2 4 1
0.247801 -0.0449163 -0.0449163 2 4 1
0.249759 -0.0445965 -0.0445965 2 4 1
0.251717 -0.0442814 -0.0442814 2 4 1
0.253676 -0.0439711 -0.0439711 2 4 1
0.255636 -0.0436654 -0.0436654 2 4 1
0.257597 -0.0433643 -0.0433643 2 4 1
0.259558 -0.0430675 -0.0430675 2 4 1
0.26152 -0.0427751 -0.0427751 2 4 1
0.263482 -0.042487 -0.042487 2 4 1
0.265445 -0.0422029 -0.0422029 2 4 1
0.267409 -0.041923 -0.041923 2 4 1
0.269373 -0.041647 -0.041647 2 4 1
0.271338 -0.0413749 -0.0413749 2 4 1
0.273303 -0.0411066 -0.0411066 2 4 1
0.275268 -0.0408421 -0.0408421 2 4 1
0.277235 -0.0405813 -0.0405813 2 4 1
0.279201 -0.040324 -0.040324 2 4 1
0.281168 -0.0400702 -0.0400702 2 4 1
0.283136 -0.0398199 -0.0398199 2 4 1
0.285104 -0.039573 -0.039573 2 4 1
0.287072 -0.0393294 -0.0393294 2 4 1
0.289041 -0.039089 -0.039089 2 4 1
0.29101 -0.0388519 -0.0388519 2 4 1
0.292979 -0.0386178 -0.0386178 2 4 1
0.294949 -0.0383868 -0.0383868 2 4 1
0.296919 -0.0381588 -0.0381588 2 4 1
0.29889 -0.0379338 -0.0379338 2 4 1
0.300861 -0.0377117 -0.0377117 2 4 1
0.105222 -0.1 -0.1 2 4 1
0.103752 -0.101344 -0.101344 2 4 1
0.102295 -0.102703 -0.102703 2 4 1
0.100863 -0.104088 -0.104088 2 4 1
0.0994543 -0.105498 -0.105498 2 4 1
0.0980657 -0.106928 -0.106928 2 4 1
0.0966971 -0.108378 -0.108378 2 4 1
0.0953487 -0.109847 -0.109847 2 4 1
0.0940209 -0.111334 -0.111334 2 4 1
0.0927136 -0.11284 -0.11284 2 4 1
0.0914272 -0.114364 -0.114364 2 4 1
0.0901617 -0.115906 -0.115906 2 4 1
0.0889171 -0.117465 -0.117465 2 4 1
0.0876935 -0.119041 -0.119041 2 4 1
0.086491 -0.120633 -0.120633 2 4 1
0.0853094 -0.122241 -0.122241 2 4 1
0.0841489 -0.123864 -0.123864 2 4 1
0.0830092 -0.125502 -0.125502 2 4 1
0.0818903 -0.127155 -0.127155 2 4 1
0.080792 -0.128822 -0.128822 2 4 1
0.0797142 -0.130502 -0.130502 2 4 1
0.0786568 -0.132195 -0.132195 2 4 1
0.0776195 -0.133901 -0.133901 2 4 1
0.0766021 -0.135619 -0.135619 2 4 1
0.0756043 -0.137349 -0.137349 2 4 1
0.074626 -0.13909 -0.13909 2 4 1
0.0736669 -0.140841 -0.140841 2 4 1
0.0727266 -0.142603 -0.142603 2 4 1
0.0718049 -0.144375 -0.144375 2 4 1
0.0709015 -0.146157 -0.146157 2 4 1
0.0700161 -0.147947 -0.147947 2 4 1
0.0691483 -0.149746 -0.149746 2 4 1
0.0682979 -0.151554 -0.151554 2 4 1
0.0674645 -0.15337 -0.15337 2 4 1
0.0666478 -0.155193 -0.155193 2 4 1
0.0658475 -0.157024 -0.157024 2 4 1
0.0650632 -0.158861 -0.158861 2 4 1
0.0642946 -0.160706 -0.160706 2 4 1
0.0635413 -0.162556 -0.162556 2 4 1
0.0628031 -0.164413 -0.164413 2 4 1
0.0620795 -0.166276 -0.166276 2 4 1
0.0613703 -0.168144 -0.168144 2 4 1
0.0606752 -0.170018 -0.170018 2 4 1
0.0599938 -0.171897 -0.171897 2 4 1
0.0593259 -0.17378 -0.17378 2 4 1
0.058671 -0.175669 -0.175669 2 4 1
0.058029 -0.177561 -0.177561 2 4 1
0.0573994 -0.179458 -0.179458 2 4 1
0.056782 -0.18136 -0.18136 2 4 1
0.0561766 -0.183264 -0.183264 2 4 1
0.0555827 -0.185173 -0.185173 2 4 1
0.0550003 -0.187085 -0.187085 2 4 1
0.0544289 -0.189001 -0.189001 2 4 1
0.0538683 -0.19092 -0.19092 2 4 1
0.0533182 -0.192841 -0.192841 2 4 1
0.0527785 -0.194766 -0.194766 2 4 1
0.0522488 -0.196694 -0.196694 2 4 1
0.0517289 -0.198624 -0.198624 2 4 1
0.0512185 -0.200557 -0.200557 2 4 1
0.0507175 -0.202493 -0.202493 2 4 1
0.0502256 -0.20443 -0.20443 2 4 1
0.0497426 -0.20637 -0.20637 2 4 1
0.0492682 -0.208313 -0.208313 2 4 1
0.0488024 -0.210257 -0.210257 2 4 1
0.0483447 -0.212203 -0.212203 2 4 1
0.0478952 -0.214151 -0.214151 2 4 1
0.0474535 -0.216101 -0.216101 2 4 1
0.0470195 -0.218053 -0.218053 2 4 1
0.046593 -0.220006 -0.220006 2 4 1
0.0461738 -0.221961 -0.221961 2 4 1
0.0457618 -0.223918 -0.223918 2 4 1
0.0453567 -0.225876 -0.225876 2 4 1
0.0449585 -0.227835 -0.227835 2 4 1
0.0445669 -0.229796 -0.229796 2 4 1
0.0441818 -0.231758 -0.231758 2 4 1
0.0438031 -0.233721 -0.233721 2 4 1
0.0434306 -0.235686 -0.235686 2 4 1
0.0430642 -0.237652 -0.237652 2 4 1
0.0427037 -0.239619 -0.239619 2 4 1
0.042349 -0.241586 -0.241586 2 4 1
0.0419999 -0.243555 -0.243555 2 4 1
0.0416564 -0.245525 -0.245525 2 4 1
0.0413183 -0.247496 -0.247496 2 4 1
0.0409854 -0.249468 -0.249468 2 4 1
0.0406578 -0.25144 -0.25144 2 4 1
0.0403352 -0.253414 -0.253414 2 4 1
0.0400175 -0.255388 -0.255388 2 4 1
0.0397047 -0.257363 -0.257363 2 4 1
0.0393966 -0.259339 -0.259339 2 4 1
0.0390932 -0.261316 -0.261316 2 4 1
0.0387943 -0.263293 -0.263293 2 4 1
0.0384998 -0.265271 -0.265271 2 4 1
0.0382097 -0.267249 -0.267249 2 4 1
0.0379238 -0.269228 -0.269228 2 4 1
0.037642 -0.271208 -0.271208 2 4 1
0.0373644 -0.273189 -0.273189 2 4 1
0.0370907 -0.27517 -0.27517 2 4 1
0.036821 -0.277151 -0.277151 2 4 1
0.036555 -0.279133 -0.279133 2 4 1
0.0362928 -0.281116 -0.281116 2 4 1
0.0360343 -0.283099 -0.283099 2 4 1
0.0357794 -0.285082 -0.285082 2 4 1
0.035528 -0.287066 -0.287066 2 4 1
0.03528 -0.28905 -0.28905 2 4 1
0.0350354 -0.291035 -0.291035 2 4 1
0.0347942 -0.29302 -0.29302 2 4 1
0.0345562 -0.295006 -0.295006 2 4 1
0.0343214 -0.296992 -0.296992 2 4 1
0.0340897 -0.298978 -0.298978 2 4 1
0.033861 -0.300965 -0.300965 2 4 1
0.0336354 -0.302952 -0.302952 2 4 1
0.0334128 -0.304939 -0.304939 2 4 1
0.033193 -0.306927 -0.306927 2 4 1
0.032976 -0.308915 -0.308915 2 4 1
0.0327619 -0.310904 -0.310904 2 4 1
0.0325505 -0.312892 -0.312892 2 4 1
0.0323417 -0.314881 -0.314881 2 4 1
0.0321356 -0.31687 -0.31687 2 4 1
0.0319321 -0.31886 -0.31886 2 4 1
0.0317311 -0.32085 -0.32085 2 4 1
0.0315326 -0.32284 -0.32284 2 4 1
0.0313365 -0.32483 -0.32483 2 4 1
0.0311428 -0.32682 -0.32682 2 4 1
0.0309515 -0.328811 -0.328811 2 4 1
0.0307625 -0.330802 -0.330802 2 4 1
0.0305758 -0.332793 -0.332793 2 4 1
0.0303913 -0.334784 -0.334784 2 4 1
0.030209 -0.336776 -0.336776 2 4 1
0.0300289 -0.338768 -0.338768 2 4 1
0.0298508 -0.34076 -0.34076 2 4 1
0.0296749 -0.342752 -0.342752 2 4 1
0.029501 -0.344744 -0.344744 2 4 1
0.0293291 -0.346737 -0.346737 2 4 1
0.0291592 -0.348729 -0.348729 2 4 1
0.0289913 -0.350722 -0.350722 2 4 1
0.0288252 -0.352715 -0.352715 2 4 1
0.028661 -0.354708 -0.354708 2 4 1
0.0284987 -0.356702 -0.356702 2 4 1
0.0283382 -0.358695 -0.358695 2 4 1
0.0281794 -0.360689 -0.360689 2 4 1
0.0280225 -0.362683 -0.362683 2 4 1
0.0278672 -0.364676 -0.364676 2 4 1
0.0277137 -0.36667 -0.36667 2 4 1
0.0275618 -0.368665 -0.368665 2 4 1
0.0274116 -0.370659 -0.370659 2 4 1
0.027263 -0.372653 -0.372653 2 4 1
0.027116 -0.374648 -0.374648 2 4 1
0.0269705 -0.376642 -0.376642 2 4 1
0.0268266 -0.378637 -0.378637 2 4 1
0.0266842 -0.380632 -0.380632 2 4 1
0.0265433 -0.382627 -0.382627 2 4 1
0.0264039 -0.384622 -0.384622 2 4 1
0.026266 -0.386617 -0.386617 2 4 1
0.0261294 -0.388613 -0.388613 2 4 1
0.0259943 -0.390608 -0.390608 2 4 1
0.0258606 -0.392603 -0.392603 2 4 1
0.0257282 -0.394599 -0.394599 2 4 1
0.0255971 -0.396595 -0.396595 2 4 1
0.0254674 -0.39859 -0.39859 2 4 1
0.025339 -0.400586 -0.400586 2 4 1
0.0252118 -0.402582 -0.402582 2 4 1
0.025086 -0.404578 -0.404578 2 4 1
0.0249613 -0.406574 -0.406574 2 4 1
0.0248379 -0.40857 -0.40857 2 4 1
0.0247158 -0.410566 -0.410566 2 4 1
0.0245948 -0.412563 -0.412563 2 4 1
0.0244749 -0.414559 -0.414559 2 4 1
0.0243563 -0.416555 -0.416555 2 4 1
0.0242387 -0.418552 -0.418552 2 4 1
0.0241223 -0.420549 -0.420549 2 4 1
0.0240071 -0.422545 -0.422545 2 4 1
0.0238929 -0.424542 -0.424542 2 4 1
0.0237797 -0.426539 -0.426539 2 4 1
0.0236677 -0.428535 -0.428535 2 4 1
0.0235567 -0.430532 -0.430532 2 4 1
0.0234467 -0.432529 -0.432529 2 4 1
0.0233377 -0.434526 -0.434526 2 4 1
0.0232298 -0.436523 -0.436523 2 4 1
0.0231228 -0.43852 -0.43852 2 4 1
0.0230168 -0.440518 -0.440518 2 4 1
0.0229118 -0.442515 -0.442515 2 4 1
0.0228077 -0.444512 -0.444512 2 4 1
0.0227046 -0.446509 -0.446509 2 4 1
0.0226024 -0.448507 -0.448507 2 4 1
0.0225011 -0.450504 -0.450504 2 4 1
0.0224007 -0.452502 -0.452502 2 4 1
0.0223012 -0.454499 -0.454499 2 4 1
0.0222026 -0.456497 -0.456497 2 4 1
0.0221048 -0.458494 -0.458494 2 4 1
0.0220079 -0.460492 -0.460492 2 4 1
0.0219119 -0.462489 -0.462489 2 4 1
0.0218166 -0.464487 -0.464487 2 4 1
0.0217222 -0.466485 -0.466485 2 4 1
0.0216286 -0.468483 -0.468483 2 4 1
0.0215359 -0.47048 -0.47048 2 4 1
0.0214439 -0.472478 -0.472478 2 4 1
0.0213526 -0.474476 -0.474476 2 4 1
0.0212622 -0.476474 -0.476474 2 4 1
0.0211725 -0.478472 -0.478472 2 4 1
0.0210836 -0.48047 -0.48047 2 4 1
0.0210843 -0.48047 -0.48047 2 4 1
0.0209959 -0.482468 -0.482468 2 4 1
0.0209081 -0.484466 -0.484466 2 4 1
0.0208212 -0.486464 -0.486464 2 4 1
0.0207352 -0.488462 -0.488462 2 4 1
0.0206498 -0.490461 -0.490461 2 4 1
0.0205652 -0.492459 -0.492459 2 4 1
0.0204813 -0.494457 -0.494457 2 4 1
0.0203981 -0.496455 -0.496455 2 4 1
0.0203155 -0.498453 -0.498453 2 4 1
0.0202336 -0.500452 -0.500452 2 4 1
0.0201523 -0.50245 -0.50245 2 4 1
0.0200717 -0.504448 -0.504448 2 4 1
0.0199918 -0.506447 -0.506447 2 4 1
0.0199124 -0.508445 -0.508445 2 4 1
0.0198337 -0.510444 -0.510444 2 4 1
0.0197556 -0.512442 -0.512442 2 4 1
0.0196782 -0.514441 -0.514441 2 4 1
0.0196013 -0.516439 -0.516439 2 4 1
0.019525 -0.518438 -0.518438 2 4 1
0.0194494 -0.520436 -0.520436 2 4 1
0.0193743 -0.522435 -0.522435 2 4 1
0.0192997 -0.524433 -0.524433 2 4 1
0.0192258 -0.526432 -0.526432 2 4 1
0.0191524 -0.528431 -0.528431 2 4 1
0.0190796 -0.530429 -0.530429 2 4 1
0.0190073 -0.532428 -0.532428 2 4 1
0.0189356 -0.534427 -0.534427 2 4 1
0.0188644 -0.536425 -0.536425 2 4 1
0.0187937 -0.538424 -0.538424 2 4 1
0.0187236 -0.540423 -0.540423 2 4 1
0.018654 -0.542422 -0.542422 2 4 1
0.0185849 -0.54442 -0.54442 2 4 1
0.0185163 -0.546419 -0.546419 2 4 1
0.0184482 -0.548418 -0.548418 2 4 1
0.0183806 -0.550417 -0.550417 2 4 1
0.0183135 -0.552416 -0.552416 2 4 1
0.0182469 -0.554415 -0.554415 2 4 1
0.0181808 -0.556413 -0.556413 2 4 1
0.0181151 -0.558412 -0.558412 2 4 1
0.0180499 -0.560411 -0.560411 2 4 1
0.0179852 -0.56241 -0.56241 2 4 1
0.017921 -0.564409 -0.564409 2 4 1
0.0178572 -0.566408 -0.566408 2 4 1
0.0177938 -0.568407 -0.568407 2 4 1
0.017731 -0.570406 -0.570406 2 4 1
0.0176685 -0.572405 -0.572405 2 4 1
0.0176065 -0.574404 -0.574404 2 4 1
0.0175449 -0.576403 -0.576403 2 4 1
0.0174838 -0.578402 -0.578402 2 4 1
0.017423 -0.580401 -0.580401 2 4 1
0.0173627 -0.5824 -0.5824 2 4 1
0.0173028 -0.5844 -0.5844 2 4 1
0.0172434 -0.586399 -0.586399 2 4 1
0.0171843 -0.588398 -0.588398 2 4 1
0.0171256 -0.590397 -0.590397 2 4 1
0.0170674 -0.592396 -0.592396 2 4 1
0.0170095 -0.594395 -0.594395 2 4 1
0.016952 -0.596394 -0.596394 2 4 1
0.0168949 -0.598394 -0.598394 2 4 1
0.0168382 -0.600393 -0.600393 2 4 1
0.0167819 -0.602392 -0.602392 2 4 1
0.0167259 -0.604391 -0.604391 2 4 1
0.0166703 -0.60639 -0.60639 2 4 1
0.0166151 -0.60839 -0.60839 2 4 1
0.0165602 -0.610389 -0.610389 2 4 1
0.0165057 -0.612388 -0.612388 2 4 1
0.0164516 -0.614387 -0.614387 2 4 1
0.0163978 -0.616387 -0.616387 2 4 1
0.0163444 -0.618386 -0.618386 2 4 1
0.0162913 -0.620385 -0.620385 2 4 1
0.0162386 -0.622384 -0.622384 2 4 1
0.0161861 -0.624384 -0.624384 2 4 1
0.0161341 -0.626383 -0.626383 2 4 1
0.0160824 -0.628382 -0.628382 2 4 1
0.0160309 -0.630382 -0.630382 2 4 1
0.0159799 -0.632381 -0.632381 2 4 1
0.0159291 -0.63438 -0.63438 2 4 1
0.0158787 -0.63638 -0.63638 2 4 1
0.0158286 -0.638379 -0.638379 2 4 1
0.0157788 -0.640378 -0.640378 2 4 1
0.0157293 -0.642378 -0.642378 2 4 1
0.0156801 -0.644377 -0.644377 2 4 1
0.0156313 -0.646377 -0.646377 2 4 1
0.0155827 -0.648376 -0.648376 2 4 1
0.0155344 -0.650375 -0.650375 2 4 1
0.0154865 -0.652375 -0.652375 2 4 1
0.0154388 -0.654374 -0.654374 2 4 1
0.0153914 -0.656374 -0.656374 2 4 1
0.0153443 -0.658373 -0.658373 2 4 1
0.0152975 -0.660373 -0.660373 2 4 1
0.015251 -0.662372 -0.662372 2 4 1
0.0152048 -0.664372 -0.664372 2 4 1
0.0151588 -0.666371 -0.666371 2 4 1
0.0151131 -0.66837 -0.66837 2 4 1
0.0150677 -0.67037 -0.67037 2 4 1
0.0150226 -0.672369 -0.672369 2 4 1
0.0149777 -0.674369 -0.674369 2 4 1
0.0149331 -0.676368 -0.676368 2 4 1
0.0148888 -0.678368 -0.678368 2 4 1
0.0148447 -0.680367 -0.680367 2 4 1
0.0148009 -0.682367 -0.682367 2 4 1
0.0147574 -0.684366 -0.684366 2 4 1
0.0147141 -0.686366 -0.686366 2 4 1
0.014671 -0.688365 -0.688365 2 4 1
0.0146282 -0.690365 -0.690365 2 4 1
0.0145857 -0.692365 -0.692365 2 4 1
0.0145434 -0.694364 -0.694364 2 4 1
0.0145013 -0.696364 -0.696364 2 4 1
0.0144595 -0.698363 -0.698363 2 4 1
0.0144179 -0.700363 -0.700363 2 4 1
0.0143766 -0.702362 -0.702362 2 4 1
0.0143355 -0.704362 -0.704362 2 4 1
0.0142946 -0.706362 -0.706362 2 4 1
0.014254 -0.708361 -0.708361 2 4 1
0.0142136 -0.710361 -0.710361 2 4 1
0.0141734 -0.71236 -0.71236 2 4 1
0.0141335 -0.71436 -0.71436 2 4 1
0.0140938 -0.716359 -0.716359 2 4 1
0.0140543 -0.718359 -0.718359 2 4 1
0.014015 -0.720359 -0.720359 2 4 1
0.0139759 -0.722358 -0.722358 2 4 1
0.0139371 -0.724358 -0.724358 2 4 1
0.0138985 -0.726358 -0.726358 2 4 1
0.0138601 -0.728357 -0.728357 2 4 1
0.0138219 -0.730357 -0.730357 2 4 1
0.0137839 -0.732356 -0.732356 2 4 1
0.0137461 -0.734356 -0.734356 2 4 1
0.0137085 -0.736356 -0.736356 2 4 1
0.0136711 -0.738355 -0.738355 2 4 1
0.013634 -0.740355 -0.740355 2 4 1
0.013597 -0.742355 -0.742355 2 4 1
0.0135602 -0.744354 -0.744354 2 4 1
0.0135237 -0.746354 -0.746354 2 4 1
0.0134873 -0.748354 -0.748354 2 4 1
0.0134511 -0.750353 -0.750353 2 4 1
0.0134151 -0.752353 -0.752353 2 4 1
0.0133793 -0.754353 -0.754353 2 4 1
0.0133437 -0.756352 -0.756352 2 4 1
0.0133083 -0.758352 -0.758352 2 4 1
0.0132731 -0.760352 -0.760352 2 4 1
0.0132381 -0.762351 -0.762351 2 4 1
0.0132032 -0.764351 -0.764351 2 4 1
0.0131685 -0.766351 -0.766351 2 4 1
0.013134 -0.76835 -0.76835 2 4 1
0.0130997 -0.77035 -0.77035 2 4 1
0.0130656 -0.77235 -0.77235 2 4 1
0.0130316 -0.77435 -0.77435 2 4 1
0.0129979 -0.776349 -0.776349 2 4 1
0.0129643 -0.778349 -0.778349 2 4 1
0.0129308 -0.780349 -0.780349 2 4 1
0.0128976 -0.782348 -0.782348 2 4 1
0.0128645 -0.784348 -0.784348 2 4 1
0.0128316 -0.786348 -0.786348 2 4 1
0.0127988 -0.788348 -0.788348 2 4 1
0.0127662 -0.790347 -0.790347 2 4 1
0.0127338 -0.792347 -0.792347 2 4 1
0.0127016 -0.794347 -0.794347 2 4 1
0.0126695 -0.796347 -0.796347 2 4 1
0.0126375 -0.798346 -0.798346 2 4 1
0.0126058 -0.800346 -0.800346 2 4 1
0.0125742 -0.802346 -0.802346 2 4 1
0.0125427 -0.804346 -0.804346 2 4 1
0.0125114 -0.806345 -0.806345 2 4 1
0.0124803 -0.808345 -0.808345 2 4 1
0.0124493 -0.810345 -0.810345 2 4 1
0.0124185 -0.812345 -0.812345 2 4 1
0.0123878 -0.814344 -0.814344 2 4 1
0.0123572 -0.816344 -0.816344 2 4 1
0.0123269 -0.818344 -0.818344 2 4 1
0.0122966 -0.820344 -0.820344 2 4 1
0.0122666 -0.822343 -0.822343 2 4 1
0.0122366 -0.824343 -0.824343 2 4 1
0.0122068 -0.826343 -0.826343 2 4 1
0.0121772 -0.828343 -0.828343 2 4 1
0.0121477 -0.830343 -0.830343 2 4 1
0.0121183 -0.832342 -0.832342 2 4 1
0.0120891 -0.834342 -0.834342 2 4 1
0.01206 -0.836342 -0.836342 2 4 1
0.0120311 -0.838342 -0.838342 2 4 1
0.0120023 -0.840341 -0.840341 2 4 1
0.0119736 -0.842341 -0.842341 2 4 1
0.0119451 -0.844341 -0.844341 2 4 1
0.0119167 -0.846341 -0.846341 2 4 1
0.0118885 -0.848341 -0.848341 2 4 1
0.0118604 -0.85034 -0.85034 2 4 1
0.0118324 -0.85234 -0.85234 2 4 1
0.0118045 -0.85434 -0.85434 2 4 1
0.0117768 -0.85634 -0.85634 2 4 1
0.0117492 -0.85834 -0.85834 2 4 1
0.0117217 -0.860339 -0.860339 2 4 1
0.0116944 -0.862339 -0.862339 2 4 1
0.0116672 -0.864339 -0.864339 2 4 1
0.0116401 -0.866339 -0.866339 2 4 1
0.0116131 -0.868339 -0.868339 2 4 1
0.0115863 -0.870339 -0.870339 2 4 1
0.0115596 -0.872338 -0.872338 2 4 1
0.011533 -0.874338 -0.874338 2 4 1
0.0115065 -0.876338 -0.876338 2 4 1
0.0114802 -0.878338 -0.878338 2 4 1
0.0114803 -0.878338 -0.878338 2 4 1
0.0114541 -0.880338 -0.880338 2 4 1
0.0114279 -0.882338 -0.882338 2 4 1
0.0114019 -0.884337 -0.884337 2 4 1
0.011376 -0.886337 -0.886337 2 4 1
0.0113503 -0.888337 -0.888337 2 4 1
0.0113246 -0.890337 -0.890337 2 4 1
0.0112991 -0.892337 -0.892337 2 4 1
0.0112737 -0.894337 -0.894337 2 4 1
0.0112484 -0.896336 -0.896336 2 4 1
0.0112232 -0.898336 -0.898336 2 4 1
0.0111982 -0.900336 -0.900336 2 4 1
0.0111732 -0.902336 -0.902336 2 4 1
0.0111484 -0.904336 -0.904336 2 4 1
0.0111236 -0.906336 -0.906336 2 4 1
0.011099 -0.908335 -0.908335 2 4 1
0.0110745 -0.910335 -0.910335 2 4 1
0.0110501 -0.912335 -0.912335 2 4 1
0.0110258 -0.914335 -0.914335 2 4 1
0.0110016 -0.916335 -0.916335 2 4 1
0.0109775 -0.918335 -0.918335 2 4 1
0.0109535 -0.920335 -0.920335 2 4 1
0.0109297 -0.922334 -0.922334 2 4 1
0.0109059 -0.924334 -0.924334 2 4 1
0.0108822 -0.926334 -0.926334 2 4 1
0.0108586 -0.928334 -0.928334 2 4 1
0.0108352 -0.930334 -0.930334 2 4 1
0.0108118 -0.932334 -0.932334 2 4 1
0.0107886 -0.934334 -0.934334 2 4 1
0.0107654 -0.936333 -0.936333 2 4 1
0.0107423 -0.938333 -0.938333 2 4 1
0.0107194 -0.940333 -0.940333 2 4 1
0.0106965 -0.942333 -0.942333 2 4 1
0.0106737 -0.944333 -0.944333 2 4 1
0.0106511 -0.946333 -0.946333 2 4 1
0.0106285 -0.948333 -0.948333 2 4 1
0.010606 -0.950332 -0.950332 2 4 1
0.0105836 -0.952332 -0.952332 2 4 1
0.0105613 -0.954332 -0.954332 2 4 1
0.0105391 -0.956332 -0.956332 2 4 1
0.010517 -0.958332 -0.958332 2 4 1
0.010495 -0.960332 -0.960332 2 4 1
0.0104731 -0.962332 -0.962332 2 4 1
0.0104512 -0.964332 -0.964332 2 4 1
0.0104295 -0.966331 -0.966331 2 4 1
0.0104079 -0.968331 -0.968331 2 4 1
0.0103863 -0.970331 -0.970331 2 4 1
0.0103648 -0.972331 -0.972331 2 4 1
0.0103434 -0.974331 -0.974331 2 4 1
0.0103221 -0.976331 -0.976331 2 4 1
0.0103009 -0.978331 -0.978331 2 4 1
0.0102798 -0.980331 -0.980331 2 4 1
0.0102588 -0.982331 -0.982331 2 4 1
0.0102378 -0.98433 -0.98433 2 4 1
0.010217 -0.98633 -0.98633 2 4 1
0.0101962 -0.98833 -0.98833 2 4 1
0.0101755 -0.99033 -0.99033 2 4 1
0.0101549 -0.99233 -0.99233 2 4 1
0.0101344 -0.99433 -0.99433 2 4 1
0.0101139 -0.99633 -0.99633 2 4 1
0.0100936 -0.99833 -0.99833 2 4 1
0.0100733 -1.00033 -1.00033 2 4 1
0.0100531 -1.00233 -1.00233 2 4 1
0.010033 -1.00433 -1.00433 2 4 1
0.0100129 -1.00633 -1.00633 2 4 1
0.00999299 -1.00833 -1.00833 2 4 1
0.00997311 -1.01033 -1.01033 2 4 1
0.00995332 -1.01233 -1.01233 2 4 1
0.0099336 -1.01433 -1.01433 2 4 1
0.00991395 -1.01633 -1.01633 2 4 1
0.00989439 -1.01833 -1.01833 2 4 1
0.0098749 -1.02033 -1.02033 2 4 1
0.00985549 -1.02233 -1.02233 2 4 1
0.00983616 -1.02433 -1.02433 2 4 1
0.0098169 -1.02633 -1.02633 2 4 1
0.00979772 -1.02833 -1.02833 2 4 1
0.00977861 -1.03033 -1.03033 2 4 1
0.00975957 -1.03233 -1.03233 2 4 1
0.00974061 -1.03433 -1.03433 2 4 1
0.00972173 -1.03633 -1.03633 2 4 1
0.00970291 -1.03833 -1.03833 2 4 1
0.00968417 -1.04033 -1.04033 2 4 1
0.00966551 -1.04233 -1.04233 2 4 1
0.00964691 -1.04433 -1.04433 2 4 1
0.00962838 -1.04633 -1.04633 2 4 1
0.00960993 -1.04833 -1.04833 2 4 1
0.00959154 -1.05033 -1.05033 2 4 1
0.00957323 -1.05233 -1.05233 2 4 1
0.00955499 -1.05433 -1.05433 2 4 1
0.00953681 -1.05633 -1.05633 2 4 1
0.00951871 -1.05833 -1.05833 2 4 1
0.00950067 -1.06033 -1.06033 2 4 1
0.0094827 -1.06233 -1.06233 2 4 1
0.0094648 -1.06433 -1.06433 2 4 1
0.00944697 -1.06633 -1.06633 2 4 1
0.0094292 -1.06833 -1.06833 2 4 1
0.0094115 -1.07033 -1.07033 2 4 1
0.00939387 -1.07233 -1.07233 2 4 1
0.0093763 -1.07433 -1.07433 2 4 1
0.0093588 -1.07633 -1.07633 2 4 1
0.00934136 -1.07833 -1.07833 2 4 1
0.00932399 -1.08033 -1.08033 2 4 1
0.00930669 -1.08233 -1.08233 2 4 1
0.00928944 -1.08433 -1.08433 2 4 1
0.00927226 -1.08633 -1.08633 2 4 1
0.00925515 -1.08833 -1.08833 2 4 1
0.00923809 -1.09033 -1.09033 2 4 1
0.0092211 -1.09233 -1.09233 2 4 1
0.00920418 -1.09433 -1.09433 2 4 1
0.00918731 -1.09633 -1.09633 2 4 1
0.00917051 -1.09833 -1.09833 2 4 1
0.00915376 -1.10033 -1.10033 2 4 1
0.00913708 -1.10233 -1.10233 2 4 1
0.00912046 -1.10433 -1.10433 2 4 1
0.0091039 -1.10633 -1.10633 2 4 1
0.0090874 -1.10833 -1.10833 2 4 1
0.00907096 -1.11032 -1.11032 2 4 1
0.00905458 -1.11232 -1.11232 2 4 1
0.00903826 -1.11432 -1.11432 2 4 1
0.00902199 -1.11632 -1.11632 2 4 1
0.00900579 -1.11832 -1.11832 2 4 1
0.00898964 -1.12032 -1.12032 2 4 1
0.00897355 -1.12232 -1.12232 2 4 1
0.00895752 -1.12432 -1.12432 2 4 1
0.00894154 -1.12632 -1.12632 2 4 1
0.00892563 -1.12832 -1.12832 2 4 1
0.00890977 -1.13032 -1.13032 2 4 1
0.00889396 -1.13232 -1.13232 2 4 1
0.00887821 -1.13432 -1.13432 2 4 1
0.00886252 -1.13632 -1.13632 2 4 1
0.00884688 -1.13832 -1.13832 2 4 1
0.0088313 -1.14032 -1.14032 2 4 1
0.00881577 -1.14232 -1.14232 2 4 1
0.0088003 -1.14432 -1.14432 2 4 1
0.00878488 -1.14632 -1.14632 2 4 1
0.00876951 -1.14832 -1.14832 2 4 1
0.0087542 -1.15032 -1.15032 2 4 1
0.00873894 -1.15232 -1.15232 2 4 1
0.00872374 -1.15432 -1.15432 2 4 1
0.00870858 -1.15632 -1.15632 2 4 1
0.00869348 -1.15832 -1.15832 2 4 1
0.00867844 -1.16032 -1.16032 2 4 1
0.00866344 -1.16232 -1.16232 2 4 1
0.0086485 -1.16432 -1.16432 2 4 1
0.0086336 -1.16632 -1.16632 2 4 1
0.00861876 -1.16832 -1.16832 2 4 1
0.00860397 -1.17032 -1.17032 2 4 1
0.00858923 -1.17232 -1.17232 2 4 1
0.00857454 -1.17432 -1.17432 2 4 1
0.0085599 -1.17632 -1.17632 2 4 1
0.00854531 -1.17832 -1.17832 2 4 1
0.00853077 -1.18032 -1.18032 2 4 1
0.00851628 -1.18232 -1.18232 2 4 1
0.00850184 -1.18432 -1.18432 2 4 1
0.00848745 -1.18632 -1.18632 2 4 1
0.00847311 -1.18832 -1.18832 2 4 1
0.00845881 -1.19032 -1.19032 2 4 1
0.00844457 -1.19232 -1.19232 2 4 1
0.00843037 -1.19432 -1.19432 2 4 1
0.00841622 -1.19632 -1.19632 2 4 1
0.00840211 -1.19832 -1.19832 2 4 1
0.00838805 -1.20032 -1.20032 2 4 1
0.00837404 -1.20232 -1.20232 2 4 1
0.00836008 -1.20432 -1.20432 2 4 1
0.00834616 -1.20632 -1.20632 2 4 1
0.00833229 -1.20832 -1.20832 2 4 1
0.00831847 -1.21032 -1.21032 2 4 1
0.00830469 -1.21232 -1.21232 2 4 1
0.00829096 -1.21432 -1.21432 2 4 1
0.00827727 -1.21632 -1.21632 2 4 1
0.00826363 -1.21832 -1.21832 2 4 1
0.00825003 -1.22032 -1.22032 2 4 1
0.00823648 -1.22232 -1.22232 2 4 1
0.00822297 -1.22432 -1.22432 2 4 1
0.0082095 -1.22632 -1.22632 2 4 1
0.00819608 -1.22832 -1.22832 2 4 1
0.00818271 -1.23032 -1.23032 2 4 1
0.00816938 -1.23232 -1.23232 2 4 1
0.00815609 -1.23432 -1.23432 2 4 1
0.00814284 -1.23632 -1.23632 2 4 1
0.00812964 -1.23832 -1.23832 2 4 1
0.00811648 -1.24032 -1.24032 2 4 1
0.00810336 -1.24232 -1.24232 2 4 1
0.00809028 -1.24432 -1.24432 2 4 1
0.00807725 -1.24632 -1.24632 2 4 1
0.00806426 -1.24832 -1.24832 2 4 1
0.00805131 -1.25032 -1.25032 2 4 1
0.0080384 -1.25232 -1.25232 2 4 1
0.00802553 -1.25432 -1.25432 2 4 1
0.0080127 -1.25632 -1.25632 2 4 1
0.00799992 -1.25832 -1.25832 2 4 1
0.00798717 -1.26032 -1.26032 2 4 1
0.00797447 -1.26232 -1.26232 2 4 1
0.00796181 -1.26432 -1.26432 2 4 1
0.00794918 -1.26632 -1.26632 2 4 1
0.0079366 -1.26832 -1.26832 2 4 1
0.00792406 -1.27032 -1.27032 2 4 1
0.00791155 -1.27232 -1.27232 2 4 1
0.00789909 -1.27432 -1.27432 2 4 1
0.00788666 -1.27632 -1.27632 2 4 1
0.0078867 -1.27632 -1.27632 2 4 1
0.00787431 -1.27832 -1.27832 2 4 1
0.00786194 -1.28032 -1.28032 2 4 1
0.00784962 -1.28232 -1.28232 2 4 1
0.00783735 -1.28432 -1.28432 2 4 1
0.00782512 -1.28632 -1.28632 2 4 1
0.00781292 -1.28832 -1.28832 2 4 1
0.00780077 -1.29032 -1.29032 2 4 1
0.00778865 -1.29232 -1.29232 2 4 1
0.00777657 -1.29432 -1.29432 2 4 1
0.00776453 -1.29632 -1.29632 2 4 1
0.00775252 -1.29832 -1.29832 2 4 1
0.00774055 -1.30032 -1.30032 2 4 1
0.00772862 -1.30232 -1.30232 2 4 1
0.00771672 -1.30432 -1.30432 2 4 1
0.00770486 -1.30632 -1.30632 2 4 1
0.00769304 -1.30832 -1.30832 2 4 1
0.00768126 -1.31032 -1.31032 2 4 1
0.00766951 -1.31232 -1.31232 2 4 1
0.00765779 -1.31432 -1.31432 2 4 1
0.00764611 -1.31632 -1.31632 2 4 1
0.00763447 -1.31832 -1.31832 2 4 1
0.00762286 -1.32032 -1.32032 2 4 1
0.00761129 -1.32232 -1.32232 2 4 1
0.00759975 -1.32432 -1.32432 2 4 1
0.00758825 -1.32632 -1.32632 2 4 1
0.00757678 -1.32832 -1.32832 2 4 1
0.00756535 -1.33032 -1.33032 2 4 1
0.00755395 -1.33232 -1.33232 2 4 1
0.00754259 -1.33432 -1.33432 2 4 1
0.00753126 -1.33632 -1.33632 2 4 1
0.00751996 -1.33832 -1.33832 2 4 1
0.0075087 -1.34032 -1.34032 2 4 1
0.00749747 -1.34232 -1.34232 2 4 1
0.00748628 -1.34432 -1.34432 2 4 1
0.00747512 -1.34632 -1.34632 2 4 1
0.00746399 -1.34832 -1.34832 2 4 1
0.00745289 -1.35032 -1.35032 2 4 1
0.00744183 -1.35232 -1.35232 2 4 1
0.0074308 -1.35432 -1.35432 2 4 1
0.0074198 -1.35632 -1.35632 2 4 1
0.00740884 -1.35832 -1.35832 2 4 1
0.00739791 -1.36032 -1.36032 2 4 1
0.00738701 -1.36232 -1.36232 2 4 1
0.00737614 -1.36432 -1.36432 2 4 1
0.0073653 -1.36632 -1.36632 2 4 1
0.0073545 -1.36832 -1.36832 2 4 1
0.00734373 -1.37032 -1.37032 2 4 1
0.00733299 -1.37232 -1.37232 2 4 1
0.00732228 -1.37432 -1.37432 2 4 1
0.0073116 -1.37632 -1.37632 2 4 1
0.00730095 -1.37832 -1.37832 2 4 1
0.00729033 -1.38032 -1.38032 2 4 1
0.00727975 -1.38232 -1.38232 2 4 1
0.00726919 -1.38432 -1.38432 2 4 1
0.00725867 -1.38632 -1.38632 2 4 1
0.00724818 -1.38832 -1.38832 2 4 1
0.00723771 -1.39032 -1.39032 2 4 1
0.00722728 -1.39232 -1.39232 2 4 1
0.00721688 -1.39432 -1.39432 2 4 1
0.0072065 -1.39632 -1.39632 2 4 1
0.00719616 -1.39832 -1.39832 2 4 1
0.00718585 -1.40032 -1.40032 2 4 1
0.00717556 -1.40232 -1.40232 2 4 1
0.00716531 -1.40432 -1.40432 2 4 1
0.00715508 -1.40632 -1.40632 2 4 1
0.00714488 -1.40832 -1.40832 2 4 1
0.00713472 -1.41032 -1.41032 2 4 1
0.00712458 -1.41232 -1.41232 2 4 1
0.00711447 -1.41432 -1.41432 2 4 1
0.00710439 -1.41632 -1.41632 2 4 1
0.00709433 -1.41832 -1.41832 2 4 1
0.00708431 -1.42032 -1.42032 2 4 1
0.00707431 -1.42232 -1.42232 2 4 1
0.00706435 -1.42432 -1.42432 2 4 1
0.00705441 -1.42632 -1.42632 2 4 1
0.00704449 -1.42832 -1.42832 2 4 1
0.00703461 -1.43032 -1.43032 2 4 1
0.00702475 -1.43232 -1.43232 2 4 1
0.00701492 -1.43432 -1.43432 2 4 1
0.00700512 -1.43632 -1.43632 2 4 1
0.00699535 -1.43832 -1.43832 2 4 1
0.0069856 -1.44032 -1.44032 2 4 1
0.00697588 -1.44232 -1.44232 2 4 1
0.00696619 -1.44432 -1.44432 2 4 1
0.00695652 -1.44632 -1.44632 2 4 1
0.00694689 -1.44832 -1.44832 2 4 1
0.00693727 -1.45032 -1.45032 2 4 1
0.00692769 -1.45232 -1.45232 2 4 1
0.00691813 -1.45432 -1.45432 2 4 1
0.0069086 -1.45632 -1.45632 2 4 1
0.00689909 -1.45832 -1.45832 2 4 1
0.00688961 -1.46032 -1.46032 2 4 1
0.00688015 -1.46232 -1.46232 2 4 1
0.00687073 -1.46432 -1.46432 2 4 1
0.00686132 -1.46632 -1.46632 2 4 1
0.00685195 -1.46832 -1.46832 2 4 1
0.00684259 -1.47032 -1.47032 2 4 1
0.00683327 -1.47232 -1.47232 2 4 1
0.00682397 -1.47432 -1.47432 2 4 1
0.00681469 -1.47632 -1.47632 2 4 1
0.00680544 -1.47832 -1.47832 2 4 1
0.00679622 -1.48032 -1.48032 2 4 1
0.00678702 -1.48232 -1.48232 2 4 1
0.00677784 -1.48432 -1.48432 2 4 1
0.00676869 -1.48632 -1.48632 2 4 1
0.00675957 -1.48832 -1.48832 2 4 1
0.00675046 -1.49032 -1.49032 2 4 1
0.00674139 -1.49232 -1.49232 2 4 1
0.00673234 -1.49432 -1.49432 2 4 1
0.00672331 -1.49632 -1.49632 2 4 1
0.0067143 -1.49832 -1.49832 2 4 1
0.00670532 -1.50032 -1.50032 2 4 1
0.00669637 -1.50232 -1.50232 2 4 1
0.00668744 -1.50432 -1.50432 2 4 1
0.00667853 -1.50632 -1.50632 2 4 1
0.00666964 -1.50832 -1.50832 2 4 1
0.00666078 -1.51032 -1.51032 2 4 1
0.00665194 -1.51232 -1.51232 2 4 1
0.00664313 -1.51432 -1.51432 2 4 1
0.00663434 -1.51632 -1.51632 2 4 1
0.00662557 -1.51832 -1.51832 2 4 1
0.00661683 -1.52032 -1.52032 2 4 1
0.00660811 -1.52232 -1.52232 2 4 1
0.00659941 -1.52432 -1.52432 2 4 1
0.00659073 -1.52632 -1.52632 2 4 1
0.00658208 -1.52832 -1.52832 2 4 1
0.00657345 -1.53032 -1.53032 2 4 1
0.00656484 -1.53232 -1.53232 2 4 1
0.00655626 -1.53432 -1.53432 2 4 1
0.0065477 -1.53632 -1.53632 2 4 1
0.00653916 -1.53832 -1.53832 2 4 1
0.00653064 -1.54032 -1.54032 2 4 1
0.00652214 -1.54232 -1.54232 2 4 1
0.00651367 -1.54432 -1.54432 2 4 1
0.00650522 -1.54632 -1.54632 2 4 1
0.00649679 -1.54832 -1.54832 2 4 1
0.00648838 -1.55032 -1.55032 2 4 1
0.00648 -1.55232 -1.55232 2 4 1
0.00647163 -1.55432 -1.55432 2 4 1
0.00646329 -1.55632 -1.55632 2 4 1
0.00645497 -1.55832 -1.55832 2 4 1
0.00644667 -1.56032 -1.56032 2 4 1
0.00643839 -1.56232 -1.56232 2 4 1
0.00643013 -1.56432 -1.56432 2 4 1
0.00642189 -1.56632 -1.56632 2 4 1
0.00641368 -1.56832 -1.56832 2 4 1
0.00640549 -1.57032 -1.57032 2 4 1
0.00639731 -1.57232 -1.57232 2 4 1
0.00638916 -1.57432 -1.57432 2 4 1
0.00638103 -1.57632 -1.57632 2 4 1
0.00637292 -1.57832 -1.57832 2 4 1
0.00636483 -1.58032 -1.58032 2 4 1
0.00635676 -1.58232 -1.58232 2 4 1
0.00634871 -1.58432 -1.58432 2 4 1
0.00634068 -1.58632 -1.58632 2 4 1
0.00633267 -1.58832 -1.58832 2 4 1
0.00632468 -1.59032 -1.59032 2 4 1
0.00631671 -1.59232 -1.59232 2 4 1
0.00630876 -1.59432 -1.59432 2 4 1
0.00630083 -1.59632 -1.59632 2 4 1
0.00629293 -1.59832 -1.59832 2 4 1
0.00628504 -1.60032 -1.60032 2 4 1
0.00627717 -1.60232 -1.60232 2 4 1
0.00626932 -1.60432 -1.60432 2 4 1
0.00626149 -1.60632 -1.60632 2 4 1
0.00625368 -1.60832 -1.60832 2 4 1
0.00624589 -1.61032 -1.61032 2 4 1
0.00623812 -1.61232 -1.61232 2 4 1
0.00623036 -1.61432 -1.61432 2 4 1
0.00622263 -1.61632 -1.61632 2 4 1
0.00621492 -1.61832 -1.61832 2 4 1
0.00620722 -1.62032 -1.62032 2 4 1
0.00619955 -1.62232 -1.62232 2 4 1
0.00619189 -1.62432 -1.62432 2 4 1
0.00618425 -1.62632 -1.62632 2 4 1
0.00617664 -1.62832 -1.62832 2 4 1
0.00616904 -1.63032 -1.63032 2 4 1
0.00616145 -1.63232 -1.63232 2 4 1
0.00615389 -1.63432 -1.63432 2 4 1
0.00614635 -1.63632 -1.63632 2 4 1
0.00613882 -1.63832 -1.63832 2 4 1
0.00613131 -1.64032 -1.64032 2 4 1
0.00612382 -1.64232 -1.64232 2 4 1
0.00611635 -1.64432 -1.64432 2 4 1
0.0061089 -1.64632 -1.64632 2 4 1
0.00610147 -1.64832 -1.64832 2 4 1
0.00609405 -1.65032 -1.65032 2 4 1
0.00608665 -1.65232 -1.65232 2 4 1
0.00607927 -1.65432 -1.65432 2 4 1
0.00607191 -1.65632 -1.65632 2 4 1
0.00606456 -1.65832 -1.65832 2 4 1
0.00605724 -1.66032 -1.66032 2 4 1
0.00604993 -1.66232 -1.66232 2 4 1
0.00604264 -1.66432 -1.66432 2 4 1
0.00603536 -1.66632 -1.66632 2 4 1
0.00602811 -1.66832 -1.66832 2 4 1
0.00602087 -1.67032 -1.67032 2 4 1
0.00601364 -1.67232 -1.67232 2 4 1
0.00600644 -1.67432 -1.67432 2 4 1
