7.798040000000000006e-03 -1.280750000000000055e+00
7.810179999999999900e-03 -1.278750000000000053e+00
7.822370000000000365e-03 -1.276750000000000052e+00
7.834590000000000651e-03 -1.274750000000000050e+00
7.846850000000000699e-03 -1.272750000000000048e+00
7.859150000000000511e-03 -1.270750000000000046e+00
7.871490000000000084e-03 -1.268750000000000044e+00
7.883869999999999420e-03 -1.266750000000000043e+00
7.896290000000000253e-03 -1.264750000000000041e+00
7.908739999999999173e-03 -1.262750000000000039e+00
7.921239999999999531e-03 -1.260750000000000037e+00
7.933769999999999711e-03 -1.258750000000000036e+00
7.946349999999999594e-03 -1.256750000000000034e+00
7.958959999999999299e-03 -1.254750000000000032e+00
7.971610000000000501e-03 -1.252750000000000030e+00
7.984309999999999671e-03 -1.250750000000000028e+00
7.997040000000000398e-03 -1.248750000000000027e+00
8.009820000000000828e-03 -1.246750000000000025e+00
8.022639999999999286e-03 -1.244750000000000023e+00
8.035489999999999300e-03 -1.242750000000000021e+00
8.048390000000000752e-03 -1.240750000000000020e+00
8.061330000000000232e-03 -1.238750000000000018e+00
8.074319999999999414e-03 -1.236750000000000016e+00
8.087340000000000154e-03 -1.234750000000000014e+00
8.100410000000000596e-03 -1.232750000000000012e+00
8.113510000000000860e-03 -1.230750000000000011e+00
8.126670000000000768e-03 -1.228750000000000009e+00
8.139860000000000498e-03 -1.226750000000000007e+00
8.153099999999999931e-03 -1.224750000000000005e+00
8.166380000000000861e-03 -1.222750000000000004e+00
8.179699999999999818e-03 -1.220750000000000002e+00
8.193070000000000214e-03 -1.218750000000000000e+00
8.206480000000000372e-03 -1.216749999999999998e+00
8.219930000000000292e-03 -1.214749999999999996e+00
8.233429999999999915e-03 -1.212749999999999995e+00
8.246969999999999301e-03 -1.210749999999999993e+00
8.260560000000000125e-03 -1.208749999999999991e+00
8.274190000000000711e-03 -1.206749999999999989e+00
8.287869999999999265e-03 -1.204749999999999988e+00
8.301589999999999317e-03 -1.202749999999999986e+00
8.315360000000000806e-03 -1.200749999999999984e+00
8.329170000000000323e-03 -1.198749999999999982e+00
8.343029999999999544e-03 -1.196749999999999980e+00
8.356940000000000202e-03 -1.194749999999999979e+00
8.370890000000000622e-03 -1.192749999999999977e+00
8.384890000000000745e-03 -1.190749999999999975e+00
8.398940000000000572e-03 -1.188749999999999973e+00
8.413030000000000161e-03 -1.186749999999999972e+00
8.427169999999999453e-03 -1.184749999999999970e+00
8.441360000000000183e-03 -1.182749999999999968e+00
8.455590000000000675e-03 -1.180749999999999966e+00
8.469880000000000811e-03 -1.178749999999999964e+00
8.484210000000000709e-03 -1.176749999999999963e+00
8.498590000000000311e-03 -1.174749999999999961e+00
8.513019999999999615e-03 -1.172749999999999959e+00
8.527500000000000357e-03 -1.170749999999999957e+00
8.542030000000000803e-03 -1.168749999999999956e+00
8.556609999999999217e-03 -1.166749999999999954e+00
8.571240000000000803e-03 -1.164749999999999952e+00
8.585910000000000417e-03 -1.162749999999999950e+00
8.600639999999999674e-03 -1.160749999999999948e+00
8.615420000000000370e-03 -1.158749999999999947e+00
8.630250000000000768e-03 -1.156749999999999945e+00
8.645129999999999135e-03 -1.154749999999999943e+00
8.660060000000000674e-03 -1.152749999999999941e+00
8.675050000000000122e-03 -1.150749999999999940e+00
8.690079999999999333e-03 -1.148749999999999938e+00
8.705169999999999922e-03 -1.146749999999999936e+00
8.720310000000000214e-03 -1.144749999999999934e+00
8.735500000000000209e-03 -1.142749999999999932e+00
8.750749999999999848e-03 -1.140749999999999931e+00
8.766049999999999190e-03 -1.138749999999999929e+00
8.781399999999999970e-03 -1.136749999999999927e+00
8.796810000000000393e-03 -1.134749999999999925e+00
8.812270000000000519e-03 -1.132749999999999924e+00
8.827790000000000289e-03 -1.130749999999999922e+00
8.843359999999999763e-03 -1.128749999999999920e+00
8.858980000000000674e-03 -1.126749999999999918e+00
8.874659999999999493e-03 -1.124749999999999917e+00
8.890399999999999692e-03 -1.122749999999999915e+00
8.906189999999999593e-03 -1.120749999999999913e+00
8.922039999999999138e-03 -1.118749999999999911e+00
8.937950000000000061e-03 -1.116749999999999909e+00
8.953910000000000688e-03 -1.114749999999999908e+00
8.969929999999999223e-03 -1.112749999999999906e+00
8.985999999999999197e-03 -1.110749999999999904e+00
9.002140000000000489e-03 -1.108749999999999902e+00
9.018329999999999749e-03 -1.106749999999999901e+00
9.034580000000000388e-03 -1.104749999999999899e+00
9.050890000000000671e-03 -1.102749999999999897e+00
9.067260000000000597e-03 -1.100749999999999895e+00
9.083680000000000226e-03 -1.098749999999999893e+00
9.100169999999999440e-03 -1.096749999999999892e+00
9.116720000000000032e-03 -1.094749999999999890e+00
9.133320000000000327e-03 -1.092750000000000110e+00
9.149990000000000206e-03 -1.090750000000000108e+00
9.166719999999999730e-03 -1.088750000000000107e+00
9.183510000000000631e-03 -1.086750000000000105e+00
9.200359999999999441e-03 -1.084750000000000103e+00
9.217269999999999630e-03 -1.082750000000000101e+00
9.234249999999999403e-03 -1.080750000000000099e+00
9.251290000000000555e-03 -1.078750000000000098e+00
9.268389999999999615e-03 -1.076750000000000096e+00
9.285559999999999994e-03 -1.074750000000000094e+00
9.302780000000000077e-03 -1.072750000000000092e+00
9.320079999999999684e-03 -1.070750000000000091e+00
9.337430000000000729e-03 -1.068750000000000089e+00
9.354849999999999624e-03 -1.066750000000000087e+00
9.372339999999999838e-03 -1.064750000000000085e+00
9.389889999999999695e-03 -1.062750000000000083e+00
9.407509999999999137e-03 -1.060750000000000082e+00
9.425199999999999897e-03 -1.058750000000000080e+00
9.442950000000000302e-03 -1.056750000000000078e+00
9.460760000000000350e-03 -1.054750000000000076e+00
9.478649999999999923e-03 -1.052750000000000075e+00
9.496599999999999139e-03 -1.050750000000000073e+00
9.514619999999999675e-03 -1.048750000000000071e+00
9.532709999999999795e-03 -1.046750000000000069e+00
9.550869999999999499e-03 -1.044750000000000068e+00
9.569100000000000522e-03 -1.042750000000000066e+00
9.587399999999999395e-03 -1.040750000000000064e+00
9.605769999999999587e-03 -1.038750000000000062e+00
9.624199999999999422e-03 -1.036750000000000060e+00
9.642710000000000517e-03 -1.034750000000000059e+00
9.661289999999999462e-03 -1.032750000000000057e+00
9.679949999999999666e-03 -1.030750000000000055e+00
9.698669999999999514e-03 -1.028750000000000053e+00
9.717470000000000621e-03 -1.026750000000000052e+00
9.736339999999999578e-03 -1.024750000000000050e+00
9.755279999999999854e-03 -1.022750000000000048e+00
9.774299999999999655e-03 -1.020750000000000046e+00
9.793390000000000775e-03 -1.018750000000000044e+00
9.812549999999999745e-03 -1.016750000000000043e+00
9.831799999999999914e-03 -1.014750000000000041e+00
9.851109999999999728e-03 -1.012750000000000039e+00
9.870510000000000742e-03 -1.010750000000000037e+00
9.889979999999999605e-03 -1.008750000000000036e+00
9.909519999999999787e-03 -1.006750000000000034e+00
9.929149999999999435e-03 -1.004750000000000032e+00
9.948850000000000401e-03 -1.002750000000000030e+00
9.968629999999999158e-03 -1.000750000000000028e+00
9.988489999999999175e-03 -9.987540000000000306e-01
1.000840000000000063e-02 -9.967540000000000289e-01
1.002839999999999981e-02 -9.947540000000000271e-01
1.004850000000000014e-02 -9.927540000000000253e-01
1.006869999999999987e-02 -9.907540000000000235e-01
1.008900000000000075e-02 -9.887540000000000218e-01
1.010929999999999988e-02 -9.867550000000000487e-01
1.012970000000000016e-02 -9.847550000000000470e-01
1.015019999999999985e-02 -9.827550000000000452e-01
1.017080000000000067e-02 -9.807550000000000434e-01
1.019149999999999917e-02 -9.787550000000000416e-01
1.021230000000000054e-02 -9.767550000000000399e-01
1.023310000000000018e-02 -9.747550000000000381e-01
1.025399999999999923e-02 -9.727550000000000363e-01
1.027510000000000055e-02 -9.707550000000000345e-01
1.029620000000000014e-02 -9.687559999999999505e-01
1.031729999999999974e-02 -9.667559999999999487e-01
1.033859999999999987e-02 -9.647559999999999469e-01
1.035999999999999942e-02 -9.627559999999999452e-01
1.038140000000000070e-02 -9.607560000000000544e-01
1.040300000000000079e-02 -9.587560000000000526e-01
1.042459999999999914e-02 -9.567560000000000509e-01
1.044630000000000038e-02 -9.547560000000000491e-01
1.046809999999999928e-02 -9.527560000000000473e-01
1.048999999999999932e-02 -9.507569999999999633e-01
1.051200000000000051e-02 -9.487569999999999615e-01
1.053409999999999937e-02 -9.467569999999999597e-01
1.055629999999999936e-02 -9.447569999999999579e-01
1.057849999999999936e-02 -9.427569999999999562e-01
1.060089999999999991e-02 -9.407569999999999544e-01
1.062339999999999986e-02 -9.387569999999999526e-01
1.064589999999999981e-02 -9.367569999999999508e-01
1.066860000000000031e-02 -9.347579999999999778e-01
1.069130000000000080e-02 -9.327579999999999760e-01
1.071420000000000011e-02 -9.307579999999999742e-01
1.073709999999999942e-02 -9.287579999999999725e-01
1.076019999999999928e-02 -9.267579999999999707e-01
1.078329999999999914e-02 -9.247579999999999689e-01
1.080650000000000013e-02 -9.227579999999999671e-01
1.082989999999999994e-02 -9.207589999999999941e-01
1.085329999999999975e-02 -9.187589999999999923e-01
1.087690000000000011e-02 -9.167589999999999906e-01
1.090050000000000047e-02 -9.147589999999999888e-01
1.092429999999999964e-02 -9.127589999999999870e-01
1.094810000000000054e-02 -9.107589999999999852e-01
1.097210000000000026e-02 -9.087589999999999835e-01
1.099609999999999997e-02 -9.067600000000000104e-01
1.102030000000000023e-02 -9.047600000000000087e-01
1.104459999999999990e-02 -9.027600000000000069e-01
1.106900000000000071e-02 -9.007600000000000051e-01
1.109339999999999979e-02 -8.987600000000000033e-01
1.111799999999999941e-02 -8.967600000000000016e-01
1.114270000000000017e-02 -8.947599999999999998e-01
1.116759999999999975e-02 -8.927610000000000268e-01
1.119249999999999932e-02 -8.907610000000000250e-01
1.121750000000000004e-02 -8.887610000000000232e-01
1.124269999999999957e-02 -8.867610000000000214e-01
1.126800000000000024e-02 -8.847610000000000197e-01
1.129340000000000031e-02 -8.827610000000000179e-01
1.129329999999999917e-02 -8.827610000000000179e-01
1.131880000000000039e-02 -8.807620000000000449e-01
1.134439999999999928e-02 -8.787620000000000431e-01
1.137020000000000045e-02 -8.767620000000000413e-01
1.139599999999999988e-02 -8.747620000000000395e-01
1.142199999999999986e-02 -8.727620000000000378e-01
1.144799999999999984e-02 -8.707620000000000360e-01
1.147420000000000037e-02 -8.687629999999999519e-01
1.150050000000000031e-02 -8.667629999999999502e-01
1.152700000000000079e-02 -8.647629999999999484e-01
1.155349999999999953e-02 -8.627629999999999466e-01
1.158020000000000056e-02 -8.607629999999999448e-01
1.160699999999999926e-02 -8.587630000000000541e-01
1.163400000000000024e-02 -8.567639999999999700e-01
1.166099999999999949e-02 -8.547639999999999683e-01
1.168819999999999928e-02 -8.527639999999999665e-01
1.171550000000000022e-02 -8.507639999999999647e-01
1.174290000000000056e-02 -8.487639999999999629e-01
1.177049999999999971e-02 -8.467649999999999899e-01
1.179820000000000001e-02 -8.447649999999999881e-01
1.182599999999999971e-02 -8.427649999999999864e-01
1.185399999999999995e-02 -8.407649999999999846e-01
1.188209999999999961e-02 -8.387649999999999828e-01
1.191030000000000040e-02 -8.367649999999999810e-01
1.193870000000000001e-02 -8.347660000000000080e-01
1.196709999999999961e-02 -8.327660000000000062e-01
1.199579999999999917e-02 -8.307660000000000045e-01
1.202450000000000047e-02 -8.287660000000000027e-01
1.205340000000000057e-02 -8.267670000000000297e-01
1.208249999999999949e-02 -8.247670000000000279e-01
1.211169999999999955e-02 -8.227670000000000261e-01
1.214100000000000075e-02 -8.207670000000000243e-01
1.217050000000000076e-02 -8.187670000000000226e-01
1.220010000000000018e-02 -8.167680000000000495e-01
1.222980000000000074e-02 -8.147680000000000478e-01
1.225970000000000011e-02 -8.127680000000000460e-01
1.228980000000000003e-02 -8.107680000000000442e-01
1.231999999999999935e-02 -8.087680000000000424e-01
1.235029999999999982e-02 -8.067689999999999584e-01
1.238080000000000083e-02 -8.047689999999999566e-01
1.241150000000000066e-02 -8.027689999999999548e-01
1.244229999999999989e-02 -8.007689999999999531e-01
1.247320000000000026e-02 -7.987699999999999800e-01
1.250429999999999944e-02 -7.967699999999999783e-01
1.253559999999999917e-02 -7.947699999999999765e-01
1.256700000000000005e-02 -7.927699999999999747e-01
1.259859999999999973e-02 -7.907710000000000017e-01
1.263030000000000055e-02 -7.887709999999999999e-01
1.266220000000000019e-02 -7.867709999999999981e-01
1.269419999999999923e-02 -7.847709999999999964e-01
1.272649999999999997e-02 -7.827720000000000233e-01
1.275880000000000070e-02 -7.807720000000000216e-01
1.279139999999999965e-02 -7.787720000000000198e-01
1.282409999999999974e-02 -7.767720000000000180e-01
1.285700000000000037e-02 -7.747730000000000450e-01
1.289000000000000042e-02 -7.727730000000000432e-01
1.292319999999999927e-02 -7.707730000000000414e-01
1.295660000000000041e-02 -7.687739999999999574e-01
1.299020000000000036e-02 -7.667739999999999556e-01
1.302389999999999971e-02 -7.647739999999999538e-01
1.305779999999999962e-02 -7.627739999999999521e-01
1.309190000000000006e-02 -7.607749999999999790e-01
1.312619999999999933e-02 -7.587749999999999773e-01
1.316069999999999914e-02 -7.567749999999999755e-01
1.319530000000000008e-02 -7.547760000000000025e-01
1.323009999999999985e-02 -7.527760000000000007e-01
1.326510000000000015e-02 -7.507759999999999989e-01
1.330029999999999928e-02 -7.487770000000000259e-01
1.333559999999999954e-02 -7.467770000000000241e-01
1.337119999999999975e-02 -7.447770000000000223e-01
1.340700000000000051e-02 -7.427770000000000206e-01
1.344290000000000068e-02 -7.407780000000000475e-01
1.347899999999999966e-02 -7.387780000000000458e-01
1.351540000000000033e-02 -7.367780000000000440e-01
1.355190000000000040e-02 -7.347789999999999599e-01
1.358859999999999929e-02 -7.327789999999999582e-01
1.362550000000000046e-02 -7.307789999999999564e-01
1.366260000000000044e-02 -7.287799999999999834e-01
1.370000000000000037e-02 -7.267799999999999816e-01
1.373749999999999971e-02 -7.247810000000000086e-01
1.377519999999999960e-02 -7.227810000000000068e-01
1.381319999999999944e-02 -7.207810000000000050e-01
1.385130000000000042e-02 -7.187820000000000320e-01
1.388969999999999962e-02 -7.167820000000000302e-01
1.392829999999999936e-02 -7.147820000000000285e-01
1.396709999999999965e-02 -7.127830000000000554e-01
1.400610000000000049e-02 -7.107830000000000537e-01
1.404530000000000015e-02 -7.087830000000000519e-01
1.408470000000000034e-02 -7.067839999999999678e-01
1.412440000000000050e-02 -7.047839999999999661e-01
1.416429999999999946e-02 -7.027849999999999930e-01
1.420440000000000071e-02 -7.007849999999999913e-01
1.424480000000000017e-02 -6.987849999999999895e-01
1.428530000000000078e-02 -6.967860000000000165e-01
1.432620000000000074e-02 -6.947860000000000147e-01
1.436720000000000011e-02 -6.927870000000000417e-01
1.440849999999999943e-02 -6.907870000000000399e-01
1.444999999999999930e-02 -6.887879999999999558e-01
1.449169999999999972e-02 -6.867879999999999541e-01
1.453370000000000009e-02 -6.847879999999999523e-01
1.457600000000000041e-02 -6.827889999999999793e-01
1.461849999999999955e-02 -6.807889999999999775e-01
1.466119999999999923e-02 -6.787900000000000045e-01
1.470420000000000060e-02 -6.767900000000000027e-01
1.474740000000000079e-02 -6.747910000000000297e-01
1.479089999999999919e-02 -6.727910000000000279e-01
1.483469999999999928e-02 -6.707920000000000549e-01
1.487869999999999991e-02 -6.687920000000000531e-01
1.492300000000000050e-02 -6.667929999999999691e-01
1.496749999999999990e-02 -6.647929999999999673e-01
1.501229999999999926e-02 -6.627939999999999943e-01
1.505740000000000030e-02 -6.607939999999999925e-01
1.510270000000000015e-02 -6.587950000000000195e-01
1.514829999999999996e-02 -6.567950000000000177e-01
1.519419999999999972e-02 -6.547960000000000447e-01
1.524039999999999943e-02 -6.527960000000000429e-01
1.528679999999999969e-02 -6.507969999999999589e-01
1.533359999999999931e-02 -6.487969999999999571e-01
1.538059999999999948e-02 -6.467979999999999841e-01
1.542789999999999960e-02 -6.447979999999999823e-01
1.547549999999999967e-02 -6.427990000000000093e-01
1.552339999999999970e-02 -6.408000000000000362e-01
1.557159999999999968e-02 -6.388000000000000345e-01
1.562009999999999961e-02 -6.368009999999999504e-01
1.566889999999999949e-02 -6.348009999999999486e-01
1.571799999999999933e-02 -6.328019999999999756e-01
1.576740000000000086e-02 -6.308030000000000026e-01
1.581710000000000060e-02 -6.288030000000000008e-01
1.586720000000000144e-02 -6.268040000000000278e-01
1.591750000000000109e-02 -6.248040000000000260e-01
1.596819999999999837e-02 -6.228050000000000530e-01
1.601920000000000080e-02 -6.208059999999999690e-01
1.607050000000000145e-02 -6.188059999999999672e-01
1.612219999999999973e-02 -6.168069999999999942e-01
1.617419999999999969e-02 -6.148080000000000211e-01
1.622650000000000134e-02 -6.128080000000000194e-01
1.627920000000000061e-02 -6.108090000000000463e-01
1.633220000000000158e-02 -6.088099999999999623e-01
1.638550000000000076e-02 -6.068109999999999893e-01
1.643920000000000103e-02 -6.048109999999999875e-01
1.649329999999999893e-02 -6.028120000000000145e-01
1.654769999999999852e-02 -6.008130000000000415e-01
1.660249999999999920e-02 -5.988130000000000397e-01
1.665760000000000157e-02 -5.968139999999999556e-01
1.671310000000000157e-02 -5.948149999999999826e-01
1.676899999999999918e-02 -5.928160000000000096e-01
1.682519999999999849e-02 -5.908170000000000366e-01
1.688179999999999889e-02 -5.888170000000000348e-01
1.693889999999999979e-02 -5.868179999999999508e-01
1.699619999999999950e-02 -5.848189999999999777e-01
1.705399999999999971e-02 -5.828200000000000047e-01
1.711220000000000102e-02 -5.808210000000000317e-01
1.717079999999999995e-02 -5.788219999999999477e-01
1.722979999999999998e-02 -5.768219999999999459e-01
1.728910000000000169e-02 -5.748229999999999729e-01
1.734890000000000043e-02 -5.728239999999999998e-01
1.740910000000000027e-02 -5.708250000000000268e-01
1.746980000000000061e-02 -5.688260000000000538e-01
1.753079999999999916e-02 -5.668269999999999698e-01
1.759230000000000169e-02 -5.648279999999999967e-01
1.765419999999999837e-02 -5.628290000000000237e-01
1.771659999999999902e-02 -5.608300000000000507e-01
1.777930000000000135e-02 -5.588309999999999667e-01
1.784260000000000013e-02 -5.568319999999999936e-01
1.790629999999999999e-02 -5.548330000000000206e-01
1.797040000000000096e-02 -5.528340000000000476e-01
1.803499999999999895e-02 -5.508349999999999635e-01
1.810010000000000091e-02 -5.488359999999999905e-01
1.816560000000000050e-02 -5.468370000000000175e-01
1.823160000000000058e-02 -5.448380000000000445e-01
1.829810000000000117e-02 -5.428389999999999604e-01
1.836509999999999879e-02 -5.408399999999999874e-01
1.843260000000000037e-02 -5.388420000000000432e-01
1.850049999999999958e-02 -5.368429999999999591e-01
1.856899999999999870e-02 -5.348439999999999861e-01
1.863799999999999832e-02 -5.328450000000000131e-01
1.870749999999999844e-02 -5.308460000000000401e-01
1.877749999999999905e-02 -5.288469999999999560e-01
1.884800000000000017e-02 -5.268490000000000117e-01
1.891910000000000119e-02 -5.248500000000000387e-01
1.899069999999999925e-02 -5.228509999999999547e-01
1.906290000000000068e-02 -5.208530000000000104e-01
1.913559999999999914e-02 -5.188540000000000374e-01
1.920880000000000157e-02 -5.168549999999999534e-01
1.928260000000000043e-02 -5.148570000000000091e-01
1.935699999999999921e-02 -5.128580000000000361e-01
1.943200000000000136e-02 -5.108589999999999520e-01
1.950750000000000053e-02 -5.088610000000000078e-01
1.958359999999999962e-02 -5.068620000000000347e-01
1.966040000000000149e-02 -5.048639999999999795e-01
1.973770000000000038e-02 -5.028650000000000064e-01
1.981559999999999919e-02 -5.008669999999999511e-01
1.989420000000000077e-02 -4.988679999999999781e-01
1.997339999999999879e-02 -4.968699999999999783e-01
2.005320000000000019e-02 -4.948710000000000053e-01
2.013360000000000150e-02 -4.928730000000000055e-01
2.021469999999999864e-02 -4.908750000000000058e-01
2.029670000000000085e-02 -4.888759999999999772e-01
2.037939999999999890e-02 -4.868779999999999775e-01
2.054579999999999948e-02 -4.828819999999999779e-01
2.063020000000000131e-02 -4.808830000000000049e-01
2.071539999999999840e-02 -4.788850000000000051e-01
2.080119999999999886e-02 -4.768870000000000053e-01
2.088780000000000150e-02 -4.748890000000000056e-01
2.097509999999999999e-02 -4.728910000000000058e-01
2.106310000000000127e-02 -4.708930000000000060e-01
2.115179999999999838e-02 -4.688950000000000062e-01
2.124130000000000115e-02 -4.668970000000000065e-01
2.133159999999999917e-02 -4.648990000000000067e-01
2.142259999999999998e-02 -4.629010000000000069e-01
2.151449999999999890e-02 -4.609030000000000071e-01
2.160710000000000061e-02 -4.589050000000000074e-01
2.170050000000000104e-02 -4.569070000000000076e-01
2.179470000000000018e-02 -4.549090000000000078e-01
2.188970000000000152e-02 -4.529119999999999813e-01
2.198560000000000098e-02 -4.509139999999999815e-01
2.208229999999999915e-02 -4.489159999999999817e-01
2.217979999999999952e-02 -4.469190000000000107e-01
2.227820000000000147e-02 -4.449210000000000109e-01
2.237750000000000156e-02 -4.429239999999999844e-01
2.247769999999999976e-02 -4.409259999999999846e-01
2.257879999999999956e-02 -4.389290000000000136e-01
2.268080000000000096e-02 -4.369310000000000138e-01
2.278370000000000048e-02 -4.349339999999999873e-01
2.288750000000000159e-02 -4.329370000000000163e-01
2.299230000000000024e-02 -4.309390000000000165e-01
2.309809999999999988e-02 -4.289419999999999900e-01
2.320480000000000112e-02 -4.269450000000000189e-01
2.331249999999999989e-02 -4.249479999999999924e-01
2.342119999999999966e-02 -4.229510000000000214e-01
2.353099999999999983e-02 -4.209539999999999949e-01
2.364170000000000160e-02 -4.189570000000000238e-01
2.375359999999999971e-02 -4.169599999999999973e-01
2.386639999999999942e-02 -4.149630000000000263e-01
2.398039999999999894e-02 -4.129669999999999730e-01
2.409539999999999946e-02 -4.109700000000000020e-01
2.421150000000000038e-02 -4.089729999999999754e-01
2.432880000000000112e-02 -4.069769999999999777e-01
2.444719999999999879e-02 -4.049800000000000066e-01
2.456670000000000034e-02 -4.029840000000000089e-01
2.468740000000000170e-02 -4.009869999999999823e-01
2.480929999999999941e-02 -3.989909999999999846e-01
2.493249999999999980e-02 -3.969949999999999868e-01
2.505680000000000060e-02 -3.949989999999999890e-01
2.518240000000000062e-02 -3.930029999999999912e-01
2.530920000000000045e-02 -3.910069999999999935e-01
2.543729999999999949e-02 -3.890109999999999957e-01
2.556670000000000123e-02 -3.870149999999999979e-01
2.569739999999999872e-02 -3.850190000000000001e-01
2.582949999999999829e-02 -3.830239999999999756e-01
2.596290000000000056e-02 -3.810279999999999778e-01
2.609770000000000145e-02 -3.790330000000000088e-01
2.623390000000000097e-02 -3.770370000000000110e-01
2.637149999999999911e-02 -3.750419999999999865e-01
2.651059999999999875e-02 -3.730470000000000175e-01
2.665110000000000048e-02 -3.710519999999999929e-01
2.679319999999999966e-02 -3.690570000000000239e-01
2.693670000000000092e-02 -3.670619999999999994e-01
2.708179999999999962e-02 -3.650669999999999749e-01
2.722839999999999983e-02 -3.630729999999999791e-01
2.737660000000000093e-02 -3.610780000000000101e-01
2.752649999999999889e-02 -3.590840000000000143e-01
2.767789999999999834e-02 -3.570900000000000185e-01
2.783110000000000098e-02 -3.550960000000000227e-01
2.798590000000000105e-02 -3.531020000000000270e-01
2.814250000000000085e-02 -3.511079999999999757e-01
2.830080000000000096e-02 -3.491139999999999799e-01
2.846090000000000078e-02 -3.471199999999999841e-01
2.862270000000000092e-02 -3.451270000000000171e-01
2.878649999999999959e-02 -3.431339999999999946e-01
2.895210000000000145e-02 -3.411410000000000275e-01
2.911959999999999896e-02 -3.391480000000000050e-01
2.928899999999999906e-02 -3.371549999999999825e-01
2.946040000000000117e-02 -3.351620000000000155e-01
2.963379999999999834e-02 -3.331700000000000217e-01
2.980930000000000038e-02 -3.311769999999999992e-01
2.998680000000000095e-02 -3.291850000000000054e-01
3.016639999999999947e-02 -3.271930000000000116e-01
3.034819999999999879e-02 -3.252019999999999911e-01
3.053209999999999952e-02 -3.232099999999999973e-01
3.071830000000000047e-02 -3.212189999999999768e-01
3.090680000000000163e-02 -3.192280000000000117e-01
3.109750000000000014e-02 -3.172369999999999912e-01
3.129060000000000175e-02 -3.152460000000000262e-01
3.148610000000000297e-02 -3.132559999999999789e-01
3.168399999999999689e-02 -3.112659999999999871e-01
3.188440000000000024e-02 -3.092759999999999954e-01
3.208729999999999916e-02 -3.072860000000000036e-01
3.229280000000000345e-02 -3.052960000000000118e-01
3.250089999999999923e-02 -3.033069999999999933e-01
3.271170000000000327e-02 -3.013179999999999747e-01
3.292520000000000169e-02 -2.993299999999999850e-01
3.314140000000000141e-02 -2.973419999999999952e-01
3.336050000000000126e-02 -2.953540000000000054e-01
3.358250000000000124e-02 -2.933660000000000156e-01
3.380740000000000134e-02 -2.913789999999999991e-01
3.403529999999999750e-02 -2.893919999999999826e-01
3.426619999999999666e-02 -2.874050000000000216e-01
3.450029999999999764e-02 -2.854189999999999783e-01
3.473749999999999755e-02 -2.834329999999999905e-01
3.497800000000000215e-02 -2.814470000000000027e-01
3.522170000000000162e-02 -2.794619999999999882e-01
3.546889999999999765e-02 -2.774780000000000024e-01
3.571939999999999837e-02 -2.754929999999999879e-01
3.597349999999999853e-02 -2.735099999999999754e-01
3.623110000000000219e-02 -2.715259999999999896e-01
3.649240000000000123e-02 -2.695440000000000058e-01
3.675749999999999851e-02 -2.675609999999999933e-01
3.702629999999999810e-02 -2.655790000000000095e-01
3.729899999999999882e-02 -2.635979999999999990e-01
3.757569999999999660e-02 -2.616169999999999884e-01
3.785639999999999838e-02 -2.596370000000000067e-01
3.814130000000000298e-02 -2.576570000000000249e-01
3.843040000000000345e-02 -2.556780000000000164e-01
3.872380000000000266e-02 -2.536999999999999811e-01
3.902159999999999657e-02 -2.517220000000000013e-01
3.932399999999999785e-02 -2.497449999999999948e-01
3.963089999999999669e-02 -2.477689999999999892e-01
3.994260000000000171e-02 -2.457930000000000115e-01
4.025900000000000312e-02 -2.438190000000000079e-01
4.058040000000000258e-02 -2.418450000000000044e-01
4.090680000000000011e-02 -2.398710000000000009e-01
4.123840000000000144e-02 -2.378989999999999994e-01
4.157519999999999966e-02 -2.359279999999999988e-01
4.191740000000000049e-02 -2.339569999999999983e-01
4.226509999999999989e-02 -2.319879999999999998e-01
4.261849999999999666e-02 -2.300190000000000012e-01
4.297759999999999775e-02 -2.280520000000000047e-01
4.334249999999999908e-02 -2.260850000000000082e-01
4.371359999999999829e-02 -2.241200000000000137e-01
4.409079999999999944e-02 -2.221559999999999924e-01
4.447430000000000133e-02 -2.201929999999999998e-01
4.486430000000000279e-02 -2.182310000000000083e-01
4.526089999999999974e-02 -2.162709999999999910e-01
4.566429999999999795e-02 -2.143120000000000025e-01
4.607460000000000028e-02 -2.123549999999999882e-01
4.649199999999999861e-02 -2.103990000000000027e-01
4.691680000000000156e-02 -2.084439999999999904e-01
4.734900000000000220e-02 -2.064910000000000079e-01
4.778879999999999934e-02 -2.045399999999999996e-01
4.823639999999999872e-02 -2.025909999999999933e-01
4.869210000000000205e-02 -2.006439999999999890e-01
4.915599999999999831e-02 -1.986980000000000135e-01
4.962830000000000019e-02 -1.967550000000000132e-01
5.010919999999999958e-02 -1.948129999999999862e-01
5.059899999999999815e-02 -1.928739999999999899e-01
5.109779999999999878e-02 -1.909369999999999956e-01
5.160590000000000316e-02 -1.890030000000000043e-01
5.212350000000000316e-02 -1.870709999999999873e-01
5.265090000000000048e-02 -1.851420000000000010e-01
5.318819999999999798e-02 -1.832149999999999890e-01
5.373580000000000023e-02 -1.812920000000000087e-01
5.429389999999999911e-02 -1.793710000000000027e-01
5.486270000000000036e-02 -1.774540000000000006e-01
5.544260000000000160e-02 -1.755390000000000006e-01
5.603380000000000166e-02 -1.736290000000000056e-01
5.663649999999999934e-02 -1.717220000000000135e-01
5.725109999999999921e-02 -1.698179999999999967e-01
5.787780000000000008e-02 -1.679190000000000127e-01
5.851689999999999670e-02 -1.660240000000000049e-01
5.916880000000000056e-02 -1.641330000000000011e-01
5.983379999999999949e-02 -1.622470000000000023e-01
6.051209999999999922e-02 -1.603650000000000075e-01
6.120409999999999739e-02 -1.584889999999999910e-01
6.191010000000000263e-02 -1.566170000000000062e-01
6.263040000000000274e-02 -1.547509999999999997e-01
6.336529999999999940e-02 -1.528909999999999991e-01
6.411519999999999719e-02 -1.510370000000000046e-01
6.488049999999999373e-02 -1.491889999999999883e-01
6.566130000000000577e-02 -1.473470000000000057e-01
6.645819999999999506e-02 -1.455130000000000035e-01
6.727139999999999509e-02 -1.436860000000000082e-01
6.810120000000000062e-02 -1.418659999999999921e-01
6.894799999999999540e-02 -1.400540000000000118e-01
6.981210000000000193e-02 -1.382500000000000118e-01
7.069390000000000396e-02 -1.364539999999999920e-01
7.159369999999999623e-02 -1.346680000000000099e-01
7.251169999999999838e-02 -1.328910000000000091e-01
7.344829999999999415e-02 -1.311229999999999896e-01
7.440380000000000604e-02 -1.293660000000000088e-01
7.537839999999999818e-02 -1.276190000000000102e-01
7.637249999999999595e-02 -1.258839999999999959e-01
7.738630000000000508e-02 -1.241590000000000055e-01
7.842010000000000647e-02 -1.224470000000000003e-01
7.947400000000000297e-02 -1.207469999999999932e-01
8.054840000000000610e-02 -1.190599999999999992e-01
8.164330000000000198e-02 -1.173860000000000042e-01
8.275889999999999636e-02 -1.157249999999999945e-01
8.389539999999999498e-02 -1.140789999999999998e-01
8.505290000000000072e-02 -1.124480000000000063e-01
8.623150000000000259e-02 -1.108320000000000000e-01
8.743130000000000346e-02 -1.092309999999999948e-01
8.865220000000000045e-02 -1.076470000000000066e-01
8.989429999999999643e-02 -1.060790000000000066e-01
9.115769999999999429e-02 -1.045279999999999959e-01
9.244719999999999327e-02 -1.029989999999999933e-01
9.376270000000000437e-02 -1.014919999999999989e-01
9.509389999999999510e-02 -1.000000000000000056e-01
9.643530000000000157e-02 -9.851690000000000447e-02
9.779219999999999580e-02 -9.704790000000000638e-02
9.917479999999999352e-02 -9.560259999999999592e-02
1.005830000000000057e-01 -9.418150000000000133e-02
1.020100000000000035e-01 -9.278039999999999898e-02
1.034569999999999934e-01 -9.139940000000000564e-02
1.049240000000000034e-01 -9.003880000000000217e-02
1.064090000000000036e-01 -8.869879999999999431e-02
1.079119999999999940e-01 -8.737960000000000171e-02
1.094340000000000035e-01 -8.608119999999999661e-02
1.109730000000000022e-01 -8.480369999999999575e-02
1.125290000000000040e-01 -8.354739999999999389e-02
1.141029999999999961e-01 -8.231209999999999916e-02
1.156920000000000032e-01 -8.109790000000000054e-02
1.172969999999999985e-01 -7.990479999999999805e-02
1.189179999999999959e-01 -7.873270000000000268e-02
1.205539999999999945e-01 -7.758149999999999769e-02
1.222039999999999932e-01 -7.645109999999999406e-02
1.238680000000000059e-01 -7.534150000000000569e-02
1.255449999999999899e-01 -7.425239999999999618e-02
1.272359999999999880e-01 -7.318360000000000143e-02
1.289389999999999981e-01 -7.213500000000000467e-02
1.306539999999999924e-01 -7.110640000000000016e-02
1.323809999999999987e-01 -7.009740000000000415e-02
1.341189999999999882e-01 -6.910789999999999988e-02
1.358679999999999888e-01 -6.813750000000000362e-02
1.376269999999999993e-01 -6.718599999999999572e-02
1.393959999999999921e-01 -6.625309999999999533e-02
1.411749999999999949e-01 -6.533849999999999381e-02
1.429620000000000057e-01 -6.444189999999999641e-02
1.447589999999999988e-01 -6.356290000000000551e-02
1.465629999999999988e-01 -6.270130000000000148e-02
1.483760000000000079e-01 -6.185659999999999770e-02
1.501959999999999962e-01 -6.102860000000000229e-02
1.520239999999999925e-01 -6.021699999999999969e-02
1.538589999999999958e-01 -5.942130000000000328e-02
1.557000000000000051e-01 -5.864140000000000325e-02
1.575479999999999936e-01 -5.787670000000000314e-02
1.594019999999999881e-01 -5.712710000000000010e-02
1.612619999999999887e-01 -5.639210000000000056e-02
1.631269999999999942e-01 -5.567140000000000283e-02
1.649980000000000058e-01 -5.496480000000000116e-02
1.668739999999999946e-01 -5.427180000000000198e-02
1.687539999999999873e-01 -5.359219999999999956e-02
1.706399999999999861e-01 -5.292569999999999913e-02
1.725289999999999879e-01 -5.227190000000000308e-02
1.744229999999999947e-01 -5.163059999999999872e-02
1.763220000000000065e-01 -5.100140000000000229e-02
1.782239999999999935e-01 -5.038410000000000111e-02
1.801290000000000113e-01 -4.977829999999999755e-02
1.820390000000000064e-01 -4.918379999999999974e-02
1.839510000000000034e-01 -4.860040000000000193e-02
1.858670000000000044e-01 -4.802769999999999956e-02
1.877860000000000085e-01 -4.746550000000000075e-02
1.897079999999999878e-01 -4.691349999999999687e-02
1.916329999999999978e-01 -4.637150000000000299e-02
1.935600000000000098e-01 -4.583919999999999662e-02
1.954899999999999971e-01 -4.531639999999999974e-02
1.974229999999999874e-01 -4.480289999999999967e-02
1.993580000000000074e-01 -4.429840000000000166e-02
2.012950000000000017e-01 -4.380269999999999997e-02
2.032339999999999980e-01 -4.331560000000000271e-02
2.051759999999999973e-01 -4.283700000000000008e-02
2.071189999999999976e-01 -4.236650000000000138e-02
2.090650000000000008e-01 -4.190390000000000087e-02
2.110120000000000051e-01 -4.144919999999999854e-02
2.129610000000000114e-01 -4.100209999999999966e-02
2.149119999999999919e-01 -4.056230000000000252e-02
2.168640000000000012e-01 -4.012990000000000307e-02
2.188180000000000125e-01 -3.970449999999999674e-02
2.207729999999999970e-01 -3.928589999999999860e-02
2.227300000000000113e-01 -3.887410000000000171e-02
2.246879999999999988e-01 -3.846890000000000032e-02
2.266469999999999874e-01 -3.807010000000000255e-02
2.286080000000000056e-01 -3.767750000000000266e-02
2.305699999999999972e-01 -3.729110000000000064e-02
2.325329999999999897e-01 -3.691060000000000174e-02
2.344970000000000110e-01 -3.653590000000000310e-02
2.364630000000000065e-01 -3.616699999999999776e-02
2.384290000000000020e-01 -3.580359999999999793e-02
2.403959999999999986e-01 -3.544560000000000072e-02
2.423639999999999961e-01 -3.509290000000000326e-02
2.443339999999999956e-01 -3.474540000000000267e-02
2.463039999999999952e-01 -3.440300000000000302e-02
2.482749999999999957e-01 -3.406549999999999856e-02
2.502460000000000240e-01 -3.373280000000000028e-02
2.522190000000000265e-01 -3.340479999999999838e-02
2.541919999999999735e-01 -3.308149999999999979e-02
2.561660000000000048e-01 -3.276269999999999877e-02
2.581410000000000093e-01 -3.244829999999999937e-02
2.601160000000000139e-01 -3.213810000000000278e-02
2.620930000000000204e-01 -3.183219999999999800e-02
2.640689999999999982e-01 -3.153040000000000009e-02
2.660469999999999779e-01 -3.123269999999999866e-02
2.680239999999999845e-01 -3.093879999999999894e-02
2.700029999999999930e-01 -3.064889999999999975e-02
2.719820000000000015e-01 -3.036260000000000001e-02
2.739619999999999833e-01 -3.008009999999999851e-02
2.759420000000000206e-01 -2.980110000000000051e-02
2.779220000000000024e-01 -2.952569999999999847e-02
2.799030000000000129e-01 -2.925370000000000054e-02
2.818849999999999967e-01 -2.898509999999999975e-02
2.838669999999999805e-01 -2.871970000000000078e-02
2.858490000000000197e-01 -2.845759999999999956e-02
2.878319999999999768e-01 -2.819860000000000075e-02
2.898149999999999893e-01 -2.794270000000000087e-02
2.917989999999999751e-01 -2.768989999999999993e-02
2.937830000000000163e-01 -2.743989999999999971e-02
2.957670000000000021e-01 -2.719279999999999961e-02
2.977520000000000167e-01 -2.694859999999999964e-02
2.997369999999999757e-01 -2.670710000000000098e-02
