0.0608731 0.01 0.01 2 6 1
0.0691186 0.0273382 0.0273382 2 6 1
0.0728148 0.0363461 0.0363461 2 6 1
0.0762885 0.0455079 0.0455079 2 6 1
0.0795713 0.0547859 0.0547859 2 6 1
0.0826887 0.0641537 0.0641537 2 6 1
0.0856615 0.0735928 0.0735928 2 6 1
0.0885069 0.0830897 0.0830897 2 6 1
0.0912389 0.0926341 0.0926341 2 6 1
0.0939707 0.102178 0.102178 2 6 1
0.0965006 0.111804 0.111804 2 6 1
0.0989485 0.121456 0.121456 2 6 1
0.101322 0.131132 0.131132 2 6 1
0.103627 0.140829 0.140829 2 6 1
0.10587 0.150544 0.150544 2 6 1
0.108054 0.160276 0.160276 2 6 1
0.110184 0.170022 0.170022 2 6 1
0.112264 0.179782 0.179782 2 6 1
0.114297 0.189554 0.189554 2 6 1
0.116286 0.199337 0.199337 2 6 1
0.118233 0.209129 0.209129 2 6 1
0.120142 0.218931 0.218931 2 6 1
0.122013 0.228741 0.228741 2 6 1
0.12385 0.238558 0.238558 2 6 1
0.125655 0.248383 0.248383 2 6 1
0.127427 0.258214 0.258214 2 6 1
0.129171 0.268051 0.268051 2 6 1
0.130885 0.277894 0.277894 2 6 1
0.132573 0.287742 0.287742 2 6 1
0.134236 0.297595 0.297595 2 6 1
0.135873 0.307453 0.307453 2 6 1
0.137487 0.317315 0.317315 2 6 1
0.139078 0.327181 0.327181 2 6 1
0.140648 0.337052 0.337052 2 6 1
0.142197 0.346925 0.346925 2 6 1
0.143726 0.356803 0.356803 2 6 1
0.145235 0.366683 0.366683 2 6 1
0.146726 0.376567 0.376567 2 6 1
0.148199 0.386453 0.386453 2 6 1
0.149655 0.396343 0.396343 2 6 1
0.151094 0.406235 0.406235 2 6 1
0.152516 0.416129 0.416129 2 6 1
0.153924 0.426026 0.426026 2 6 1
0.155316 0.435925 0.435925 2 6 1
0.156693 0.445827 0.445827 2 6 1
0.158056 0.45573 0.45573 2 6 1
0.159406 0.465636 0.465636 2 6 1
0.160742 0.475544 0.475544 2 6 1
0.162065 0.485453 0.485453 2 6 1
0.163375 0.495364 0.495364 2 6 1
0.164673 0.505277 0.505277 2 6 1
0.16596 0.515192 0.515192 2 6 1
0.167234 0.525108 0.525108 2 6 1
0.168498 0.535026 0.535026 2 6 1
0.16975 0.544945 0.544945 2 6 1
0.170992 0.554866 0.554866 2 6 1
0.172223 0.564788 0.564788 2 6 1
0.173444 0.574712 0.574712 2 6 1
0.174655 0.584636 0.584636 2 6 1
0.175856 0.594562 0.594562 2 6 1
0.177048 0.60449 0.60449 2 6 1
0.17823 0.614418 0.614418 2 6 1
0.179404 0.624347 0.624347 2 6 1
0.180568 0.634278 0.634278 2 6 1
0.181724 0.644209 0.644209 2 6 1
0.182872 0.654142 0.654142 2 6 1
0.184011 0.664076 0.664076 2 6 1
0.185142 0.67401 0.67401 2 6 1
0.186265 0.683946 0.683946 2 6 1
0.187381 0.693882 0.693882 2 6 1
0.188488 0.70382 0.70382 2 6 1
0.189589 0.713758 0.713758 2 6 1
0.190682 0.723697 0.723697 2 6 1
0.191768 0.733637 0.733637 2 6 1
0.192846 0.743578 0.743578 2 6 1
0.193918 0.753519 0.753519 2 6 1
0.194983 0.763461 0.763461 2 6 1
0.196042 0.773404 0.773404 2 6 1
0.197094 0.783348 0.783348 2 6 1
0.198139 0.793292 0.793292 2 6 1
0.199179 0.803237 0.803237 2 6 1
0.200212 0.813183 0.813183 2 6 1
0.201239 0.82313 0.82313 2 6 1
0.20226 0.833077 0.833077 2 6 1
0.203275 0.843024 0.843024 2 6 1
0.204285 0.852972 0.852972 2 6 1
0.205288 0.862921 0.862921 2 6 1
0.206287 0.872871 0.872871 2 6 1
0.207279 0.882821 0.882821 2 6 1
0.208267 0.892771 0.892771 2 6 1
0.209249 0.902722 0.902722 2 6 1
0.210226 0.912674 0.912674 2 6 1
0.211197 0.922626 0.922626 2 6 1
0.212164 0.932579 0.932579 2 6 1
0.213126 0.942532 0.942532 2 6 1
0.214083 0.952485 0.952485 2 6 1
0.215034 0.962439 0.962439 2 6 1
0.215982 0.972394 0.972394 2 6 1
0.216924 0.982349 0.982349 2 6 1
0.217862 0.992304 0.992304 2 6 1
0.218795 1.00226 1.00226 2 6 1
0.219724 1.01222 1.01222 2 6 1
0.220649 1.02217 1.02217 2 6 1
0.221569 1.03213 1.03213 2 6 1
0.222484 1.04209 1.04209 2 6 1
0.223396 1.05205 1.05205 2 6 1
0.224303 1.062 1.062 2 6 1
0.225207 1.07196 1.07196 2 6 1
0.226106 1.08192 1.08192 2 6 1
0.227001 1.09188 1.09188 2 6 1
0.227892 1.10184 1.10184 2 6 1
0.228779 1.1118 1.1118 2 6 1
0.229663 1.12176 1.12176 2 6 1
0.230542 1.13172 1.13172 2 6 1
0.231418 1.14168 1.14168 2 6 1
0.23229 1.15165 1.15165 2 6 1
0.233159 1.16161 1.16161 2 6 1
0.234024 1.17157 1.17157 2 6 1
0.234885 1.18153 1.18153 2 6 1
0.235743 1.1915 1.1915 2 6 1
0.236597 1.20146 1.20146 2 6 1
0.237448 1.21142 1.21142 2 6 1
0.238295 1.22139 1.22139 2 6 1
0.239139 1.23135 1.23135 2 6 1
0.23998 1.24131 1.24131 2 6 1
0.240817 1.25128 1.25128 2 6 1
0.241651 1.26124 1.26124 2 6 1
0.242482 1.27121 1.27121 2 6 1
0.24331 1.28117 1.28117 2 6 1
0.244135 1.29114 1.29114 2 6 1
0.244956 1.30111 1.30111 2 6 1
0.245775 1.31107 1.31107 2 6 1
0.24659 1.32104 1.32104 2 6 1
0.247403 1.33101 1.33101 2 6 1
0.248212 1.34097 1.34097 2 6 1
0.249019 1.35094 1.35094 2 6 1
0.249822 1.36091 1.36091 2 6 1
0.250623 1.37087 1.37087 2 6 1
0.251421 1.38084 1.38084 2 6 1
0.252216 1.39081 1.39081 2 6 1
0.253009 1.40078 1.40078 2 6 1
0.253798 1.41075 1.41075 2 6 1
0.254585 1.42072 1.42072 2 6 1
0.255369 1.43069 1.43069 2 6 1
0.256151 1.44066 1.44066 2 6 1
0.25693 1.45062 1.45062 2 6 1
0.257706 1.46059 1.46059 2 6 1
0.258479 1.47056 1.47056 2 6 1
0.25925 1.48053 1.48053 2 6 1
0.260019 1.4905 1.4905 2 6 1
0.260785 1.50047 1.50047 2 6 1
0.261549 1.51045 1.51045 2 6 1
0.26231 1.52042 1.52042 2 6 1
0.263068 1.53039 1.53039 2 6 1
0.263825 1.54036 1.54036 2 6 1
0.264578 1.55033 1.55033 2 6 1
0.26533 1.5603 1.5603 2 6 1
0.266079 1.57027 1.57027 2 6 1
0.266826 1.58025 1.58025 2 6 1
0.26757 1.59022 1.59022 2 6 1
0.268312 1.60019 1.60019 2 6 1
0.269052 1.61016 1.61016 2 6 1
0.26979 1.62013 1.62013 2 6 1
0.270525 1.63011 1.63011 2 6 1
0.271258 1.64008 1.64008 2 6 1
0.27199 1.65005 1.65005 2 6 1
0.272718 1.66003 1.66003 2 6 1
0.273445 1.67 1.67 2 6 1
0.27417 1.67997 1.67997 2 6 1
0.274892 1.68995 1.68995 2 6 1
0.275613 1.69992 1.69992 2 6 1
0.276331 1.7099 1.7099 2 6 1
0.277047 1.71987 1.71987 2 6 1
0.277761 1.72984 1.72984 2 6 1
0.278474 1.73982 1.73982 2 6 1
0.279184 1.74979 1.74979 2 6 1
0.279892 1.75977 1.75977 2 6 1
0.280598 1.76974 1.76974 2 6 1
0.281303 1.77972 1.77972 2 6 1
0.282005 1.78969 1.78969 2 6 1
0.282706 1.79967 1.79967 2 6 1
0.283404 1.80964 1.80964 2 6 1
0.284101 1.81962 1.81962 2 6 1
0.284796 1.8296 1.8296 2 6 1
0.285488 1.83957 1.83957 2 6 1
0.28618 1.84955 1.84955 2 6 1
0.286869 1.85952 1.85952 2 6 1
0.287556 1.8695 1.8695 2 6 1
0.288242 1.87948 1.87948 2 6 1
0.288926 1.88945 1.88945 2 6 1
0.289608 1.89943 1.89943 2 6 1
0.290288 1.90941 1.90941 2 6 1
0.290967 1.91938 1.91938 2 6 1
0.291643 1.92936 1.92936 2 6 1
0.292318 1.93934 1.93934 2 6 1
0.292992 1.94931 1.94931 2 6 1
0.293664 1.95929 1.95929 2 6 1
0.294334 1.96927 1.96927 2 6 1
0.295002 1.97925 1.97925 2 6 1
0.295669 1.98922 1.98922 2 6 1
0.0608731 0.01 0.01 2 6 1
0.0511368 -0.00558514 -0.00558514 2 6 1
0.0456119 -0.0120673 -0.0120673 2 6 1
0.0398406 -0.017005 -0.017005 2 6 1
0.0339418 -0.0201289 -0.0201289 2 6 1
0.0283211 -0.021288 -0.021288 2 6 1
0.0231311 -0.020786 -0.020786 2 6 1
0.0185839 -0.0190971 -0.0190971 2 6 1
0.0144999 -0.0165823 -0.0165823 2 6 1
0.0108115 -0.0134989 -0.0134989 2 6 1
0.0074544 -0.0100212 -0.0100212 2 6 1
0.00437345 -0.00626509 -0.00626509 2 6 1
0.00153708 -0.00232802 -0.00232802 2 6 1
-0.00118287 0.0018817 0.0018817 2 6 1
-0.00368006 0.006121 0.006121 2 6 1
-0.00605469 0.0104869 0.0104869 2 6 1
-0.00831955 0.0149562 0.0149562 2 6 1
-0.0105841 0.0194249 0.0194249 2 6 1
-0.0126637 0.0240906 0.0240906 2 6 1
-0.0146764 0.0288468 0.0288468 2 6 1
-0.0166367 0.0337058 0.0337058 2 6 1
-0.0185528 0.0386737 0.0386737 2 6 1
-0.0204328 0.0437592 0.0437592 2 6 1
-0.0222841 0.0489724 0.0489724 2 6 1
-0.0241129 0.0543237 0.0543237 2 6 1
-0.025925 0.0598245 0.0598245 2 6 1
-0.0277253 0.0654859 0.0654859 2 6 1
-0.029518 0.071319 0.071319 2 6 1
-0.0313067 0.0773346 0.0773346 2 6 1
-0.0330945 0.0835427 0.0835427 2 6 1
-0.0348834 0.0899513 0.0899513 2 6 1
-0.0366752 0.0965685 0.0965685 2 6 1
-0.0384707 0.103398 0.103398 2 6 1
-0.0402702 0.110444 0.110444 2 6 1
-0.0420732 0.117706 0.117706 2 6 1
-0.0438787 0.125181 0.125181 2 6 1
-0.0456853 0.132865 0.132865 2 6 1
-0.047491 0.140749 0.140749 2 6 1
-0.0492936 0.148824 0.148824 2 6 1
-0.0510911 0.157079 0.157079 2 6 1
-0.0528808 0.1655 0.1655 2 6 1
-0.0546608 0.174075 0.174075 2 6 1
-0.0564288 0.18279 0.18279 2 6 1
-0.0581831 0.191632 0.191632 2 6 1
-0.0599222 0.200588 0.200588 2 6 1
-0.0616447 0.209647 0.209647 2 6 1
-0.0633495 0.218796 0.218796 2 6 1
-0.0650358 0.228027 0.228027 2 6 1
-0.0667032 0.237329 0.237329 2 6 1
-0.0683512 0.246696 0.246696 2 6 1
-0.0699796 0.256119 0.256119 2 6 1
-0.0715884 0.265593 0.265593 2 6 1
-0.0731776 0.275111 0.275111 2 6 1
-0.0747473 0.284668 0.284668 2 6 1
-0.0762979 0.294261 0.294261 2 6 1
-0.0778295 0.303885 0.303885 2 6 1
-0.0793425 0.313537 0.313537 2 6 1
-0.0808372 0.323214 0.323214 2 6 1
-0.0823141 0.332914 0.332914 2 6 1
-0.0837736 0.342634 0.342634 2 6 1
-0.085216 0.352371 0.352371 2 6 1
-0.0866418 0.362126 0.362126 2 6 1
-0.0880514 0.371894 0.371894 2 6 1
-0.0894451 0.381677 0.381677 2 6 1
-0.0908235 0.391471 0.391471 2 6 1
-0.0921869 0.401277 0.401277 2 6 1
-0.0935358 0.411092 0.411092 2 6 1
-0.0948704 0.420917 0.420917 2 6 1
-0.0961912 0.43075 0.43075 2 6 1
-0.0974985 0.440591 0.440591 2 6 1
-0.0987927 0.450439 0.450439 2 6 1
-0.100074 0.460294 0.460294 2 6 1
-0.101343 0.470155 0.470155 2 6 1
-0.1026 0.480021 0.480021 2 6 1
-0.103845 0.489893 0.489893 2 6 1
-0.105079 0.49977 0.49977 2 6 1
-0.106301 0.509651 0.509651 2 6 1
-0.107512 0.519536 0.519536 2 6 1
-0.108713 0.529425 0.529425 2 6 1
-0.109903 0.539318 0.539318 2 6 1
-0.111084 0.549214 0.549214 2 6 1
-0.112254 0.559114 0.559114 2 6 1
-0.113414 0.569017 0.569017 2 6 1
-0.114565 0.578922 0.578922 2 6 1
-0.115707 0.58883 0.58883 2 6 1
-0.11684 0.598741 0.598741 2 6 1
-0.117964 0.608654 0.608654 2 6 1
-0.119079 0.618569 0.618569 2 6 1
-0.120186 0.628487 0.628487 2 6 1
-0.121285 0.638407 0.638407 2 6 1
-0.122375 0.648328 0.648328 2 6 1
-0.123458 0.658252 0.658252 2 6 1
-0.124532 0.668177 0.668177 2 6 1
-0.125599 0.678104 0.678104 2 6 1
-0.126659 0.688032 0.688032 2 6 1
-0.127712 0.697962 0.697962 2 6 1
-0.128757 0.707893 0.707893 2 6 1
-0.129795 0.717826 0.717826 2 6 1
-0.130827 0.72776 0.72776 2 6 1
-0.131851 0.737696 0.737696 2 6 1
-0.132869 0.747632 0.747632 2 6 1
-0.133881 0.75757 0.75757 2 6 1
-0.134886 0.767509 0.767509 2 6 1
-0.135885 0.777449 0.777449 2 6 1
-0.136878 0.78739 0.78739 2 6 1
-0.137864 0.797332 0.797332 2 6 1
-0.138845 0.807275 0.807275 2 6 1
-0.13982 0.817219 0.817219 2 6 1
-0.14079 0.827164 0.827164 2 6 1
-0.141753 0.83711 0.83711 2 6 1
-0.142711 0.847057 0.847057 2 6 1
-0.143664 0.857004 0.857004 2 6 1
-0.144611 0.866952 0.866952 2 6 1
-0.145554 0.876901 0.876901 2 6 1
-0.14649 0.886851 0.886851 2 6 1
-0.147422 0.896802 0.896802 2 6 1
-0.148349 0.906753 0.906753 2 6 1
-0.149271 0.916705 0.916705 2 6 1
-0.150188 0.926657 0.926657 2 6 1
-0.1511 0.93661 0.93661 2 6 1
-0.152008 0.946564 0.946564 2 6 1
-0.152911 0.956518 0.956518 2 6 1
-0.153809 0.966473 0.966473 2 6 1
-0.154703 0.976429 0.976429 2 6 1
-0.155593 0.986385 0.986385 2 6 1
-0.156478 0.996341 0.996341 2 6 1
-0.157359 1.0063 1.0063 2 6 1
-0.158235 1.01626 1.01626 2 6 1
-0.159108 1.02621 1.02621 2 6 1
-0.159976 1.03617 1.03617 2 6 1
-0.16084 1.04613 1.04613 2 6 1
-0.1617 1.05609 1.05609 2 6 1
-0.162556 1.06605 1.06605 2 6 1
-0.163409 1.07601 1.07601 2 6 1
-0.164257 1.08597 1.08597 2 6 1
-0.165102 1.09593 1.09593 2 6 1
-0.165943 1.1059 1.1059 2 6 1
-0.16678 1.11586 1.11586 2 6 1
-0.167614 1.12582 1.12582 2 6 1
-0.168444 1.13578 1.13578 2 6 1
-0.16927 1.14575 1.14575 2 6 1
-0.170093 1.15571 1.15571 2 6 1
-0.170913 1.16567 1.16567 2 6 1
-0.171729 1.17564 1.17564 2 6 1
-0.172542 1.1856 1.1856 2 6 1
-0.173351 1.19557 1.19557 2 6 1
-0.174157 1.20553 1.20553 2 6 1
-0.17496 1.2155 1.2155 2 6 1
-0.175759 1.22546 1.22546 2 6 1
-0.176556 1.23543 1.23543 2 6 1
-0.177349 1.2454 1.2454 2 6 1
-0.178139 1.25536 1.25536 2 6 1
-0.178926 1.26533 1.26533 2 6 1
-0.17971 1.2753 1.2753 2 6 1
-0.180491 1.28527 1.28527 2 6 1
-0.181269 1.29523 1.29523 2 6 1
-0.182045 1.3052 1.3052 2 6 1
-0.182817 1.31517 1.31517 2 6 1
-0.183586 1.32514 1.32514 2 6 1
-0.184353 1.33511 1.33511 2 6 1
-0.185116 1.34508 1.34508 2 6 1
-0.185877 1.35505 1.35505 2 6 1
-0.186636 1.36502 1.36502 2 6 1
-0.187391 1.37499 1.37499 2 6 1
-0.188144 1.38496 1.38496 2 6 1
-0.188894 1.39493 1.39493 2 6 1
-0.189642 1.4049 1.4049 2 6 1
-0.190387 1.41487 1.41487 2 6 1
-0.191129 1.42484 1.42484 2 6 1
-0.191869 1.43481 1.43481 2 6 1
-0.192606 1.44478 1.44478 2 6 1
-0.193341 1.45476 1.45476 2 6 1
-0.194073 1.46473 1.46473 2 6 1
-0.194803 1.4747 1.4747 2 6 1
-0.19553 1.48467 1.48467 2 6 1
-0.196255 1.49465 1.49465 2 6 1
-0.196978 1.50462 1.50462 2 6 1
-0.197698 1.51459 1.51459 2 6 1
-0.198416 1.52456 1.52456 2 6 1
-0.199132 1.53454 1.53454 2 6 1
-0.199845 1.54451 1.54451 2 6 1
-0.200556 1.55449 1.55449 2 6 1
-0.201265 1.56446 1.56446 2 6 1
-0.201972 1.57443 1.57443 2 6 1
-0.202676 1.58441 1.58441 2 6 1
-0.203379 1.59438 1.59438 2 6 1
-0.204079 1.60436 1.60436 2 6 1
-0.204777 1.61433 1.61433 2 6 1
-0.205472 1.62431 1.62431 2 6 1
-0.206166 1.63428 1.63428 2 6 1
-0.206858 1.64426 1.64426 2 6 1
-0.207547 1.65423 1.65423 2 6 1
-0.208235 1.66421 1.66421 2 6 1
-0.20892 1.67418 1.67418 2 6 1
-0.209604 1.68416 1.68416 2 6 1
-0.210285 1.69414 1.69414 2 6 1
-0.210965 1.70411 1.70411 2 6 1
-0.211643 1.71409 1.71409 2 6 1
-0.212318 1.72407 1.72407 2 6 1
-0.212992 1.73404 1.73404 2 6 1
