0.075465 -0.01 -0.01 2 4 1
0.0774544 -0.00980645 -0.00980645 2 4 1
0.0794446 -0.00961985 -0.00961985 2 4 1
0.0814358 -0.00944416 -0.00944416 2 4 1
0.0834278 -0.00927846 -0.00927846 2 4 1
0.0854204 -0.00911992 -0.00911992 2 4 1
0.0874135 -0.00896809 -0.00896809 2 4 1
0.0894071 -0.00882252 -0.00882252 2 4 1
0.0914012 -0.00868284 -0.00868284 2 4 1
0.0933956 -0.00854868 -0.00854868 2 4 1
0.0953903 -0.0084197 -0.0084197 2 4 1
0.0973853 -0.00829561 -0.00829561 2 4 1
0.0993807 -0.00817612 -0.00817612 2 4 1
0.101376 -0.00806097 -0.00806097 2 4 1
0.103372 -0.00794993 -0.00794993 2 4 1
0.105368 -0.00784276 -0.00784276 2 4 1
0.107364 -0.00773926 -0.00773926 2 4 1
0.109361 -0.00763925 -0.00763925 2 4 1
0.111357 -0.00754253 -0.00754253 2 4 1
0.113354 -0.00744894 -0.00744894 2 4 1
0.115351 -0.00735834 -0.00735834 2 4 1
0.117348 -0.00727056 -0.00727056 2 4 1
0.119345 -0.00718548 -0.00718548 2 4 1
0.121342 -0.00710297 -0.00710297 2 4 1
0.123339 -0.0070229 -0.0070229 2 4 1
0.125337 -0.00694518 -0.00694518 2 4 1
0.127334 -0.00686968 -0.00686968 2 4 1
0.129332 -0.00679632 -0.00679632 2 4 1
0.13133 -0.006725 -0.006725 2 4 1
0.133327 -0.00665563 -0.00665563 2 4 1
0.135325 -0.00658813 -0.00658813 2 4 1
0.137323 -0.00652242 -0.00652242 2 4 1
0.139321 -0.00645843 -0.00645843 2 4 1
0.141319 -0.00639608 -0.00639608 2 4 1
0.143317 -0.00633532 -0.00633532 2 4 1
0.145315 -0.00627609 -0.00627609 2 4 1
0.147313 -0.00621831 -0.00621831 2 4 1
0.149311 -0.00616194 -0.00616194 2 4 1
0.15131 -0.00610692 -0.00610692 2 4 1
0.153308 -0.0060532 -0.0060532 2 4 1
0.155306 -0.00600074 -0.00600074 2 4 1
0.157304 -0.00594948 -0.00594948 2 4 1
0.159303 -0.0058994 -0.0058994 2 4 1
0.161301 -0.00585043 -0.00585043 2 4 1
0.163299 -0.00580255 -0.00580255 2 4 1
0.165298 -0.00575572 -0.00575572 2 4 1
0.167296 -0.0057099 -0.0057099 2 4 1
0.169295 -0.00566506 -0.00566506 2 4 1
0.171293 -0.00562116 -0.00562116 2 4 1
0.173292 -0.00557818 -0.00557818 2 4 1
0.17529 -0.00553608 -0.00553608 2 4 1
0.177289 -0.00549484 -0.00549484 2 4 1
0.179288 -0.00545442 -0.00545442 2 4 1
0.181286 -0.00541481 -0.00541481 2 4 1
0.183285 -0.00537598 -0.00537598 2 4 1
0.185283 -0.0053379 -0.0053379 2 4 1
0.187282 -0.00530056 -0.00530056 2 4 1
0.189281 -0.00526392 -0.00526392 2 4 1
0.19128 -0.00522797 -0.00522797 2 4 1
0.193278 -0.00519269 -0.00519269 2 4 1
0.195277 -0.00515806 -0.00515806 2 4 1
0.197276 -0.00512406 -0.00512406 2 4 1
0.199274 -0.00509067 -0.00509067 2 4 1
0.201273 -0.00505787 -0.00505787 2 4 1
0.203272 -0.00502566 -0.00502566 2 4 1
0.205271 -0.004994 -0.004994 2 4 1
0.20727 -0.0049629 -0.0049629 2 4 1
0.209268 -0.00493232 -0.00493232 2 4 1
0.211267 -0.00490226 -0.00490226 2 4 1
0.213266 -0.00487271 -0.00487271 2 4 1
0.215265 -0.00484365 -0.00484365 2 4 1
0.217264 -0.00481506 -0.00481506 2 4 1
0.219263 -0.00478695 -0.00478695 2 4 1
0.221261 -0.00475928 -0.00475928 2 4 1
0.22326 -0.00473206 -0.00473206 2 4 1
0.225259 -0.00470527 -0.00470527 2 4 1
0.227258 -0.0046789 -0.0046789 2 4 1
0.229257 -0.00465294 -0.00465294 2 4 1
0.231256 -0.00462738 -0.00462738 2 4 1
0.233255 -0.00460221 -0.00460221 2 4 1
0.235254 -0.00457742 -0.00457742 2 4 1
0.237253 -0.00455301 -0.00455301 2 4 1
0.239252 -0.00452895 -0.00452895 2 4 1
0.24125 -0.00450526 -0.00450526 2 4 1
0.243249 -0.00448191 -0.00448191 2 4 1
0.245248 -0.00445889 -0.00445889 2 4 1
0.247247 -0.00443621 -0.00443621 2 4 1
0.249246 -0.00441385 -0.00441385 2 4 1
0.251245 -0.00439181 -0.00439181 2 4 1
0.253244 -0.00437008 -0.00437008 2 4 1
0.255243 -0.00434865 -0.00434865 2 4 1
0.257242 -0.00432752 -0.00432752 2 4 1
0.259241 -0.00430667 -0.00430667 2 4 1
0.26124 -0.00428611 -0.00428611 2 4 1
0.263239 -0.00426582 -0.00426582 2 4 1
0.265238 -0.00424581 -0.00424581 2 4 1
0.267237 -0.00422606 -0.00422606 2 4 1
0.269236 -0.00420657 -0.00420657 2 4 1
0.271235 -0.00418734 -0.00418734 2 4 1
0.273234 -0.00416835 -0.00416835 2 4 1
0.275233 -0.00414961 -0.00414961 2 4 1
0.277232 -0.00413111 -0.00413111 2 4 1
0.279232 -0.00411285 -0.00411285 2 4 1
0.281231 -0.00409481 -0.00409481 2 4 1
0.28323 -0.004077 -0.004077 2 4 1
0.285229 -0.00405941 -0.00405941 2 4 1
0.287228 -0.00404203 -0.00404203 2 4 1
0.289227 -0.00402487 -0.00402487 2 4 1
0.291226 -0.00400792 -0.00400792 2 4 1
0.293225 -0.00399117 -0.00399117 2 4 1
0.295224 -0.00397462 -0.00397462 2 4 1
0.297223 -0.00395827 -0.00395827 2 4 1
0.299222 -0.00394211 -0.00394211 2 4 1
0.301221 -0.00392614 -0.00392614 2 4 1
0.075465 -0.01 -0.01 2 4 1
0.073476 -0.0101984 -0.0101984 2 4 1
0.0714877 -0.0104042 -0.0104042 2 4 1
0.0695009 -0.0106233 -0.0106233 2 4 1
0.0675156 -0.010857 -0.010857 2 4 1
0.0655319 -0.0111038 -0.0111038 2 4 1
0.0635501 -0.0113648 -0.0113648 2 4 1
0.0615703 -0.0116413 -0.0116413 2 4 1
0.0595929 -0.0119348 -0.0119348 2 4 1
0.0576183 -0.0122468 -0.0122468 2 4 1
0.055647 -0.0125792 -0.0125792 2 4 1
0.0536795 -0.0129339 -0.0129339 2 4 1
0.0517165 -0.0133133 -0.0133133 2 4 1
0.0497589 -0.0137199 -0.0137199 2 4 1
0.0478077 -0.0141566 -0.0141566 2 4 1
0.0458641 -0.0146267 -0.0146267 2 4 1
0.0439297 -0.015134 -0.015134 2 4 1
0.0420063 -0.0156825 -0.0156825 2 4 1
0.0400962 -0.0162769 -0.0162769 2 4 1
0.0382024 -0.0169225 -0.0169225 2 4 1
0.0363284 -0.0176248 -0.0176248 2 4 1
0.0344785 -0.01839 -0.01839 2 4 1
0.0326579 -0.0192245 -0.0192245 2 4 1
0.0308731 -0.020135 -0.020135 2 4 1
0.0291314 -0.0211277 -0.0211277 2 4 1
0.0274413 -0.0222082 -0.0222082 2 4 1
0.025812 -0.0233807 -0.0233807 2 4 1
0.0242531 -0.0246474 -0.0246474 2 4 1
0.0227736 -0.0260078 -0.0260078 2 4 1
0.0213815 -0.0274583 -0.0274583 2 4 1
0.0200821 -0.028993 -0.028993 2 4 1
0.0188781 -0.0306033 -0.0306033 2 4 1
0.0177692 -0.0322797 -0.0322797 2 4 1
0.0167523 -0.0340123 -0.0340123 2 4 1
0.0158226 -0.0357918 -0.0357918 2 4 1
0.0149735 -0.0376098 -0.0376098 2 4 1
0.0141984 -0.0394592 -0.0394592 2 4 1
0.0134902 -0.0413342 -0.0413342 2 4 1
0.0128422 -0.04323 -0.04323 2 4 1
0.0122484 -0.0451426 -0.0451426 2 4 1
0.011703 -0.0470691 -0.0470691 2 4 1
0.011201 -0.0490068 -0.0490068 2 4 1
0.010738 -0.0509539 -0.0509539 2 4 1
0.0103098 -0.0529086 -0.0529086 2 4 1
0.00991298 -0.0548697 -0.0548697 2 4 1
0.00954444 -0.0568362 -0.0568362 2 4 1
0.00920138 -0.0588071 -0.0588071 2 4 1
0.00888139 -0.0607818 -0.0607818 2 4 1
0.00858231 -0.0627597 -0.0627597 2 4 1
0.00830222 -0.0647403 -0.0647403 2 4 1
0.00803944 -0.0667232 -0.0667232 2 4 1
0.00779245 -0.0687081 -0.0687081 2 4 1
0.00755991 -0.0706947 -0.0706947 2 4 1
0.00734061 -0.0726827 -0.0726827 2 4 1
0.00713349 -0.0746721 -0.0746721 2 4 1
0.00693758 -0.0766626 -0.0766626 2 4 1
0.006752 -0.078654 -0.078654 2 4 1
0.00657598 -0.0806463 -0.0806463 2 4 1
0.0064088 -0.0826394 -0.0826394 2 4 1
0.00624983 -0.0846331 -0.0846331 2 4 1
0.00609848 -0.0866274 -0.0866274 2 4 1
0.00595422 -0.0886223 -0.0886223 2 4 1
0.00581658 -0.0906175 -0.0906175 2 4 1
0.00568511 -0.0926132 -0.0926132 2 4 1
0.0055594 -0.0946093 -0.0946093 2 4 1
0.0054391 -0.0966057 -0.0966057 2 4 1
0.00532387 -0.0986024 -0.0986024 2 4 1
0.00521338 -0.100599 -0.100599 2 4 1
0.00510736 -0.102597 -0.102597 2 4 1
0.00500555 -0.104594 -0.104594 2 4 1
0.0049077 -0.106592 -0.106592 2 4 1
0.00481358 -0.108589 -0.108589 2 4 1
0.00472299 -0.110587 -0.110587 2 4 1
0.00463573 -0.112585 -0.112585 2 4 1
0.00455162 -0.114584 -0.114584 2 4 1
0.0044705 -0.116582 -0.116582 2 4 1
0.00439221 -0.118581 -0.118581 2 4 1
0.0043166 -0.120579 -0.120579 2 4 1
0.00424355 -0.122578 -0.122578 2 4 1
0.00417292 -0.124577 -0.124577 2 4 1
0.00410459 -0.126575 -0.126575 2 4 1
0.00403846 -0.128574 -0.128574 2 4 1
0.00397442 -0.130573 -0.130573 2 4 1
0.00391238 -0.132572 -0.132572 2 4 1
0.00385224 -0.134571 -0.134571 2 4 1
0.00379391 -0.136571 -0.136571 2 4 1
0.00373732 -0.13857 -0.13857 2 4 1
0.00368239 -0.140569 -0.140569 2 4 1
0.00362904 -0.142568 -0.142568 2 4 1
0.00357722 -0.144568 -0.144568 2 4 1
0.00352686 -0.146567 -0.146567 2 4 1
0.00347788 -0.148566 -0.148566 2 4 1
0.00343025 -0.150566 -0.150566 2 4 1
0.0033839 -0.152565 -0.152565 2 4 1
0.00333879 -0.154565 -0.154565 2 4 1
0.00329486 -0.156564 -0.156564 2 4 1
0.00325207 -0.158564 -0.158564 2 4 1
0.00321038 -0.160563 -0.160563 2 4 1
0.00316974 -0.162563 -0.162563 2 4 1
0.00313011 -0.164563 -0.164563 2 4 1
0.00309146 -0.166562 -0.166562 2 4 1
0.00305375 -0.168562 -0.168562 2 4 1
0.00301695 -0.170562 -0.170562 2 4 1
0.00298103 -0.172561 -0.172561 2 4 1
0.00294595 -0.174561 -0.174561 2 4 1
0.00291168 -0.176561 -0.176561 2 4 1
0.0028782 -0.17856 -0.17856 2 4 1
0.00284549 -0.18056 -0.18056 2 4 1
0.0028135 -0.18256 -0.18256 2 4 1
0.00278223 -0.18456 -0.18456 2 4 1
0.00275164 -0.186559 -0.186559 2 4 1
0.00272172 -0.188559 -0.188559 2 4 1
0.00269244 -0.190559 -0.190559 2 4 1
0.00266378 -0.192559 -0.192559 2 4 1
0.00263573 -0.194558 -0.194558 2 4 1
0.00260826 -0.196558 -0.196558 2 4 1
0.00258136 -0.198558 -0.198558 2 4 1
0.002555 -0.200558 -0.200558 2 4 1
0.00252918 -0.202558 -0.202558 2 4 1
0.00250387 -0.204558 -0.204558 2 4 1
0.00247907 -0.206557 -0.206557 2 4 1
0.00245475 -0.208557 -0.208557 2 4 1
0.0024309 -0.210557 -0.210557 2 4 1
0.00240752 -0.212557 -0.212557 2 4 1
0.00238457 -0.214557 -0.214557 2 4 1
0.00236206 -0.216557 -0.216557 2 4 1
0.00233997 -0.218557 -0.218557 2 4 1
0.00231829 -0.220557 -0.220557 2 4 1
0.00229701 -0.222556 -0.222556 2 4 1
0.00227611 -0.224556 -0.224556 2 4 1
0.00225559 -0.226556 -0.226556 2 4 1
0.00223544 -0.228556 -0.228556 2 4 1
0.00221565 -0.230556 -0.230556 2 4 1
0.0021962 -0.232556 -0.232556 2 4 1
0.00217709 -0.234556 -0.234556 2 4 1
0.0021583 -0.236556 -0.236556 2 4 1
0.00213984 -0.238556 -0.238556 2 4 1
0.0021217 -0.240556 -0.240556 2 4 1
0.00210386 -0.242555 -0.242555 2 4 1
0.00208631 -0.244555 -0.244555 2 4 1
0.00206906 -0.246555 -0.246555 2 4 1
0.00205208 -0.248555 -0.248555 2 4 1
0.00203539 -0.250555 -0.250555 2 4 1
0.00201896 -0.252555 -0.252555 2 4 1
0.0020028 -0.254555 -0.254555 2 4 1
0.00198689 -0.256555 -0.256555 2 4 1
0.00197124 -0.258555 -0.258555 2 4 1
0.00195582 -0.260555 -0.260555 2 4 1
0.00194065 -0.262555 -0.262555 2 4 1
0.00192571 -0.264555 -0.264555 2 4 1
0.001911 -0.266555 -0.266555 2 4 1
0.00189651 -0.268555 -0.268555 2 4 1
0.00188224 -0.270555 -0.270555 2 4 1
0.00186818 -0.272555 -0.272555 2 4 1
0.00185434 -0.274555 -0.274555 2 4 1
0.00184069 -0.276554 -0.276554 2 4 1
0.00182724 -0.278554 -0.278554 2 4 1
0.00181399 -0.280554 -0.280554 2 4 1
0.00180093 -0.282554 -0.282554 2 4 1
0.00178806 -0.284554 -0.284554 2 4 1
0.00177537 -0.286554 -0.286554 2 4 1
0.00176286 -0.288554 -0.288554 2 4 1
0.00175052 -0.290554 -0.290554 2 4 1
0.00173835 -0.292554 -0.292554 2 4 1
0.00172636 -0.294554 -0.294554 2 4 1
0.00171452 -0.296554 -0.296554 2 4 1
0.00170285 -0.298554 -0.298554 2 4 1
0.00169134 -0.300554 -0.300554 2 4 1
0.00167998 -0.302554 -0.302554 2 4 1
0.00166877 -0.304554 -0.304554 2 4 1
0.00165771 -0.306554 -0.306554 2 4 1
0.00164679 -0.308554 -0.308554 2 4 1
0.00163602 -0.310554 -0.310554 2 4 1
0.00162539 -0.312554 -0.312554 2 4 1
0.0016149 -0.314554 -0.314554 2 4 1
0.00160454 -0.316554 -0.316554 2 4 1
0.00159431 -0.318554 -0.318554 2 4 1
0.00158421 -0.320554 -0.320554 2 4 1
0.00157424 -0.322554 -0.322554 2 4 1
0.00156439 -0.324554 -0.324554 2 4 1
0.00155467 -0.326554 -0.326554 2 4 1
0.00154506 -0.328554 -0.328554 2 4 1
0.00153558 -0.330554 -0.330554 2 4 1
0.00152621 -0.332554 -0.332554 2 4 1
0.00151695 -0.334554 -0.334554 2 4 1
0.00150781 -0.336554 -0.336554 2 4 1
0.00149877 -0.338554 -0.338554 2 4 1
0.00148984 -0.340553 -0.340553 2 4 1
0.00148102 -0.342553 -0.342553 2 4 1
0.0014723 -0.344553 -0.344553 2 4 1
0.00146369 -0.346553 -0.346553 2 4 1
0.00145517 -0.348553 -0.348553 2 4 1
0.00144675 -0.350553 -0.350553 2 4 1
0.00143843 -0.352553 -0.352553 2 4 1
0.0014302 -0.354553 -0.354553 2 4 1
0.00142207 -0.356553 -0.356553 2 4 1
0.00141403 -0.358553 -0.358553 2 4 1
0.00140608 -0.360553 -0.360553 2 4 1
0.00139822 -0.362553 -0.362553 2 4 1
0.00139045 -0.364553 -0.364553 2 4 1
