2.334450000000000067e-02 -1.934309999999999974e+00
2.345080000000000081e-02 -1.924309999999999965e+00
2.355809999999999849e-02 -1.914309999999999956e+00
2.366640000000000063e-02 -1.904320000000000013e+00
2.377560000000000090e-02 -1.894320000000000004e+00
2.388590000000000158e-02 -1.884319999999999995e+00
2.399710000000000037e-02 -1.874319999999999986e+00
2.410939999999999958e-02 -1.864330000000000043e+00
2.422269999999999979e-02 -1.854330000000000034e+00
2.433700000000000099e-02 -1.844330000000000025e+00
2.445239999999999914e-02 -1.834340000000000082e+00
2.456890000000000115e-02 -1.824340000000000073e+00
2.468650000000000011e-02 -1.814340000000000064e+00
2.480510000000000007e-02 -1.804340000000000055e+00
2.492489999999999983e-02 -1.794349999999999890e+00
2.504589999999999941e-02 -1.784350000000000103e+00
2.516789999999999999e-02 -1.774350000000000094e+00
2.529119999999999979e-02 -1.764359999999999928e+00
2.541560000000000000e-02 -1.754359999999999919e+00
2.554120000000000001e-02 -1.744369999999999976e+00
2.566809999999999925e-02 -1.734369999999999967e+00
2.579609999999999889e-02 -1.724369999999999958e+00
2.592550000000000063e-02 -1.714380000000000015e+00
2.605609999999999871e-02 -1.704380000000000006e+00
2.618790000000000007e-02 -1.694379999999999997e+00
2.632110000000000005e-02 -1.684390000000000054e+00
2.645559999999999926e-02 -1.674390000000000045e+00
2.659150000000000055e-02 -1.664400000000000102e+00
2.672870000000000107e-02 -1.654400000000000093e+00
2.686730000000000021e-02 -1.644409999999999927e+00
2.700730000000000144e-02 -1.634409999999999918e+00
2.714870000000000130e-02 -1.624419999999999975e+00
2.729159999999999919e-02 -1.614419999999999966e+00
2.743589999999999918e-02 -1.604419999999999957e+00
2.758170000000000066e-02 -1.594430000000000014e+00
2.772900000000000018e-02 -1.584430000000000005e+00
2.787790000000000060e-02 -1.574440000000000062e+00
2.802829999999999905e-02 -1.564449999999999896e+00
2.818019999999999900e-02 -1.554450000000000109e+00
2.833379999999999926e-02 -1.544459999999999944e+00
2.848900000000000043e-02 -1.534459999999999935e+00
2.864589999999999845e-02 -1.524469999999999992e+00
2.880440000000000084e-02 -1.514469999999999983e+00
2.896460000000000007e-02 -1.504480000000000040e+00
2.912649999999999961e-02 -1.494490000000000096e+00
2.929019999999999888e-02 -1.484490000000000087e+00
2.945570000000000133e-02 -1.474499999999999922e+00
2.962290000000000062e-02 -1.464509999999999978e+00
2.979199999999999904e-02 -1.454509999999999970e+00
2.996300000000000005e-02 -1.444520000000000026e+00
3.013580000000000078e-02 -1.434530000000000083e+00
3.031060000000000004e-02 -1.424539999999999917e+00
3.048729999999999843e-02 -1.414539999999999909e+00
3.066599999999999882e-02 -1.404549999999999965e+00
3.084670000000000120e-02 -1.394560000000000022e+00
3.102939999999999865e-02 -1.384570000000000078e+00
3.121430000000000038e-02 -1.374579999999999913e+00
3.140119999999999717e-02 -1.364589999999999970e+00
3.159019999999999884e-02 -1.354600000000000026e+00
3.178140000000000132e-02 -1.344600000000000017e+00
3.197490000000000054e-02 -1.334610000000000074e+00
3.217049999999999771e-02 -1.324619999999999909e+00
3.236850000000000144e-02 -1.314629999999999965e+00
3.256869999999999904e-02 -1.304640000000000022e+00
3.277139999999999914e-02 -1.294659999999999922e+00
3.297630000000000006e-02 -1.284669999999999979e+00
3.318379999999999941e-02 -1.274680000000000035e+00
3.339360000000000245e-02 -1.264690000000000092e+00
3.360599999999999699e-02 -1.254699999999999926e+00
3.382099999999999690e-02 -1.244709999999999983e+00
3.403849999999999931e-02 -1.234730000000000105e+00
3.425860000000000016e-02 -1.224739999999999940e+00
3.448140000000000233e-02 -1.214749999999999996e+00
3.470689999999999886e-02 -1.204769999999999897e+00
3.493509999999999671e-02 -1.194779999999999953e+00
3.516620000000000162e-02 -1.184800000000000075e+00
3.540009999999999685e-02 -1.174809999999999910e+00
3.563680000000000320e-02 -1.164830000000000032e+00
3.587649999999999867e-02 -1.154840000000000089e+00
3.611919999999999714e-02 -1.144859999999999989e+00
3.636489999999999861e-02 -1.134880000000000111e+00
3.661360000000000309e-02 -1.124900000000000011e+00
3.686550000000000243e-02 -1.114910000000000068e+00
3.712050000000000072e-02 -1.104929999999999968e+00
3.737870000000000081e-02 -1.094950000000000090e+00
3.764019999999999866e-02 -1.084969999999999990e+00
3.790500000000000119e-02 -1.074989999999999890e+00
3.817319999999999741e-02 -1.065020000000000078e+00
3.844469999999999832e-02 -1.055039999999999978e+00
3.871970000000000273e-02 -1.045060000000000100e+00
3.899819999999999676e-02 -1.035090000000000066e+00
3.928029999999999716e-02 -1.025109999999999966e+00
3.956590000000000107e-02 -1.015139999999999931e+00
3.985530000000000322e-02 -1.005160000000000053e+00
4.014829999999999788e-02 -9.951910000000000478e-01
4.044500000000000178e-02 -9.852199999999999847e-01
4.074549999999999700e-02 -9.752490000000000325e-01
4.104990000000000028e-02 -9.652800000000000269e-01
4.135819999999999774e-02 -9.553120000000000500e-01
4.167030000000000040e-02 -9.453449999999999909e-01
4.198650000000000299e-02 -9.353789999999999605e-01
4.230659999999999976e-02 -9.254149999999999876e-01
4.263080000000000341e-02 -9.154520000000000435e-01
4.295910000000000006e-02 -9.054910000000000458e-01
4.329149999999999665e-02 -8.955309999999999659e-01
4.362800000000000011e-02 -8.855720000000000258e-01
4.396869999999999945e-02 -8.756150000000000322e-01
4.431369999999999754e-02 -8.656599999999999850e-01
4.466280000000000250e-02 -8.557069999999999954e-01
4.501610000000000333e-02 -8.457559999999999523e-01
4.537370000000000292e-02 -8.358069999999999666e-01
4.573549999999999838e-02 -8.258600000000000385e-01
4.610149999999999665e-02 -8.159149999999999459e-01
4.647169999999999773e-02 -8.059730000000000505e-01
4.684610000000000163e-02 -7.960329999999999906e-01
4.722470000000000140e-02 -7.860960000000000170e-01
4.760729999999999823e-02 -7.761609999999999898e-01
4.799400000000000194e-02 -7.662299999999999667e-01
4.838470000000000271e-02 -7.563010000000000010e-01
4.877920000000000172e-02 -7.463760000000000394e-01
4.917749999999999899e-02 -7.364549999999999708e-01
4.957949999999999857e-02 -7.265369999999999884e-01
4.998489999999999878e-02 -7.166230000000000100e-01
5.039359999999999673e-02 -7.067130000000000356e-01
5.080550000000000344e-02 -6.968079999999999830e-01
5.122020000000000045e-02 -6.869070000000000453e-01
5.163750000000000284e-02 -6.770110000000000294e-01
5.205710000000000198e-02 -6.671209999999999640e-01
5.247870000000000312e-02 -6.572360000000000424e-01
5.290179999999999882e-02 -6.473569999999999602e-01
5.332599999999999840e-02 -6.374840000000000506e-01
5.375069999999999848e-02 -6.276190000000000380e-01
5.417550000000000143e-02 -6.177599999999999758e-01
5.459959999999999813e-02 -6.079099999999999504e-01
5.502239999999999909e-02 -5.980680000000000440e-01
5.544290000000000329e-02 -5.882340000000000346e-01
5.586030000000000162e-02 -5.784099999999999797e-01
5.627349999999999713e-02 -5.685970000000000191e-01
5.668129999999999696e-02 -5.587940000000000129e-01
5.708239999999999842e-02 -5.490040000000000475e-01
5.747540000000000288e-02 -5.392259999999999831e-01
5.785860000000000308e-02 -5.294609999999999594e-01
5.822999999999999704e-02 -5.197119999999999518e-01
5.858769999999999950e-02 -5.099789999999999601e-01
5.892920000000000103e-02 -5.002630000000000132e-01
5.925199999999999911e-02 -4.905660000000000021e-01
5.955309999999999770e-02 -4.808899999999999841e-01
5.982910000000000311e-02 -4.712359999999999882e-01
6.007640000000000202e-02 -4.616060000000000163e-01
6.029090000000000144e-02 -4.520029999999999881e-01
6.046789999999999804e-02 -4.424290000000000167e-01
6.060209999999999902e-02 -4.328870000000000218e-01
6.068790000000000295e-02 -4.233799999999999786e-01
6.071870000000000045e-02 -4.139120000000000021e-01
6.068719999999999670e-02 -4.044860000000000122e-01
6.058550000000000046e-02 -3.951069999999999860e-01
6.040399999999999936e-02 -3.857780000000000098e-01
6.002070000000000322e-02 -3.765859999999999763e-01
5.963720000000000132e-02 -3.673919999999999964e-01
5.914049999999999863e-02 -3.582719999999999794e-01
5.851739999999999720e-02 -3.492319999999999869e-01
5.775380000000000097e-02 -3.402839999999999754e-01
5.683450000000000307e-02 -3.314380000000000104e-01
5.574350000000000138e-02 -3.227059999999999929e-01
5.446399999999999852e-02 -3.141010000000000191e-01
5.297899999999999832e-02 -3.056369999999999920e-01
5.127149999999999763e-02 -2.973310000000000120e-01
4.932489999999999791e-02 -2.891989999999999839e-01
4.712380000000000041e-02 -2.812589999999999812e-01
4.465469999999999856e-02 -2.735279999999999934e-01
4.190660000000000218e-02 -2.660239999999999827e-01
3.887179999999999802e-02 -2.587630000000000208e-01
3.554600000000000121e-02 -2.517599999999999838e-01
3.192930000000000074e-02 -2.450279999999999958e-01
2.802589999999999942e-02 -2.385770000000000113e-01
2.384390000000000120e-02 -2.324140000000000095e-01
1.939509999999999845e-02 -2.265399999999999914e-01
1.469449999999999923e-02 -2.209560000000000135e-01
9.759369999999999851e-03 -2.156579999999999886e-01
4.608489999999999809e-03 -2.106369999999999909e-01
-8.024360000000000130e-04 -2.059880000000000044e-01
-6.276450000000000258e-03 -2.014170000000000127e-01
-1.195880000000000033e-02 -1.971749999999999892e-01
-1.778129999999999988e-02 -1.931710000000000094e-01
-2.363849999999999979e-02 -1.891919999999999991e-01
-2.970209999999999864e-02 -1.856329999999999925e-01
-3.585250000000000242e-02 -1.822689999999999866e-01
-4.207500000000000129e-02 -1.790889999999999982e-01
-4.835609999999999908e-02 -1.760809999999999875e-01
-5.468329999999999719e-02 -1.732329999999999981e-01
-6.104509999999999798e-02 -1.705349999999999921e-01
-6.743119999999999670e-02 -1.679769999999999874e-01
-7.383209999999999773e-02 -1.655500000000000027e-01
-8.023869999999999614e-02 -1.632450000000000012e-01
-8.664339999999999542e-02 -1.610540000000000027e-01
-9.303870000000000196e-02 -1.589700000000000002e-01
-9.941790000000000349e-02 -1.569859999999999867e-01
-1.057749999999999940e-01 -1.550960000000000116e-01
-1.120970000000000022e-01 -1.532959999999999878e-01
-1.370460000000000012e-01 -1.468589999999999895e-01
-1.431840000000000057e-01 -1.454219999999999957e-01
-1.492650000000000088e-01 -1.440480000000000094e-01
-1.552949999999999886e-01 -1.427309999999999968e-01
-1.612709999999999977e-01 -1.414690000000000114e-01
-1.671940000000000093e-01 -1.402569999999999928e-01
-1.730609999999999926e-01 -1.390939999999999954e-01
-1.788730000000000042e-01 -1.379759999999999875e-01
-1.846299999999999886e-01 -1.368999999999999939e-01
-1.903310000000000002e-01 -1.358659999999999868e-01
-1.959770000000000123e-01 -1.348689999999999889e-01
-2.015689999999999982e-01 -1.339079999999999993e-01
-2.071070000000000133e-01 -1.329819999999999891e-01
-2.125950000000000062e-01 -1.320880000000000110e-01
-2.180310000000000026e-01 -1.312240000000000073e-01
-2.234200000000000075e-01 -1.303890000000000049e-01
-2.287619999999999931e-01 -1.295810000000000017e-01
-2.340589999999999893e-01 -1.287979999999999958e-01
-2.393139999999999989e-01 -1.280399999999999872e-01
-2.445299999999999974e-01 -1.273040000000000005e-01
-2.497070000000000123e-01 -1.265900000000000081e-01
-2.548500000000000210e-01 -1.258970000000000089e-01
-2.599600000000000244e-01 -1.252230000000000010e-01
-2.650399999999999978e-01 -1.245669999999999972e-01
-2.700930000000000275e-01 -1.239279999999999965e-01
-2.751210000000000044e-01 -1.233059999999999989e-01
-2.801279999999999881e-01 -1.226990000000000025e-01
-2.851150000000000073e-01 -1.221069999999999933e-01
-2.900849999999999818e-01 -1.215279999999999971e-01
-2.950420000000000265e-01 -1.209630000000000011e-01
-2.999870000000000037e-01 -1.204100000000000031e-01
