0.0268804 -0.11 -0.11 2 2 1
0.0335047 -0.111518 -0.111518 2 2 1
0.0370647 -0.112374 -0.112374 2 2 1
0.0408269 -0.113313 -0.113313 2 2 1
0.0448235 -0.114354 -0.114354 2 2 1
0.0490891 -0.115518 -0.115518 2 2 1
0.0536626 -0.116834 -0.116834 2 2 1
0.0585852 -0.118341 -0.118341 2 2 1
0.0638979 -0.120085 -0.120085 2 2 1
0.0696404 -0.122132 -0.122132 2 2 1
0.0758446 -0.12457 -0.12457 2 2 1
0.0825227 -0.127519 -0.127519 2 2 1
0.0896463 -0.131141 -0.131141 2 2 1
0.0971143 -0.13566 -0.13566 2 2 1
0.104542 -0.141245 -0.141245 2 2 1
0.111602 -0.148181 -0.148181 2 2 1
0.117489 -0.156219 -0.156219 2 2 1
0.121729 -0.164727 -0.164727 2 2 1
0.12444 -0.173138 -0.173138 2 2 1
0.12604 -0.181322 -0.181322 2 2 1
0.12681 -0.188987 -0.188987 2 2 1
0.127051 -0.19636 -0.19636 2 2 1
0.12692 -0.20349 -0.20349 2 2 1
0.12652 -0.210429 -0.210429 2 2 1
0.125921 -0.217226 -0.217226 2 2 1
0.12517 -0.223924 -0.223924 2 2 1
0.1243 -0.230561 -0.230561 2 2 1
0.12343 -0.2372 -0.2372 2 2 1
0.122369 -0.243783 -0.243783 2 2 1
0.121246 -0.250392 -0.250392 2 2 1
0.12007 -0.25705 -0.25705 2 2 1
0.118848 -0.26377 -0.26377 2 2 1
0.117587 -0.270569 -0.270569 2 2 1
0.116291 -0.277455 -0.277455 2 2 1
0.114964 -0.284439 -0.284439 2 2 1
0.113613 -0.291527 -0.291527 2 2 1
0.112239 -0.298729 -0.298729 2 2 1
0.110848 -0.306043 -0.306043 2 2 1
0.109443 -0.313476 -0.313476 2 2 1
0.108027 -0.321029 -0.321029 2 2 1
0.106604 -0.328702 -0.328702 2 2 1
0.105177 -0.336496 -0.336496 2 2 1
0.103748 -0.344408 -0.344408 2 2 1
0.102321 -0.352437 -0.352437 2 2 1
0.100898 -0.360584 -0.360584 2 2 1
0.0994824 -0.368842 -0.368842 2 2 1
0.0980756 -0.377207 -0.377207 2 2 1
0.09668 -0.385677 -0.385677 2 2 1
0.0952977 -0.394246 -0.394246 2 2 1
0.0939292 -0.402918 -0.402918 2 2 1
0.0925781 -0.411675 -0.411675 2 2 1
0.0912445 -0.42052 -0.42052 2 2 1
0.08993 -0.429448 -0.429448 2 2 1
0.0886345 -0.43846 -0.43846 2 2 1
0.0873611 -0.447536 -0.447536 2 2 1
0.0861087 -0.456685 -0.456685 2 2 1
0.0848781 -0.4659 -0.4659 2 2 1
0.0836711 -0.475167 -0.475167 2 2 1
0.0824856 -0.4845 -0.4845 2 2 1
0.0813241 -0.493878 -0.493878 2 2 1
0.0801855 -0.503306 -0.503306 2 2 1
0.0790703 -0.512776 -0.512776 2 2 1
0.0779778 -0.522291 -0.522291 2 2 1
0.0769089 -0.531838 -0.531838 2 2 1
0.0758623 -0.541423 -0.541423 2 2 1
0.074838 -0.551043 -0.551043 2 2 1
0.0738365 -0.560687 -0.560687 2 2 1
0.0728564 -0.570362 -0.570362 2 2 1
0.0718982 -0.580059 -0.580059 2 2 1
0.070961 -0.589779 -0.589779 2 2 1
0.0700445 -0.599521 -0.599521 2 2 1
0.0691481 -0.609283 -0.609283 2 2 1
0.0682718 -0.61906 -0.61906 2 2 1
0.0674147 -0.628856 -0.628856 2 2 1
0.0665766 -0.638665 -0.638665 2 2 1
0.0657569 -0.648487 -0.648487 2 2 1
0.0649553 -0.658322 -0.658322 2 2 1
0.064171 -0.66817 -0.66817 2 2 1
0.063404 -0.678027 -0.678027 2 2 1
0.0626536 -0.687895 -0.687895 2 2 1
0.0619194 -0.697771 -0.697771 2 2 1
0.061201 -0.707656 -0.707656 2 2 1
0.0604979 -0.717548 -0.717548 2 2 1
0.0598097 -0.727447 -0.727447 2 2 1
0.059136 -0.737352 -0.737352 2 2 1
0.0584765 -0.747264 -0.747264 2 2 1
0.0578307 -0.757181 -0.757181 2 2 1
0.0571982 -0.767103 -0.767103 2 2 1
0.0565787 -0.77703 -0.77703 2 2 1
0.0559719 -0.786961 -0.786961 2 2 1
0.0553773 -0.796897 -0.796897 2 2 1
0.0547947 -0.806835 -0.806835 2 2 1
0.0542236 -0.816778 -0.816778 2 2 1
0.0536639 -0.826724 -0.826724 2 2 1
0.0531152 -0.836673 -0.836673 2 2 1
0.0525772 -0.846625 -0.846625 2 2 1
0.0520495 -0.856579 -0.856579 2 2 1
0.051532 -0.866536 -0.866536 2 2 1
0.0510244 -0.876496 -0.876496 2 2 1
0.0505263 -0.886457 -0.886457 2 2 1
0.0500376 -0.89642 -0.89642 2 2 1
0.0495579 -0.906385 -0.906385 2 2 1
0.0490871 -0.916352 -0.916352 2 2 1
0.048625 -0.926321 -0.926321 2 2 1
0.0481712 -0.936291 -0.936291 2 2 1
0.0477256 -0.946263 -0.946263 2 2 1
0.0472879 -0.956236 -0.956236 2 2 1
0.046858 -0.96621 -0.96621 2 2 1
0.0464357 -0.976186 -0.976186 2 2 1
0.0460208 -0.986162 -0.986162 2 2 1
0.0456131 -0.99614 -0.99614 2 2 1
0.0452123 -1.00612 -1.00612 2 2 1
0.0448184 -1.0161 -1.0161 2 2 1
0.0444312 -1.02608 -1.02608 2 2 1
0.0440505 -1.03606 -1.03606 2 2 1
0.0436761 -1.04604 -1.04604 2 2 1
0.0433079 -1.05603 -1.05603 2 2 1
0.0429458 -1.06601 -1.06601 2 2 1
0.0425896 -1.07599 -1.07599 2 2 1
0.0422391 -1.08598 -1.08598 2 2 1
0.0418943 -1.09596 -1.09596 2 2 1
0.041555 -1.10595 -1.10595 2 2 1
0.041221 -1.11594 -1.11594 2 2 1
0.0408923 -1.12592 -1.12592 2 2 1
0.0405687 -1.13591 -1.13591 2 2 1
0.0402501 -1.1459 -1.1459 2 2 1
0.0399364 -1.15589 -1.15589 2 2 1
0.0396275 -1.16588 -1.16588 2 2 1
0.0393233 -1.17587 -1.17587 2 2 1
0.0390236 -1.18586 -1.18586 2 2 1
0.0387285 -1.19585 -1.19585 2 2 1
0.0384377 -1.20584 -1.20584 2 2 1
0.0381512 -1.21583 -1.21583 2 2 1
0.0378688 -1.22582 -1.22582 2 2 1
0.0375906 -1.23581 -1.23581 2 2 1
0.0373164 -1.2458 -1.2458 2 2 1
0.0370461 -1.2558 -1.2558 2 2 1
0.0367797 -1.26579 -1.26579 2 2 1
0.036517 -1.27578 -1.27578 2 2 1
0.0362581 -1.28578 -1.28578 2 2 1
0.0360027 -1.29577 -1.29577 2 2 1
0.0357508 -1.30576 -1.30576 2 2 1
0.0355025 -1.31576 -1.31576 2 2 1
0.0352575 -1.32575 -1.32575 2 2 1
0.0350159 -1.33574 -1.33574 2 2 1
0.0347775 -1.34574 -1.34574 2 2 1
0.0345423 -1.35573 -1.35573 2 2 1
0.0343102 -1.36573 -1.36573 2 2 1
0.0340812 -1.37572 -1.37572 2 2 1
0.0338553 -1.38572 -1.38572 2 2 1
0.0336322 -1.39571 -1.39571 2 2 1
0.0334121 -1.40571 -1.40571 2 2 1
0.0331948 -1.4157 -1.4157 2 2 1
0.0329803 -1.4257 -1.4257 2 2 1
0.0327686 -1.43569 -1.43569 2 2 1
0.0325595 -1.44569 -1.44569 2 2 1
0.032353 -1.45569 -1.45569 2 2 1
0.0321492 -1.46568 -1.46568 2 2 1
0.0319478 -1.47568 -1.47568 2 2 1
0.031749 -1.48567 -1.48567 2 2 1
0.0315526 -1.49567 -1.49567 2 2 1
0.0313586 -1.50567 -1.50567 2 2 1
0.0311669 -1.51566 -1.51566 2 2 1
0.0309776 -1.52566 -1.52566 2 2 1
0.0307905 -1.53566 -1.53566 2 2 1
0.0306057 -1.54565 -1.54565 2 2 1
0.030423 -1.55565 -1.55565 2 2 1
0.0302426 -1.56565 -1.56565 2 2 1
0.0300642 -1.57564 -1.57564 2 2 1
0.0298879 -1.58564 -1.58564 2 2 1
0.0297136 -1.59564 -1.59564 2 2 1
0.0295414 -1.60564 -1.60564 2 2 1
0.0293711 -1.61563 -1.61563 2 2 1
0.0292028 -1.62563 -1.62563 2 2 1
0.0290364 -1.63563 -1.63563 2 2 1
0.0288719 -1.64563 -1.64563 2 2 1
0.0287092 -1.65562 -1.65562 2 2 1
0.0285483 -1.66562 -1.66562 2 2 1
0.0283892 -1.67562 -1.67562 2 2 1
0.0282318 -1.68562 -1.68562 2 2 1
0.0280762 -1.69562 -1.69562 2 2 1
0.0279223 -1.70561 -1.70561 2 2 1
0.0277701 -1.71561 -1.71561 2 2 1
0.0276194 -1.72561 -1.72561 2 2 1
0.0274705 -1.73561 -1.73561 2 2 1
0.0273231 -1.74561 -1.74561 2 2 1
0.0271772 -1.7556 -1.7556 2 2 1
0.0270329 -1.7656 -1.7656 2 2 1
0.0268902 -1.7756 -1.7756 2 2 1
0.0267489 -1.7856 -1.7856 2 2 1
0.0266091 -1.7956 -1.7956 2 2 1
0.0264707 -1.80559 -1.80559 2 2 1
0.0263338 -1.81559 -1.81559 2 2 1
0.0261982 -1.82559 -1.82559 2 2 1
0.0260641 -1.83559 -1.83559 2 2 1
0.0259313 -1.84559 -1.84559 2 2 1
0.0257999 -1.85559 -1.85559 2 2 1
0.0256697 -1.86559 -1.86559 2 2 1
0.0255409 -1.87558 -1.87558 2 2 1
0.0254134 -1.88558 -1.88558 2 2 1
0.0268804 -0.11 -0.11 2 2 1
0.0207516 -0.108673 -0.108673 2 2 1
0.0177387 -0.108029 -0.108029 2 2 1
0.01489 -0.107451 -0.107451 2 2 1
0.0120832 -0.106892 -0.106892 2 2 1
0.00930184 -0.106349 -0.106349 2 2 1
0.00652703 -0.105818 -0.105818 2 2 1
0.00374005 -0.105294 -0.105294 2 2 1
0.000921341 -0.104773 -0.104773 2 2 1
-0.00194832 -0.104253 -0.104253 2 2 1
-0.00490283 -0.103729 -0.103729 2 2 1
-0.0080522 -0.103188 -0.103188 2 2 1
-0.0112593 -0.102639 -0.102639 2 2 1
-0.0146311 -0.102074 -0.102074 2 2 1
-0.018204 -0.101487 -0.101487 2 2 1
-0.022019 -0.100875 -0.100875 2 2 1
-0.0261212 -0.100232 -0.100232 2 2 1
-0.0305607 -0.0995538 -0.0995538 2 2 1
-0.0353892 -0.0988365 -0.0988365 2 2 1
-0.0406574 -0.0980769 -0.0980769 2 2 1
-0.046411 -0.0972736 -0.0972736 2 2 1
-0.0526824 -0.0964277 -0.0964277 2 2 1
-0.0594823 -0.0955439 -0.0955439 2 2 1
-0.0667999 -0.0946292 -0.0946292 2 2 1
-0.0745962 -0.0936938 -0.0936938 2 2 1
-0.0828182 -0.092748 -0.092748 2 2 1
-0.0914011 -0.0918023 -0.0918023 2 2 1
-0.100279 -0.0908657 -0.0908657 2 2 1
-0.109392 -0.0899451 -0.0899451 2 2 1
-0.118691 -0.0890455 -0.0890455 2 2 1
-0.128133 -0.0881701 -0.0881701 2 2 1
-0.137687 -0.0873207 -0.0873207 2 2 1
-0.147327 -0.0864982 -0.0864982 2 2 1
-0.157034 -0.0857025 -0.0857025 2 2 1
-0.166793 -0.0849334 -0.0849334 2 2 1
-0.17655 -0.0841643 -0.0841643 2 2 1
-0.186396 -0.0834465 -0.0834465 2 2 1
-0.196263 -0.082753 -0.082753 2 2 1
-0.20615 -0.0820826 -0.0820826 2 2 1
-0.216052 -0.081434 -0.081434 2 2 1
-0.225967 -0.0808063 -0.0808063 2 2 1
-0.235893 -0.0801984 -0.0801984 2 2 1
-0.245829 -0.0796095 -0.0796095 2 2 1
-0.255771 -0.0790385 -0.0790385 2 2 1
-0.265721 -0.0784846 -0.0784846 2 2 1
-0.275675 -0.077947 -0.077947 2 2 1
-0.285635 -0.077425 -0.077425 2 2 1
-0.295599 -0.0769178 -0.0769178 2 2 1
-0.305566 -0.0764246 -0.0764246 2 2 1
0.0188303 -0.11 -0.11 2 4 1
0.0135812 -0.108872 -0.108872 2 4 1
0.0108951 -0.108329 -0.108329 2 4 1
0.00814849 -0.107789 -0.107789 2 4 1
0.00532021 -0.10725 -0.10725 2 4 1
0.00239163 -0.106708 -0.106708 2 4 1
-0.000816261 -0.106154 -0.106154 2 4 1
-0.00400485 -0.105597 -0.105597 2 4 1
-0.00738824 -0.105029 -0.105029 2 4 1
-0.0109661 -0.104447 -0.104447 2 4 1
-0.0147663 -0.10385 -0.10385 2 4 1
-0.0188201 -0.103235 -0.103235 2 4 1
-0.0231589 -0.102601 -0.102601 2 4 1
-0.0278181 -0.101945 -0.101945 2 4 1
-0.0328307 -0.101266 -0.101266 2 4 1
-0.0382315 -0.100564 -0.100564 2 4 1
-0.0440476 -0.0998388 -0.0998388 2 4 1
-0.0503022 -0.0990926 -0.0990926 2 4 1
-0.0570041 -0.0983283 -0.0983283 2 4 1
-0.0641486 -0.0975506 -0.0975506 2 4 1
-0.071717 -0.0967649 -0.0967649 2 4 1
-0.0796796 -0.0959772 -0.0959772 2 4 1
-0.0879919 -0.0951939 -0.0951939 2 4 1
-0.096607 -0.0944207 -0.0944207 2 4 1
-0.105478 -0.0936622 -0.0936622 2 4 1
-0.114561 -0.0929219 -0.0929219 2 4 1
-0.123816 -0.0922025 -0.0922025 2 4 1
-0.133211 -0.0915055 -0.0915055 2 4 1
-0.142716 -0.0908317 -0.0908317 2 4 1
-0.152311 -0.0901813 -0.0901813 2 4 1
-0.161977 -0.0895541 -0.0895541 2 4 1
-0.171699 -0.0889496 -0.0889496 2 4 1
-0.181467 -0.0883671 -0.0883671 2 4 1
-0.191235 -0.0877846 -0.0877846 2 4 1
-0.201081 -0.0872441 -0.0872441 2 4 1
-0.210948 -0.0867231 -0.0867231 2 4 1
-0.220834 -0.0862206 -0.0862206 2 4 1
-0.230735 -0.0857355 -0.0857355 2 4 1
-0.24065 -0.0852671 -0.0852671 2 4 1
-0.250575 -0.0848145 -0.0848145 2 4 1
-0.26051 -0.0843769 -0.0843769 2 4 1
-0.270453 -0.0839537 -0.0839537 2 4 1
-0.280402 -0.0835439 -0.0835439 2 4 1
-0.290357 -0.0831471 -0.0831471 2 4 1
-0.300317 -0.0827626 -0.0827626 2 4 1
0.0188303 -0.11 -0.11 2 4 1
0.0240724 -0.111161 -0.111161 2 4 1
0.0267053 -0.111781 -0.111781 2 4 1
0.0293895 -0.112432 -0.112432 2 4 1
0.0321439 -0.113124 -0.113124 2 4 1
0.0349929 -0.113863 -0.113863 2 4 1
0.0380885 -0.114724 -0.114724 2 4 1
0.0412426 -0.115611 -0.115611 2 4 1
0.0445872 -0.116593 -0.116593 2 4 1
0.0481618 -0.117691 -0.117691 2 4 1
0.0520108 -0.118934 -0.118934 2 4 1
0.0561816 -0.12036 -0.12036 2 4 1
0.0607238 -0.122016 -0.122016 2 4 1
0.0656873 -0.123962 -0.123962 2 4 1
0.0711059 -0.126277 -0.126277 2 4 1
0.0769994 -0.12906 -0.12906 2 4 1
0.0833405 -0.132436 -0.132436 2 4 1
0.0900424 -0.136559 -0.136559 2 4 1
0.0969219 -0.141605 -0.141605 2 4 1
0.103693 -0.147764 -0.147764 2 4 1
0.109917 -0.155133 -0.155133 2 4 1
0.115121 -0.163621 -0.163621 2 4 1
0.118906 -0.172649 -0.172649 2 4 1
0.121499 -0.182406 -0.182406 2 4 1
0.122908 -0.192019 -0.192019 2 4 1
0.123473 -0.20154 -0.20154 2 4 1
0.123425 -0.210889 -0.210889 2 4 1
0.122944 -0.220024 -0.220024 2 4 1
0.122163 -0.22892 -0.22892 2 4 1
0.121179 -0.23755 -0.23755 2 4 1
0.120067 -0.245896 -0.245896 2 4 1
0.118881 -0.253932 -0.253932 2 4 1
0.117666 -0.261626 -0.261626 2 4 1
0.116455 -0.268941 -0.268941 2 4 1
0.115278 -0.275831 -0.275831 2 4 1
0.114152 -0.282279 -0.282279 2 4 1
0.1131 -0.288218 -0.288218 2 4 1
0.112131 -0.293641 -0.293641 2 4 1
0.111255 -0.29851 -0.29851 2 4 1
0.110474 -0.302842 -0.302842 2 4 1
0.109791 -0.306624 -0.306624 2 4 1
0.109197 -0.309908 -0.309908 2 4 1
0.108689 -0.312716 -0.312716 2 4 1
0.108257 -0.315106 -0.315106 2 4 1
0.10789 -0.317137 -0.317137 2 4 1
0.107575 -0.318881 -0.318881 2 4 1
0.107302 -0.320393 -0.320393 2 4 1
0.107029 -0.321903 -0.321903 2 4 1
0.106816 -0.323084 -0.323084 2 4 1
0.106606 -0.32425 -0.32425 2 4 1
0.106391 -0.325437 -0.325437 2 4 1
0.106157 -0.326733 -0.326733 2 4 1
0.105894 -0.328193 -0.328193 2 4 1
0.105544 -0.330136 -0.330136 2 4 1
0.105169 -0.332223 -0.332223 2 4 1
0.104726 -0.334688 -0.334688 2 4 1
0.104204 -0.337612 -0.337612 2 4 1
0.103585 -0.34109 -0.34109 2 4 1
0.102866 -0.345152 -0.345152 2 4 1
0.10204 -0.349851 -0.349851 2 4 1
0.101106 -0.355219 -0.355219 2 4 1
0.100067 -0.361263 -0.361263 2 4 1
0.0989365 -0.367922 -0.367922 2 4 1
0.0977259 -0.375167 -0.375167 2 4 1
0.0964565 -0.382896 -0.382896 2 4 1
0.0951405 -0.391065 -0.391065 2 4 1
0.0938005 -0.399556 -0.399556 2 4 1
0.0924448 -0.408338 -0.408338 2 4 1
0.0910881 -0.417332 -0.417332 2 4 1
0.0897364 -0.426509 -0.426509 2 4 1
0.0883971 -0.435827 -0.435827 2 4 1
0.0870764 -0.445251 -0.445251 2 4 1
0.0857769 -0.454763 -0.454763 2 4 1
0.0845007 -0.464349 -0.464349 2 4 1
0.0832494 -0.473995 -0.473995 2 4 1
0.0819984 -0.483639 -0.483639 2 4 1
0.0807992 -0.493384 -0.493384 2 4 1
0.0796282 -0.503155 -0.503155 2 4 1
0.0784838 -0.512958 -0.512958 2 4 1
0.0773673 -0.522776 -0.522776 2 4 1
0.0762772 -0.532615 -0.532615 2 4 1
0.0752135 -0.542469 -0.542469 2 4 1
0.0741753 -0.552339 -0.552339 2 4 1
0.0731622 -0.56222 -0.56222 2 4 1
0.0721737 -0.572111 -0.572111 2 4 1
0.071209 -0.582012 -0.582012 2 4 1
0.0702674 -0.591921 -0.591921 2 4 1
0.0693484 -0.601837 -0.601837 2 4 1
0.0684513 -0.611759 -0.611759 2 4 1
0.0675755 -0.621688 -0.621688 2 4 1
0.0667202 -0.631621 -0.631621 2 4 1
0.065885 -0.641559 -0.641559 2 4 1
0.0650692 -0.651502 -0.651502 2 4 1
0.0642721 -0.661448 -0.661448 2 4 1
0.0634934 -0.671398 -0.671398 2 4 1
0.0627323 -0.681351 -0.681351 2 4 1
0.0619883 -0.691306 -0.691306 2 4 1
0.061261 -0.701265 -0.701265 2 4 1
0.0605498 -0.711226 -0.711226 2 4 1
0.0598542 -0.721189 -0.721189 2 4 1
0.0591738 -0.731154 -0.731154 2 4 1
0.0585081 -0.741121 -0.741121 2 4 1
0.0578567 -0.75109 -0.75109 2 4 1
0.057219 -0.761061 -0.761061 2 4 1
0.0565949 -0.771033 -0.771033 2 4 1
0.0559837 -0.781006 -0.781006 2 4 1
0.0553852 -0.790981 -0.790981 2 4 1
0.054799 -0.800957 -0.800957 2 4 1
0.0542247 -0.810935 -0.810935 2 4 1
0.0536619 -0.820913 -0.820913 2 4 1
0.0531104 -0.830892 -0.830892 2 4 1
0.0525699 -0.840873 -0.840873 2 4 1
0.0520399 -0.850854 -0.850854 2 4 1
0.0515203 -0.860836 -0.860836 2 4 1
0.0510107 -0.870819 -0.870819 2 4 1
0.0505109 -0.880803 -0.880803 2 4 1
0.0500205 -0.890787 -0.890787 2 4 1
0.0495394 -0.900772 -0.900772 2 4 1
0.0490673 -0.910758 -0.910758 2 4 1
0.0486038 -0.920744 -0.920744 2 4 1
0.0481489 -0.930731 -0.930731 2 4 1
0.0477023 -0.940718 -0.940718 2 4 1
0.0472637 -0.950706 -0.950706 2 4 1
0.046833 -0.960695 -0.960695 2 4 1
0.0464099 -0.970683 -0.970683 2 4 1
0.0459943 -0.980673 -0.980673 2 4 1
0.0455859 -0.990662 -0.990662 2 4 1
0.0451846 -1.00065 -1.00065 2 4 1
0.0447902 -1.01064 -1.01064 2 4 1
0.0444025 -1.02063 -1.02063 2 4 1
0.0440214 -1.03062 -1.03062 2 4 1
0.0436467 -1.04062 -1.04062 2 4 1
0.0432782 -1.05061 -1.05061 2 4 1
0.0429158 -1.0606 -1.0606 2 4 1
0.0425593 -1.07059 -1.07059 2 4 1
0.0422086 -1.08058 -1.08058 2 4 1
0.0418636 -1.09058 -1.09058 2 4 1
0.0415241 -1.10057 -1.10057 2 4 1
0.04119 -1.11056 -1.11056 2 4 1
0.0408612 -1.12056 -1.12056 2 4 1
0.0405375 -1.13055 -1.13055 2 4 1
0.0402189 -1.14055 -1.14055 2 4 1
0.0399052 -1.15054 -1.15054 2 4 1
0.0395962 -1.16053 -1.16053 2 4 1
0.039292 -1.17053 -1.17053 2 4 1
0.0389924 -1.18052 -1.18052 2 4 1
0.0386972 -1.19052 -1.19052 2 4 1
0.0384065 -1.20051 -1.20051 2 4 1
0.03812 -1.21051 -1.21051 2 4 1
0.0378378 -1.2205 -1.2205 2 4 1
0.0375596 -1.2305 -1.2305 2 4 1
0.0372855 -1.24049 -1.24049 2 4 1
0.0370153 -1.25049 -1.25049 2 4 1
0.036749 -1.26049 -1.26049 2 4 1
0.0364864 -1.27048 -1.27048 2 4 1
0.0362276 -1.28048 -1.28048 2 4 1
0.0359723 -1.29047 -1.29047 2 4 1
0.0357206 -1.30047 -1.30047 2 4 1
0.0354724 -1.31047 -1.31047 2 4 1
0.0352275 -1.32046 -1.32046 2 4 1
0.034986 -1.33046 -1.33046 2 4 1
0.0347478 -1.34046 -1.34046 2 4 1
0.0345128 -1.35045 -1.35045 2 4 1
0.0342809 -1.36045 -1.36045 2 4 1
0.034052 -1.37045 -1.37045 2 4 1
0.0338262 -1.38045 -1.38045 2 4 1
0.0336034 -1.39044 -1.39044 2 4 1
0.0333834 -1.40044 -1.40044 2 4 1
0.0331663 -1.41044 -1.41044 2 4 1
0.0329519 -1.42043 -1.42043 2 4 1
0.0327403 -1.43043 -1.43043 2 4 1
0.0325314 -1.44043 -1.44043 2 4 1
0.0323252 -1.45043 -1.45043 2 4 1
0.0321215 -1.46042 -1.46042 2 4 1
0.0319203 -1.47042 -1.47042 2 4 1
0.0317216 -1.48042 -1.48042 2 4 1
0.0315254 -1.49042 -1.49042 2 4 1
0.0313316 -1.50042 -1.50042 2 4 1
0.0311401 -1.51041 -1.51041 2 4 1
0.0309509 -1.52041 -1.52041 2 4 1
0.0307641 -1.53041 -1.53041 2 4 1
0.0305794 -1.54041 -1.54041 2 4 1
0.0303969 -1.55041 -1.55041 2 4 1
0.0302166 -1.5604 -1.5604 2 4 1
0.0300384 -1.5704 -1.5704 2 4 1
0.0298623 -1.5804 -1.5804 2 4 1
0.0296882 -1.5904 -1.5904 2 4 1
0.0295162 -1.6004 -1.6004 2 4 1
0.0293461 -1.6104 -1.6104 2 4 1
0.0291779 -1.62039 -1.62039 2 4 1
0.0290117 -1.63039 -1.63039 2 4 1
0.0288473 -1.64039 -1.64039 2 4 1
0.0286848 -1.65039 -1.65039 2 4 1
0.0285241 -1.66039 -1.66039 2 4 1
0.0283652 -1.67039 -1.67039 2 4 1
0.028208 -1.68039 -1.68039 2 4 1
0.0280525 -1.69038 -1.69038 2 4 1
0.0278988 -1.70038 -1.70038 2 4 1
0.0277467 -1.71038 -1.71038 2 4 1
0.0275963 -1.72038 -1.72038 2 4 1
