0.112103 0 0 2 2 2
0.112102 0 0 2 2 2
0.112101 0 0 2 2 2
0.112099 0 0 2 2 2
0.112095 0 0 2 2 2
0.112095 0.01 0.01 2 2 2
0.112091 0.00999911 0.00999911 2 2 2
0.112083 0.00999734 0.00999734 2 2 2
0.112065 0.0099935 0.0099935 2 2 2
0.112049 0.00998995 0.00998995 2 2 2
0.112017 0.0099832 0.0099832 2 2 2
0.111954 0.00996947 0.00996947 2 2 2
0.111855 0.00994812 0.00994812 2 2 2
0.111751 0.00992571 0.00992571 2 2 2
0.111646 0.00990327 0.00990327 2 2 2
0.111542 0.0098809 0.0098809 2 2 2
0.111439 0.0098586 0.0098586 2 2 2
0.111335 0.00983627 0.00983627 2 2 2
0.11123 0.00981377 0.00981377 2 2 2
0.111126 0.0097913 0.0097913 2 2 2
0.111021 0.00976891 0.00976891 2 2 2
0.110917 0.00974653 0.00974653 2 2 2
0.110812 0.0097241 0.0097241 2 2 2
0.110708 0.00970171 0.00970171 2 2 2
0.110611 0.00968085 0.00968085 2 2 2
0.110514 0.00966008 0.00966008 2 2 2
0.110416 0.00963919 0.00963919 2 2 2
0.110319 0.00961834 0.00961834 2 2 2
0.110221 0.00959751 0.00959751 2 2 2
0.110124 0.00957674 0.00957674 2 2 2
0.110027 0.00955593 0.00955593 2 2 2
0.109929 0.00953512 0.00953512 2 2 2
0.109832 0.00951427 0.00951427 2 2 2
0.109734 0.00949343 0.00949343 2 2 2
0.109636 0.0094726 0.0094726 2 2 2
0.109539 0.00945178 0.00945178 2 2 2
0.109441 0.00943094 0.00943094 2 2 2
0.109342 0.00941003 0.00941003 2 2 2
0.109245 0.00938927 0.00938927 2 2 2
0.109148 0.00936862 0.00936862 2 2 2
0.109051 0.00934799 0.00934799 2 2 2
0.108954 0.00932739 0.00932739 2 2 2
0.108856 0.00930667 0.00930667 2 2 2
0.108759 0.0092861 0.0092861 2 2 2
0.108666 0.00926634 0.00926634 2 2 2
0.108573 0.00924657 0.00924657 2 2 2
0.10848 0.00922678 0.00922678 2 2 2
0.108386 0.00920691 0.00920691 2 2 2
0.108292 0.00918704 0.00918704 2 2 2
0.108199 0.00916721 0.00916721 2 2 2
0.108107 0.00914776 0.00914776 2 2 2
0.108016 0.00912849 0.00912849 2 2 2
0.107925 0.00910927 0.00910927 2 2 2
0.107835 0.0090904 0.0090904 2 2 2
0.107746 0.00907154 0.00907154 2 2 2
0.107657 0.00905276 0.00905276 2 2 2
0.107568 0.00903385 0.00903385 2 2 2
0.107478 0.00901492 0.00901492 2 2 2
0.107388 0.00899599 0.00899599 2 2 2
0.107299 0.00897719 0.00897719 2 2 2
0.10721 0.00895835 0.00895835 2 2 2
0.107121 0.00893955 0.00893955 2 2 2
0.107031 0.00892063 0.00892063 2 2 2
0.106941 0.00890175 0.00890175 2 2 2
0.106851 0.00888291 0.00888291 2 2 2
0.106761 0.00886398 0.00886398 2 2 2
0.106699 0.00885072 0.00885072 2 2 2
0.106637 0.00883763 0.00883763 2 2 2
0.106576 0.00882457 0.00882457 2 2 2
0.106515 0.0088116 0.0088116 2 2 2
0.106453 0.00879849 0.00879849 2 2 2
0.106392 0.00878542 0.00878542 2 2 2
0.106331 0.00877256 0.00877256 2 2 2
0.106268 0.00875919 0.00875919 2 2 2
0.106206 0.00874584 0.00874584 2 2 2
0.106143 0.00873264 0.00873264 2 2 2
0.106082 0.00871956 0.00871956 2 2 2
0.106019 0.00870629 0.00870629 2 2 2
0.105957 0.0086931 0.0086931 2 2 2
0.105895 0.00867988 0.00867988 2 2 2
0.105831 0.00866625 0.00866625 2 2 2
0.105767 0.00865265 0.00865265 2 2 2
0.105702 0.00863894 0.00863894 2 2 2
0.105637 0.00862514 0.00862514 2 2 2
0.105572 0.00861133 0.00861133 2 2 2
0.105507 0.00859757 0.00859757 2 2 2
0.105441 0.00858368 0.00858368 2 2 2
0.105374 0.00856957 0.00856957 2 2 2
0.105308 0.0085555 0.0085555 2 2 2
0.105244 0.00854202 0.00854202 2 2 2
0.105181 0.00852857 0.00852857 2 2 2
0.105117 0.00851512 0.00851512 2 2 2
0.105055 0.00850203 0.00850203 2 2 2
0.104988 0.00848787 0.00848787 2 2 2
0.104916 0.00847263 0.00847263 2 2 2
0.104844 0.00845744 0.00845744 2 2 2
0.104772 0.00844228 0.00844228 2 2 2
0.1047 0.00842722 0.00842722 2 2 2
0.104629 0.00841234 0.00841234 2 2 2
0.104557 0.00839725 0.00839725 2 2 2
0.104486 0.00838218 0.00838218 2 2 2
0.104413 0.00836706 0.00836706 2 2 2
0.104341 0.00835192 0.00835192 2 2 2
0.104269 0.00833674 0.00833674 2 2 2
0.104196 0.0083215 0.0083215 2 2 2
0.104123 0.00830628 0.00830628 2 2 2
0.104051 0.00829104 0.00829104 2 2 2
0.103978 0.0082758 0.0082758 2 2 2
0.103905 0.00826054 0.00826054 2 2 2
0.103831 0.00824505 0.00824505 2 2 2
0.103756 0.00822951 0.00822951 2 2 2
0.103682 0.00821404 0.00821404 2 2 2
0.103608 0.00819864 0.00819864 2 2 2
0.103534 0.00818326 0.00818326 2 2 2
0.103461 0.00816799 0.00816799 2 2 2
0.103387 0.00815259 0.00815259 2 2 2
0.103313 0.00813718 0.00813718 2 2 2
0.10324 0.00812182 0.00812182 2 2 2
0.103166 0.00810657 0.00810657 2 2 2
0.103095 0.00809162 0.00809162 2 2 2
0.103023 0.00807675 0.00807675 2 2 2
0.102951 0.00806179 0.00806179 2 2 2
0.10288 0.00804686 0.00804686 2 2 2
0.102795 0.00802941 0.00802941 2 2 2
0.10271 0.00801188 0.00801188 2 2 2
0.102624 0.00799437 0.00799437 2 2 2
0.102539 0.00797684 0.00797684 2 2 2
0.102454 0.00795941 0.00795941 2 2 2
0.102369 0.00794193 0.00794193 2 2 2
0.102282 0.00792414 0.00792414 2 2 2
0.102195 0.00790636 0.00790636 2 2 2
0.102108 0.00788863 0.00788863 2 2 2
0.102022 0.00787091 0.00787091 2 2 2
0.101935 0.00785324 0.00785324 2 2 2
0.101849 0.00783559 0.00783559 2 2 2
0.101762 0.00781787 0.00781787 2 2 2
0.101676 0.00780032 0.00780032 2 2 2
0.101589 0.00778268 0.00778268 2 2 2
0.101502 0.00776505 0.00776505 2 2 2
0.101416 0.00774746 0.00774746 2 2 2
0.10133 0.00772994 0.00772994 2 2 2
0.101244 0.00771251 0.00771251 2 2 2
0.101157 0.00769494 0.00769494 2 2 2
0.101069 0.00767707 0.00767707 2 2 2
0.100982 0.00765942 0.00765942 2 2 2
0.100894 0.00764176 0.00764176 2 2 2
0.100809 0.00762448 0.00762448 2 2 2
0.100723 0.00760721 0.00760721 2 2 2
0.100638 0.00758995 0.00758995 2 2 2
0.100551 0.00757245 0.00757245 2 2 2
0.100464 0.00755498 0.00755498 2 2 2
0.100377 0.00753744 0.00753744 2 2 2
0.10029 0.00751991 0.00751991 2 2 2
0.100203 0.00750242 0.00750242 2 2 2
0.100116 0.00748493 0.00748493 2 2 2
0.100029 0.00746747 0.00746747 2 2 2
0.0999415 0.00744995 0.00744995 2 2 2
0.0998539 0.00743242 0.00743242 2 2 2
0.099766 0.00741484 0.00741484 2 2 2
0.0996788 0.00739742 0.00739742 2 2 2
0.0995915 0.00737997 0.00737997 2 2 2
0.0995024 0.00736223 0.00736223 2 2 2
0.0994133 0.00734449 0.00734449 2 2 2
0.0993243 0.00732679 0.00732679 2 2 2
0.0992361 0.00730926 0.00730926 2 2 2
0.0991483 0.00729181 0.00729181 2 2 2
0.0990611 0.00727448 0.00727448 2 2 2
0.0989738 0.00725717 0.00725717 2 2 2
0.0988871 0.00723997 0.00723997 2 2 2
0.0988007 0.00722284 0.00722284 2 2 2
0.0987141 0.00720569 0.00720569 2 2 2
0.0986293 0.00718888 0.00718888 2 2 2
0.0985435 0.00717191 0.00717191 2 2 2
0.0984588 0.00715516 0.00715516 2 2 2
0.0983729 0.0071382 0.0071382 2 2 2
0.098287 0.00712127 0.00712127 2 2 2
0.0982016 0.00710444 0.00710444 2 2 2
0.0981161 0.00708759 0.00708759 2 2 2
0.0980306 0.00707077 0.00707077 2 2 2
0.0979451 0.00705396 0.00705396 2 2 2
0.0978594 0.00703714 0.00703714 2 2 2
0.0977731 0.00702022 0.00702022 2 2 2
0.0976868 0.00700331 0.00700331 2 2 2
0.0976006 0.00698644 0.00698644 2 2 2
0.0975141 0.00696953 0.00696953 2 2 2
0.0974273 0.00695258 0.00695258 2 2 2
0.0973404 0.00693563 0.00693563 2 2 2
0.0972534 0.00691868 0.00691868 2 2 2
0.0971663 0.00690173 0.00690173 2 2 2
0.0970793 0.00688481 0.00688481 2 2 2
0.0969926 0.00686797 0.00686797 2 2 2
0.096904 0.00685079 0.00685079 2 2 2
0.0968147 0.00683353 0.00683353 2 2 2
0.0967252 0.00681624 0.00681624 2 2 2
0.0966354 0.0067989 0.0067989 2 2 2
0.0965454 0.00678156 0.00678156 2 2 2
0.0964554 0.00676421 0.00676421 2 2 2
0.0963658 0.00674699 0.00674699 2 2 2
0.0962775 0.00673 0.00673 2 2 2
0.0961878 0.00671278 0.00671278 2 2 2
0.0960978 0.00669552 0.00669552 2 2 2
0.0960083 0.00667836 0.00667836 2 2 2
0.0959183 0.00666115 0.00666115 2 2 2
0.0958298 0.00664421 0.00664421 2 2 2
0.0957389 0.00662688 0.00662688 2 2 2
0.095648 0.00660955 0.00660955 2 2 2
0.0955569 0.00659221 0.00659221 2 2 2
0.0954649 0.00657474 0.00657474 2 2 2
0.095373 0.00655732 0.00655732 2 2 2
0.0952809 0.00653986 0.00653986 2 2 2
0.0951855 0.00652184 0.00652184 2 2 2
0.0950901 0.00650386 0.00650386 2 2 2
0.0949945 0.00648587 0.00648587 2 2 2
0.094898 0.00646774 0.00646774 2 2 2
0.0948022 0.00644974 0.00644974 2 2 2
0.0947063 0.00643176 0.00643176 2 2 2
0.0946103 0.00641378 0.00641378 2 2 2
0.094515 0.00639595 0.00639595 2 2 2
0.0944193 0.00637808 0.00637808 2 2 2
0.0943235 0.0063602 0.0063602 2 2 2
0.0942276 0.00634233 0.00634233 2 2 2
0.0941322 0.00632455 0.00632455 2 2 2
0.0940349 0.0063065 0.0063065 2 2 2
0.0939377 0.00628848 0.00628848 2 2 2
0.0938431 0.00627091 0.00627091 2 2 2
0.0937156 0.00624775 0.00624775 2 2 2
0.0935898 0.00622494 0.00622494 2 2 2
0.0934645 0.00620224 0.00620224 2 2 2
0.0933394 0.00617962 0.00617962 2 2 2
0.0932143 0.00615704 0.00615704 2 2 2
0.0930897 0.00613458 0.00613458 2 2 2
0.0929647 0.00611208 0.00611208 2 2 2
0.0928393 0.00608957 0.00608957 2 2 2
0.0927135 0.00606703 0.00606703 2 2 2
0.0925876 0.00604451 0.00604451 2 2 2
0.0924603 0.00602179 0.00602179 2 2 2
0.0923328 0.00599908 0.00599908 2 2 2
0.092205 0.00597636 0.00597636 2 2 2
0.0920777 0.00595376 0.00595376 2 2 2
0.0919503 0.0059312 0.0059312 2 2 2
0.0918218 0.0059085 0.0059085 2 2 2
0.0916934 0.00588584 0.00588584 2 2 2
0.0915636 0.005863 0.005863 2 2 2
0.0914334 0.00584014 0.00584014 2 2 2
0.0913032 0.00581731 0.00581731 2 2 2
0.0911728 0.0057945 0.0057945 2 2 2
0.09104 0.00577134 0.00577134 2 2 2
0.0909065 0.00574811 0.00574811 2 2 2
0.0907729 0.0057249 0.0057249 2 2 2
0.0906388 0.00570166 0.00570166 2 2 2
0.0905043 0.0056784 0.0056784 2 2 2
0.0903697 0.00565517 0.00565517 2 2 2
0.0902351 0.005632 0.005632 2 2 2
0.0901004 0.00560885 0.00560885 2 2 2
0.0899657 0.00558574 0.00558574 2 2 2
0.089831 0.00556267 0.00556267 2 2 2
0.089696 0.00553962 0.00553962 2 2 2
0.0895606 0.00551653 0.00551653 2 2 2
0.0894246 0.00549342 0.00549342 2 2 2
0.089287 0.00547008 0.00547008 2 2 2
0.0891969 0.00545435 0.00545435 2 2 2
0.0891086 0.00543898 0.00543898 2 2 2
0.0890204 0.00542364 0.00542364 2 2 2
0.0889323 0.00540836 0.00540836 2 2 2
0.0888439 0.00539303 0.00539303 2 2 2
0.0887557 0.00537776 0.00537776 2 2 2
0.0886658 0.00536223 0.00536223 2 2 2
0.0885779 0.00534705 0.00534705 2 2 2
0.0884894 0.0053318 0.0053318 2 2 2
0.0884011 0.0053166 0.0053166 2 2 2
0.0883154 0.00530184 0.00530184 2 2 2
0.0882392 0.0052886 0.0052886 2 2 2
0.0881596 0.00527483 0.00527483 2 2 2
0.088079 0.00526093 0.00526093 2 2 2
0.0879983 0.00524704 0.00524704 2 2 2
0.0879174 0.00523312 0.00523312 2 2 2
0.0878354 0.00521904 0.00521904 2 2 2
0.0877556 0.00520534 0.00520534 2 2 2
0.0876762 0.00519171 0.00519171 2 2 2
0.087598 0.00517829 0.00517829 2 2 2
0.0875205 0.00516501 0.00516501 2 2 2
0.0874422 0.00515161 0.00515161 2 2 2
0.0873633 0.00513814 0.00513814 2 2 2
0.0872836 0.00512455 0.00512455 2 2 2
0.0872033 0.00511089 0.00511089 2 2 2
0.0871237 0.00509736 0.00509736 2 2 2
0.0870436 0.00508378 0.00508378 2 2 2
0.0869641 0.0050703 0.0050703 2 2 2
0.0868832 0.00505661 0.00505661 2 2 2
0.0868051 0.00504339 0.00504339 2 2 2
0.0867272 0.00503022 0.00503022 2 2 2
0.0866491 0.00501702 0.00501702 2 2 2
0.08657 0.0050037 0.0050037 2 2 2
0.08649 0.00499025 0.00499025 2 2 2
0.0864088 0.00497664 0.00497664 2 2 2
0.0863275 0.00496304 0.00496304 2 2 2
0.0862468 0.00494954 0.00494954 2 2 2
0.0861655 0.00493598 0.00493598 2 2 2
0.0860859 0.00492269 0.00492269 2 2 2
0.086006 0.00490937 0.00490937 2 2 2
0.0859267 0.00489616 0.00489616 2 2 2
0.0858463 0.00488281 0.00488281 2 2 2
0.0857673 0.00486967 0.00486967 2 2 2
0.0856901 0.00485684 0.00485684 2 2 2
0.085613 0.00484405 0.00484405 2 2 2
0.085536 0.00483128 0.00483128 2 2 2
0.0854589 0.00481851 0.00481851 2 2 2
0.0853805 0.00480557 0.00480557 2 2 2
0.0852955 0.00479165 0.00479165 2 2 2
0.0852095 0.00477762 0.00477762 2 2 2
0.0851231 0.00476354 0.00476354 2 2 2
0.0850368 0.00474949 0.00474949 2 2 2
0.08495 0.0047354 0.0047354 2 2 2
0.0848639 0.00472143 0.00472143 2 2 2
0.0847781 0.00470753 0.00470753 2 2 2
0.084693 0.00469375 0.00469375 2 2 2
0.0846078 0.00467999 0.00467999 2 2 2
0.0845216 0.0046661 0.0046661 2 2 2
0.0844334 0.00465192 0.00465192 2 2 2
0.084345 0.00463775 0.00463775 2 2 2
0.0842572 0.00462369 0.00462369 2 2 2
0.0841629 0.00460871 0.00460871 2 2 2
0.0840625 0.00459285 0.00459285 2 2 2
0.0839617 0.00457696 0.00457696 2 2 2
0.0838603 0.00456102 0.00456102 2 2 2
0.0837584 0.00454504 0.00454504 2 2 2
0.0836572 0.0045292 0.0045292 2 2 2
0.0835584 0.00451371 0.00451371 2 2 2
0.0834608 0.00449846 0.00449846 2 2 2
0.0833557 0.00448212 0.00448212 2 2 2
0.0832481 0.00446548 0.00446548 2 2 2
0.0831403 0.00444883 0.00444883 2 2 2
0.083032 0.00443216 0.00443216 2 2 2
0.0829254 0.00441575 0.00441575 2 2 2
0.0828184 0.00439932 0.00439932 2 2 2
0.0827039 0.00438186 0.00438186 2 2 2
0.0825897 0.00436448 0.00436448 2 2 2
0.082477 0.00434735 0.00434735 2 2 2
0.0823646 0.0043303 0.0043303 2 2 2
0.0822706 0.00431588 0.00431588 2 2 2
0.0821767 0.00430151 0.00430151 2 2 2
0.0820842 0.00428736 0.00428736 2 2 2
0.0819763 0.00427108 0.00427108 2 2 2
0.0818687 0.00425487 0.00425487 2 2 2
0.0817604 0.0042386 0.0042386 2 2 2
0.0816578 0.00422315 0.00422315 2 2 2
0.0815542 0.0042076 0.0042076 2 2 2
0.0814391 0.00419048 0.00419048 2 2 2
0.0813269 0.00417379 0.00417379 2 2 2
0.0812142 0.00415709 0.00415709 2 2 2
0.0811013 0.0041404 0.0041404 2 2 2
0.0809953 0.00412469 0.00412469 2 2 2
0.0808888 0.00410895 0.00410895 2 2 2
0.0807793 0.00409281 0.00409281 2 2 2
0.0806453 0.00407337 0.00407337 2 2 2
0.0805117 0.00405404 0.00405404 2 2 2
0.0803911 0.00403652 0.00403652 2 2 2
0.0802703 0.00401901 0.00401901 2 2 2
0.0801495 0.00400155 0.00400155 2 2 2
0.0800011 0.00398042 0.00398042 2 2 2
0.0798527 0.00395933 0.00395933 2 2 2
0.079704 0.00393827 0.00393827 2 2 2
0.0795551 0.00391723 0.00391723 2 2 2
0.0794038 0.00389595 0.00389595 2 2 2
0.0792524 0.00387471 0.00387471 2 2 2
0.0791049 0.00385404 0.00385404 2 2 2
0.0789557 0.0038332 0.0038332 2 2 2
0.0788066 0.00381245 0.00381245 2 2 2
0.0786587 0.00379192 0.00379192 2 2 2
0.0785104 0.00377139 0.00377139 2 2 2
0.0783717 0.00375218 0.00375218 2 2 2
0.0781744 0.00372535 0.00372535 2 2 2
0.077982 0.00369927 0.00369927 2 2 2
0.0777894 0.00367327 0.00367327 2 2 2
0.0775946 0.00364709 0.00364709 2 2 2
0.0773971 0.00362064 0.00362064 2 2 2
0.0771996 0.00359429 0.00359429 2 2 2
0.0770044 0.00356832 0.00356832 2 2 2
0.0768103 0.0035426 0.0035426 2 2 2
0.076616 0.00351692 0.00351692 2 2 2
0.0764237 0.00349162 0.00349162 2 2 2
0.07623 0.0034662 0.0034662 2 2 2
0.076036 0.00344086 0.00344086 2 2 2
0.0758411 0.00341549 0.00341549 2 2 2
0.0756475 0.00339038 0.00339038 2 2 2
0.0754537 0.00336533 0.00336533 2 2 2
0.0752597 0.00334035 0.00334035 2 2 2
0.0750658 0.00331548 0.00331548 2 2 2
0.0748709 0.00329058 0.00329058 2 2 2
0.0746756 0.00326572 0.00326572 2 2 2
0.0744799 0.0032409 0.0032409 2 2 2
0.0742838 0.00321613 0.00321613 2 2 2
0.0740856 0.00319119 0.00319119 2 2 2
0.0738869 0.0031663 0.0031663 2 2 2
0.0736877 0.00314145 0.00314145 2 2 2
0.073488 0.00311662 0.00311662 2 2 2
0.073288 0.00309186 0.00309186 2 2 2
0.0730867 0.00306704 0.00306704 2 2 2
0.0728883 0.00304267 0.00304267 2 2 2
0.0726899 0.00301839 0.00301839 2 2 2
0.0724913 0.00299419 0.00299419 2 2 2
0.0722926 0.00297007 0.00297007 2 2 2
0.0720941 0.00294607 0.00294607 2 2 2
0.0718952 0.00292212 0.00292212 2 2 2
0.0716959 0.00289823 0.00289823 2 2 2
0.0714961 0.00287437 0.00287437 2 2 2
0.0712958 0.00285055 0.00285055 2 2 2
0.0710951 0.00282678 0.00282678 2 2 2
0.0708936 0.00280302 0.00280302 2 2 2
0.0706917 0.00277931 0.00277931 2 2 2
0.0704901 0.00275574 0.00275574 2 2 2
0.0702879 0.0027322 0.0027322 2 2 2
0.0700854 0.00270872 0.00270872 2 2 2
0.0698824 0.0026853 0.0026853 2 2 2
0.0696777 0.00266177 0.00266177 2 2 2
0.0694729 0.00263834 0.00263834 2 2 2
0.0692678 0.00261498 0.00261498 2 2 2
0.0690628 0.00259172 0.00259172 2 2 2
0.0688567 0.00256846 0.00256846 2 2 2
0.0686503 0.00254526 0.00254526 2 2 2
0.068443 0.00252206 0.00252206 2 2 2
0.0682351 0.00249891 0.00249891 2 2 2
0.0680256 0.00247567 0.00247567 2 2 2
0.0678152 0.00245246 0.00245246 2 2 2
0.0676047 0.00242933 0.00242933 2 2 2
0.0673934 0.00240623 0.00240623 2 2 2
0.0671821 0.00238324 0.00238324 2 2 2
0.0669705 0.00236032 0.00236032 2 2 2
0.0667585 0.00233746 0.00233746 2 2 2
0.0665465 0.00231472 0.00231472 2 2 2
0.0663344 0.00229207 0.00229207 2 2 2
0.0661219 0.00226949 0.00226949 2 2 2
0.0659077 0.00224683 0.00224683 2 2 2
0.0656931 0.00222425 0.00222425 2 2 2
0.0654781 0.00220174 0.00220174 2 2 2
0.0652626 0.00217928 0.00217928 2 2 2
0.0650466 0.00215689 0.00215689 2 2 2
0.0648302 0.00213456 0.00213456 2 2 2
0.0646137 0.00211234 0.00211234 2 2 2
0.0643965 0.00209016 0.00209016 2 2 2
0.0641785 0.00206801 0.00206801 2 2 2
0.0639588 0.0020458 0.0020458 2 2 2
0.0637374 0.00202353 0.00202353 2 2 2
0.0635153 0.00200131 0.00200131 2 2 2
0.0632924 0.00197913 0.00197913 2 2 2
0.0630692 0.00195703 0.00195703 2 2 2
0.0628453 0.00193499 0.00193499 2 2 2
0.0626211 0.00191303 0.00191303 2 2 2
0.0623965 0.00189115 0.00189115 2 2 2
0.0621706 0.00186926 0.00186926 2 2 2
0.0619401 0.00184705 0.00184705 2 2 2
0.0617097 0.00182497 0.00182497 2 2 2
0.0614784 0.00180292 0.00180292 2 2 2
0.0612471 0.00178101 0.00178101 2 2 2
0.0610154 0.00175918 0.00175918 2 2 2
0.0607829 0.0017374 0.0017374 2 2 2
0.06055 0.0017157 0.0017157 2 2 2
0.0603165 0.00169409 0.00169409 2 2 2
0.0600831 0.0016726 0.0016726 2 2 2
0.0598493 0.00165121 0.00165121 2 2 2
0.0596142 0.00162982 0.00162982 2 2 2
0.0593008 0.00160128 0.00160128 2 2 2
0.0590062 0.00157464 0.00157464 2 2 2
0.0587105 0.00154809 0.00154809 2 2 2
0.0584137 0.00152162 0.00152162 2 2 2
0.0581159 0.00149525 0.00149525 2 2 2
0.0578173 0.00146899 0.00146899 2 2 2
0.0575178 0.00144285 0.00144285 2 2 2
0.0572177 0.00141685 0.00141685 2 2 2
0.0569169 0.00139098 0.00139098 2 2 2
0.0566154 0.00136524 0.00136524 2 2 2
0.0563058 0.00133897 0.00133897 2 2 2
0.055996 0.00131288 0.00131288 2 2 2
0.0556854 0.00128693 0.00128693 2 2 2
0.0553741 0.00126113 0.00126113 2 2 2
0.0550621 0.00123547 0.00123547 2 2 2
0.0547492 0.00120995 0.00120995 2 2 2
0.0544353 0.00118454 0.00118454 2 2 2
0.0541204 0.00115926 0.00115926 2 2 2
0.0538044 0.00113411 0.00113411 2 2 2
0.0534877 0.00110911 0.00110911 2 2 2
0.0531701 0.00108426 0.00108426 2 2 2
0.052851 0.00105949 0.00105949 2 2 2
0.0525307 0.00103484 0.00103484 2 2 2
0.0522097 0.00101037 0.00101037 2 2 2
0.0518879 0.000986042 0.000986042 2 2 2
0.0515649 0.000961842 0.000961842 2 2 2
0.0512409 0.000937795 0.000937795 2 2 2
0.0509159 0.000913892 0.000913892 2 2 2
0.0505899 0.000890135 0.000890135 2 2 2
0.0502639 0.000866614 0.000866614 2 2 2
0.0499369 0.000843247 0.000843247 2 2 2
0.0496093 0.000820075 0.000820075 2 2 2
0.0492809 0.000797065 0.000797065 2 2 2
0.0489771 0.000776236 0.000776236 2 2 2
0.0486805 0.000756094 0.000756094 2 2 2
0.0483834 0.000736116 0.000736116 2 2 2
0.0480856 0.000716278 0.000716278 2 2 2
0.0477868 0.000696571 0.000696571 2 2 2
0.047487 0.000676994 0.000676994 2 2 2
0.0471866 0.000657572 0.000657572 2 2 2
0.0468855 0.000638303 0.000638303 2 2 2
0.0465838 0.000619199 0.000619199 2 2 2
0.0462809 0.00060021 0.00060021 2 2 2
0.0459777 0.000581414 0.000581414 2 2 2
0.0456743 0.000562809 0.000562809 2 2 2
0.04537 0.000544346 0.000544346 2 2 2
0.045065 0.000526047 0.000526047 2 2 2
0.0447588 0.000507874 0.000507874 2 2 2
0.0444514 0.000489836 0.000489836 2 2 2
0.0441435 0.000471971 0.000471971 2 2 2
0.0438343 0.000454242 0.000454242 2 2 2
0.0435242 0.000436662 0.000436662 2 2 2
0.0432128 0.000419225 0.000419225 2 2 2
0.0429009 0.000401964 0.000401964 2 2 2
0.0425878 0.000384853 0.000384853 2 2 2
0.0422732 0.000367865 0.000367865 2 2 2
0.0419579 0.000351059 0.000351059 2 2 2
0.0416424 0.000334459 0.000334459 2 2 2
0.0413258 0.000318021 0.000318021 2 2 2
0.0410084 0.000301757 0.000301757 2 2 2
0.0406918 0.000285762 0.000285762 2 2 2
0.0403748 0.000269971 0.000269971 2 2 2
0.0400576 0.000254391 0.000254391 2 2 2
0.0397397 0.000238999 0.000238999 2 2 2
0.0394206 0.000223764 0.000223764 2 2 2
0.0391008 0.00020872 0.00020872 2 2 2
0.0387799 0.000193839 0.000193839 2 2 2
0.038458 0.000179141 0.000179141 2 2 2
0.0381352 0.000164625 0.000164625 2 2 2
0.0378132 0.000150377 0.000150377 2 2 2
0.0374894 0.00013627 0.00013627 2 2 2
0.0371643 0.000122333 0.000122333 2 2 2
0.0368384 0.00010859 0.00010859 2 2 2
0.0365117 9.50409e-05 9.50409e-05 2 2 2
0.036184 8.16857e-05 8.16857e-05 2 2 2
0.0358582 6.86534e-05 6.86534e-05 2 2 2
0.0355316 5.58207e-05 5.58207e-05 2 2 2
0.0352039 4.31779e-05 4.31779e-05 2 2 2
0.034875 3.07122e-05 3.07122e-05 2 2 2
0.0345454 1.84593e-05 1.84593e-05 2 2 2
0.0342142 6.3725e-06 6.3725e-06 2 2 2
0.0338822 -5.50304e-06 -5.50304e-06 2 2 2
0.0335497 -1.71612e-05 -1.71612e-05 2 2 2
0.0332163 -2.86099e-05 -2.86099e-05 2 2 2
0.032889 -3.95775e-05 -3.95775e-05 2 2 2
0.032575 -4.97552e-05 -4.97552e-05 2 2 2
0.0322608 -5.97284e-05 -5.97284e-05 2 2 2
0.0319336 -6.9968e-05 -6.9968e-05 2 2 2
0.0316514 -7.82756e-05 -7.82756e-05 2 2 2
0.0313751 -8.62374e-05 -8.62374e-05 2 2 2
0.0310987 -9.40488e-05 -9.40488e-05 2 2 2
0.0308254 -0.000101576 -0.000101576 2 2 2
0.0305523 -0.000108936 -0.000108936 2 2 2
0.030243 -0.000117329 -0.000117329 2 2 2
0.02994 -0.000125326 -0.000125326 2 2 2
0.0296299 -0.000133355 -0.000133355 2 2 2
0.029316 -0.000141299 -0.000141299 2 2 2
0.0290011 -0.000149067 -0.000149067 2 2 2
0.0286844 -0.00015667 -0.00015667 2 2 2
0.0283669 -0.000164083 -0.000164083 2 2 2
0.0280475 -0.000171332 -0.000171332 2 2 2
0.0277278 -0.000178371 -0.000178371 2 2 2
0.0274074 -0.000185211 -0.000185211 2 2 2
0.0270864 -0.000191845 -0.000191845 2 2 2
0.0267646 -0.000198281 -0.000198281 2 2 2
0.026443 -0.000204491 -0.000204491 2 2 2
0.0261229 -0.00021044 -0.00021044 2 2 2
0.0258025 -0.000216178 -0.000216178 2 2 2
0.0254817 -0.000221704 -0.000221704 2 2 2
0.0251597 -0.000227042 -0.000227042 2 2 2
0.0248369 -0.000232177 -0.000232177 2 2 2
0.0245144 -0.000237084 -0.000237084 2 2 2
0.0241916 -0.000241776 -0.000241776 2 2 2
0.0238694 -0.000246234 -0.000246234 2 2 2
0.0235455 -0.000250508 -0.000250508 2 2 2
0.023221 -0.000254571 -0.000254571 2 2 2
0.0228774 -0.000258756 -0.000258756 2 2 2
0.0225346 -0.000262683 -0.000262683 2 2 2
0.0221908 -0.000266378 -0.000266378 2 2 2
0.0218462 -0.000269837 -0.000269837 2 2 2
0.0215001 -0.000273068 -0.000273068 2 2 2
0.0211533 -0.000276057 -0.000276057 2 2 2
0.0208065 -0.000278792 -0.000278792 2 2 2
0.0204797 -0.000281014 -0.000281014 2 2 2
0.0201533 -0.000283014 -0.000283014 2 2 2
0.0199357 -0.000283574 -0.000283574 2 2 2
0.0197315 -0.00028403 -0.00028403 2 2 2
0.0195266 -0.000284414 -0.000284414 2 2 2
0.0193232 -0.000284706 -0.000284706 2 2 2
0.0191183 -0.000284932 -0.000284932 2 2 2
0.0189131 -0.00028508 -0.00028508 2 2 2
0.0187064 -0.00028516 -0.00028516 2 2 2
0.0184991 -0.000285163 -0.000285163 2 2 2
0.0182915 -0.000285088 -0.000285088 2 2 2
0.0180842 -0.000284932 -0.000284932 2 2 2
0.0178772 -0.000284694 -0.000284694 2 2 2
0.0176701 -0.000284378 -0.000284378 2 2 2
0.0174579 -0.000284005 -0.000284005 2 2 2
0.0172451 -0.000283551 -0.000283551 2 2 2
0.0170314 -0.000283017 -0.000283017 2 2 2
0.0168172 -0.000282401 -0.000282401 2 2 2
0.0166034 -0.0002817 -0.0002817 2 2 2
0.016391 -0.000280913 -0.000280913 2 2 2
0.0161773 -0.000280047 -0.000280047 2 2 2
0.015962 -0.000279101 -0.000279101 2 2 2
0.0157459 -0.000278072 -0.000278072 2 2 2
0.0155292 -0.000276959 -0.000276959 2 2 2
0.0153116 -0.000275762 -0.000275762 2 2 2
0.0150938 -0.000274481 -0.000274481 2 2 2
0.0148755 -0.000273115 -0.000273115 2 2 2
0.0146578 -0.000271665 -0.000271665 2 2 2
0.0144377 -0.000270128 -0.000270128 2 2 2
0.014191 -0.000268448 -0.000268448 2 2 2
0.0139459 -0.000266663 -0.000266663 2 2 2
0.0137007 -0.000264771 -0.000264771 2 2 2
0.0134563 -0.000262773 -0.000262773 2 2 2
0.0132118 -0.000260668 -0.000260668 2 2 2
0.0129668 -0.000258455 -0.000258455 2 2 2
0.0127217 -0.000256134 -0.000256134 2 2 2
0.0124776 -0.000253713 -0.000253713 2 2 2
0.0122321 -0.000251179 -0.000251179 2 2 2
0.0119891 -0.000248556 -0.000248556 2 2 2
0.0117487 -0.000245848 -0.000245848 2 2 2
0.0115065 -0.000243026 -0.000243026 2 2 2
0.0112608 -0.000240076 -0.000240076 2 2 2
0.011016 -0.000237029 -0.000237029 2 2 2
0.0107718 -0.000233885 -0.000233885 2 2 2
0.0105274 -0.000230636 -0.000230636 2 2 2
0.0102801 -0.000227257 -0.000227257 2 2 2
0.0100328 -0.000223774 -0.000223774 2 2 2
0.00978868 -0.000220223 -0.000220223 2 2 2
0.00954423 -0.000216568 -0.000216568 2 2 2
0.00929782 -0.000212789 -0.000212789 2 2 2
0.00905119 -0.000208907 -0.000208907 2 2 2
0.00880335 -0.000204907 -0.000204907 2 2 2
0.00855475 -0.000200796 -0.000200796 2 2 2
0.00830587 -0.000196579 -0.000196579 2 2 2
0.00805588 -0.000192244 -0.000192244 2 2 2
0.00780442 -0.000187784 -0.000187784 2 2 2
0.00755292 -0.00018322 -0.00018322 2 2 2
0.0083103 -0.000193334 -0.000193334 2 2 2
0.00857422 -0.000196522 -0.000196522 2 2 2
0.00883731 -0.000199523 -0.000199523 2 2 2
0.0090987 -0.000202327 -0.000202327 2 2 2
0.0093575 -0.000204928 -0.000204928 2 2 2
0.00961838 -0.000207388 -0.000207388 2 2 2
0.00987785 -0.000209663 -0.000209663 2 2 2
0.0101428 -0.000211835 -0.000211835 2 2 2
0.010407 -0.000213828 -0.000213828 2 2 2
0.0106702 -0.000215639 -0.000215639 2 2 2
0.0109317 -0.000217266 -0.000217266 2 2 2
0.0111917 -0.000218713 -0.000218713 2 2 2
0.011451 -0.00021999 -0.00021999 2 2 2
0.0117107 -0.000221108 -0.000221108 2 2 2
0.011974 -0.000222092 -0.000222092 2 2 2
0.0122388 -0.000222922 -0.000222922 2 2 2
0.0125031 -0.000223582 -0.000223582 2 2 2
0.0127662 -0.00022407 -0.00022407 2 2 2
0.0130307 -0.000224402 -0.000224402 2 2 2
0.0132945 -0.000224567 -0.000224567 2 2 2
0.0135708 -0.000224626 -0.000224626 2 2 2
0.0138755 -0.000224624 -0.000224624 2 2 2
0.0141787 -0.000224411 -0.000224411 2 2 2
0.0144823 -0.000223995 -0.000223995 2 2 2
0.0147845 -0.00022337 -0.00022337 2 2 2
0.0150959 -0.00022256 -0.00022256 2 2 2
0.015408 -0.000221538 -0.000221538 2 2 2
0.0157185 -0.000220303 -0.000220303 2 2 2
0.0160277 -0.000218857 -0.000218857 2 2 2
0.016336 -0.000217204 -0.000217204 2 2 2
0.0166435 -0.000215345 -0.000215345 2 2 2
0.0169504 -0.000213285 -0.000213285 2 2 2
0.017257 -0.000211023 -0.000211023 2 2 2
0.0175639 -0.000208559 -0.000208559 2 2 2
0.0178707 -0.000205895 -0.000205895 2 2 2
0.0181772 -0.000203033 -0.000203033 2 2 2
0.0184818 -0.000199981 -0.000199981 2 2 2
0.0187873 -0.00019673 -0.00019673 2 2 2
0.0190892 -0.000193305 -0.000193305 2 2 2
0.0193892 -0.000189702 -0.000189702 2 2 2
0.0196881 -0.000185919 -0.000185919 2 2 2
0.0199863 -0.000181957 -0.000181957 2 2 2
0.0202841 -0.000177814 -0.000177814 2 2 2
0.0205815 -0.000173493 -0.000173493 2 2 2
0.0208782 -0.000168998 -0.000168998 2 2 2
0.021176 -0.000164313 -0.000164313 2 2 2
0.0214745 -0.00015944 -0.00015944 2 2 2
0.0217731 -0.000154388 -0.000154388 2 2 2
0.0220706 -0.000149169 -0.000149169 2 2 2
0.0223676 -0.00014378 -0.00014378 2 2 2
0.0226639 -0.000138224 -0.000138224 2 2 2
0.0229591 -0.00013251 -0.00013251 2 2 2
0.0232543 -0.000126623 -0.000126623 2 2 2
0.0235489 -0.000120574 -0.000120574 2 2 2
0.0238425 -0.000114371 -0.000114371 2 2 2
0.0241344 -0.000108028 -0.000108028 2 2 2
0.0244257 -0.000101527 -0.000101527 2 2 2
0.0247176 -9.48547e-05 -9.48547e-05 2 2 2
0.025009 -8.80281e-05 -8.80281e-05 2 2 2
0.0253003 -8.10407e-05 -8.10407e-05 2 2 2
0.0255912 -7.38993e-05 -7.38993e-05 2 2 2
0.0258812 -6.66164e-05 -6.66164e-05 2 2 2
0.0261726 -5.91486e-05 -5.91486e-05 2 2 2
0.0264638 -5.15255e-05 -5.15255e-05 2 2 2
0.026753 -4.37852e-05 -4.37852e-05 2 2 2
0.0270418 -3.58983e-05 -3.58983e-05 2 2 2
0.0273304 -2.78624e-05 -2.78624e-05 2 2 2
0.0276181 -1.96947e-05 -1.96947e-05 2 2 2
0.0279049 -1.13963e-05 -1.13963e-05 2 2 2
0.0281911 -2.96134e-06 -2.96134e-06 2 2 2
0.0284762 5.59555e-06 5.59555e-06 2 2 2
0.0287633 1.43462e-05 1.43462e-05 2 2 2
0.029051 2.32572e-05 2.32572e-05 2 2 2
0.0293383 3.23041e-05 3.23041e-05 2 2 2
0.0296251 4.14853e-05 4.14853e-05 2 2 2
0.0299109 5.07866e-05 5.07866e-05 2 2 2
0.0301925 6.01164e-05 6.01164e-05 2 2 2
0.0304735 6.95704e-05 6.95704e-05 2 2 2
0.0307551 7.9177e-05 7.9177e-05 2 2 2
0.0310363 8.89078e-05 8.89078e-05 2 2 2
0.0313172 9.87669e-05 9.87669e-05 2 2 2
0.0315981 0.00010876 0.00010876 2 2 2
0.0318783 0.000118865 0.000118865 2 2 2
0.0321582 0.000129093 0.000129093 2 2 2
0.0324367 0.000139408 0.000139408 2 2 2
0.0327167 0.0001499 0.0001499 2 2 2
0.0329964 0.00016051 0.00016051 2 2 2
0.0332744 0.000171196 0.000171196 2 2 2
0.0335523 0.000182004 0.000182004 2 2 2
0.0338302 0.00019294 0.00019294 2 2 2
0.0341078 0.000203988 0.000203988 2 2 2
0.0343846 0.000215136 0.000215136 2 2 2
0.0346611 0.000226394 0.000226394 2 2 2
0.0349339 0.000237647 0.000237647 2 2 2
0.0352052 0.000248962 0.000248962 2 2 2
0.0354759 0.000260372 0.000260372 2 2 2
0.0357461 0.000271883 0.000271883 2 2 2
0.0360092 0.000283243 0.000283243 2 2 2
0.0362717 0.000294692 0.000294692 2 2 2
0.036534 0.000306233 0.000306233 2 2 2
0.0367956 0.000317856 0.000317856 2 2 2
0.0370567 0.000329562 0.000329562 2 2 2
0.037317 0.000341336 0.000341336 2 2 2
0.0375769 0.000353196 0.000353196 2 2 2
0.037836 0.000365125 0.000365125 2 2 2
0.0380949 0.000377146 0.000377146 2 2 2
0.0383529 0.000389224 0.000389224 2 2 2
0.0386102 0.000401372 0.000401372 2 2 2
0.0388662 0.000413563 0.000413563 2 2 2
0.0391215 0.000425818 0.000425818 2 2 2
0.0393764 0.000438146 0.000438146 2 2 2
0.0396303 0.000450524 0.000450524 2 2 2
0.0398835 0.00046296 0.00046296 2 2 2
0.040136 0.00047546 0.00047546 2 2 2
0.040389 0.000488063 0.000488063 2 2 2
0.0406414 0.000500731 0.000500731 2 2 2
0.0408907 0.000513345 0.000513345 2 2 2
0.0411393 0.000526016 0.000526016 2 2 2
0.0413881 0.000538773 0.000538773 2 2 2
0.0416367 0.000551605 0.000551605 2 2 2
0.0418847 0.000564491 0.000564491 2 2 2
0.0421312 0.000577389 0.000577389 2 2 2
0.0423771 0.000590335 0.000590335 2 2 2
0.0426225 0.000603333 0.000603333 2 2 2
0.0428673 0.000616385 0.000616385 2 2 2
0.0431117 0.000629487 0.000629487 2 2 2
0.0433562 0.000642676 0.000642676 2 2 2
0.0435999 0.000655896 0.000655896 2 2 2
0.0438429 0.000669153 0.000669153 2 2 2
0.0441129 0.000683813 0.000683813 2 2 2
0.0443809 0.000698461 0.000698461 2 2 2
0.0446484 0.000713174 0.000713174 2 2 2
0.0449154 0.000727952 0.000727952 2 2 2
0.0451815 0.000742773 0.000742773 2 2 2
0.0454472 0.000757661 0.000757661 2 2 2
0.0457108 0.000772524 0.000772524 2 2 2
0.0459707 0.000787286 0.000787286 2 2 2
0.0462312 0.000802156 0.000802156 2 2 2
0.046491 0.00081707 0.00081707 2 2 2
0.0467497 0.000832005 0.000832005 2 2 2
0.0470078 0.00084699 0.00084699 2 2 2
0.0472649 0.000861995 0.000861995 2 2 2
0.0475243 0.000877201 0.000877201 2 2 2
0.0477833 0.000892461 0.000892461 2 2 2
0.0480436 0.000907871 0.000907871 2 2 2
0.0483034 0.000923328 0.000923328 2 2 2
0.0485607 0.000938728 0.000938728 2 2 2
0.0488182 0.000954204 0.000954204 2 2 2
0.0490766 0.000969809 0.000969809 2 2 2
0.0493344 0.000985451 0.000985451 2 2 2
0.0496114 0.00100226 0.00100226 2 2 2
0.0498853 0.00101898 0.00101898 2 2 2
0.0501583 0.00103573 0.00103573 2 2 2
0.0504306 0.00105252 0.00105252 2 2 2
0.0507022 0.00106936 0.00106936 2 2 2
0.0509735 0.00108626 0.00108626 2 2 2
0.0512439 0.00110318 0.00110318 2 2 2
0.0515146 0.00112021 0.00112021 2 2 2
0.0517846 0.00113726 0.00113726 2 2 2
0.0520531 0.00115432 0.00115432 2 2 2
0.0523208 0.00117139 0.00117139 2 2 2
0.0525849 0.00118832 0.00118832 2 2 2
0.0528473 0.00120522 0.00120522 2 2 2
0.0531091 0.00122215 0.00122215 2 2 2
0.0533619 0.00123858 0.00123858 2 2 2
0.0536145 0.00125507 0.00125507 2 2 2
0.0538656 0.00127152 0.00127152 2 2 2
0.0541162 0.001288 0.001288 2 2 2
0.0543391 0.00130276 0.00130276 2 2 2
0.0545595 0.00131741 0.00131741 2 2 2
0.0547813 0.00133217 0.00133217 2 2 2
0.0550033 0.00134699 0.00134699 2 2 2
0.055225 0.00136184 0.00136184 2 2 2
0.0554464 0.0013767 0.0013767 2 2 2
0.0556676 0.00139158 0.00139158 2 2 2
0.0558882 0.00140646 0.00140646 2 2 2
0.0561059 0.00142119 0.00142119 2 2 2
0.0563228 0.00143589 0.00143589 2 2 2
0.0565395 0.00145062 0.00145062 2 2 2
0.0567559 0.00146536 0.00146536 2 2 2
0.0569698 0.00147996 0.00147996 2 2 2
0.0571828 0.00149454 0.00149454 2 2 2
0.057401 0.00150949 0.00150949 2 2 2
0.0576171 0.00152434 0.00152434 2 2 2
0.057832 0.00153914 0.00153914 2 2 2
0.0580458 0.00155389 0.00155389 2 2 2
0.0582589 0.00156862 0.00156862 2 2 2
0.0584705 0.00158328 0.00158328 2 2 2
0.058682 0.00159796 0.00159796 2 2 2
0.0588931 0.00161263 0.00161263 2 2 2
0.0591042 0.00162733 0.00162733 2 2 2
0.0593148 0.00164203 0.00164203 2 2 2
0.059525 0.00165672 0.00165672 2 2 2
0.0597353 0.00167145 0.00167145 2 2 2
0.059945 0.00168615 0.00168615 2 2 2
0.0601572 0.00170106 0.00170106 2 2 2
0.0603688 0.00171596 0.00171596 2 2 2
0.0605797 0.00173083 0.00173083 2 2 2
0.0607915 0.00174579 0.00174579 2 2 2
0.0610029 0.00176074 0.00176074 2 2 2
0.061214 0.0017757 0.0017757 2 2 2
0.0614243 0.00179062 0.00179062 2 2 2
0.0616344 0.00180555 0.00180555 2 2 2
0.0618442 0.00182048 0.00182048 2 2 2
0.0620541 0.00183544 0.00183544 2 2 2
0.0622646 0.00185047 0.00185047 2 2 2
0.0624746 0.00186548 0.00186548 2 2 2
0.0626837 0.00188044 0.00188044 2 2 2
0.0628922 0.00189538 0.00189538 2 2 2
0.0631016 0.00191041 0.00191041 2 2 2
0.0633106 0.00192544 0.00192544 2 2 2
0.0635191 0.00194044 0.00194044 2 2 2
0.0637265 0.00195537 0.00195537 2 2 2
0.063933 0.00197026 0.00197026 2 2 2
0.0641393 0.00198516 0.00198516 2 2 2
0.0643466 0.00200014 0.00200014 2 2 2
0.0645537 0.00201513 0.00201513 2 2 2
0.0647598 0.00203006 0.00203006 2 2 2
0.0649695 0.00204528 0.00204528 2 2 2
0.0651786 0.00206049 0.00206049 2 2 2
0.0653866 0.00207562 0.00207562 2 2 2
0.0655948 0.00209078 0.00209078 2 2 2
0.0658023 0.0021059 0.0021059 2 2 2
0.0660095 0.00212103 0.00212103 2 2 2
0.0662163 0.00213613 0.00213613 2 2 2
0.0664229 0.00215123 0.00215123 2 2 2
0.0666288 0.0021663 0.0021663 2 2 2
0.0668336 0.00218129 0.00218129 2 2 2
0.0670372 0.0021962 0.0021962 2 2 2
0.0672413 0.00221116 0.00221116 2 2 2
0.0674451 0.0022261 0.0022261 2 2 2
0.0676456 0.0022408 0.0022408 2 2 2
0.0678459 0.00225549 0.00225549 2 2 2
0.0680459 0.00227017 0.00227017 2 2 2
0.0682455 0.00228482 0.00228482 2 2 2
0.0684453 0.0022995 0.0022995 2 2 2
0.0686446 0.00231416 0.00231416 2 2 2
0.068843 0.00232874 0.00232874 2 2 2
0.0690409 0.00234329 0.00234329 2 2 2
0.0692384 0.00235782 0.00235782 2 2 2
0.0694344 0.00237223 0.00237223 2 2 2
0.0696297 0.0023866 0.0023866 2 2 2
0.0698247 0.00240094 0.00240094 2 2 2
0.0700198 0.0024153 0.0024153 2 2 2
0.0702128 0.00242949 0.00242949 2 2 2
0.0704136 0.00244435 0.00244435 2 2 2
0.0706139 0.00245917 0.00245917 2 2 2
0.0708139 0.00247398 0.00247398 2 2 2
0.0710135 0.00248876 0.00248876 2 2 2
0.0712126 0.00250351 0.00250351 2 2 2
0.0714134 0.00251841 0.00251841 2 2 2
0.0716137 0.00253328 0.00253328 2 2 2
0.071814 0.00254816 0.00254816 2 2 2
0.0720143 0.00256305 0.00256305 2 2 2
0.0722141 0.0025779 0.0025779 2 2 2
0.0724131 0.00259269 0.00259269 2 2 2
0.0726116 0.00260745 0.00260745 2 2 2
0.0728097 0.00262217 0.00262217 2 2 2
0.0730074 0.00263686 0.00263686 2 2 2
0.0732048 0.00265154 0.00265154 2 2 2
0.0734021 0.00266622 0.00266622 2 2 2
0.073599 0.00268086 0.00268086 2 2 2
0.0737947 0.0026954 0.0026954 2 2 2
0.0739899 0.0027099 0.0027099 2 2 2
0.0741846 0.00272436 0.00272436 2 2 2
0.074379 0.0027388 0.0027388 2 2 2
0.074573 0.00275321 0.00275321 2 2 2
0.0747664 0.00276757 0.00276757 2 2 2
0.0749597 0.00278192 0.00278192 2 2 2
0.0751526 0.00279624 0.00279624 2 2 2
0.0753454 0.00281055 0.00281055 2 2 2
0.0755376 0.00282482 0.00282482 2 2 2
0.0757288 0.00283899 0.00283899 2 2 2
0.0759195 0.00285312 0.00285312 2 2 2
0.0761097 0.0028672 0.0028672 2 2 2
0.0762991 0.0028812 0.0028812 2 2 2
0.076486 0.00289498 0.00289498 2 2 2
0.0766724 0.00290871 0.00290871 2 2 2
0.0768584 0.0029224 0.0029224 2 2 2
0.0770434 0.002936 0.002936 2 2 2
0.0772259 0.00294937 0.00294937 2 2 2
0.077409 0.00296278 0.00296278 2 2 2
0.077592 0.00297618 0.00297618 2 2 2
0.0777751 0.00298959 0.00298959 2 2 2
0.0779546 0.00300266 0.00300266 2 2 2
0.078134 0.00301571 0.00301571 2 2 2
0.0783133 0.00302876 0.00302876 2 2 2
0.0784925 0.00304177 0.00304177 2 2 2
0.0786658 0.00305423 0.00305423 2 2 2
0.0788386 0.00306663 0.00306663 2 2 2
0.0790049 0.00307841 0.00307841 2 2 2
0.0791704 0.0030901 0.0030901 2 2 2
0.0793362 0.00310181 0.00310181 2 2 2
0.0795006 0.00311337 0.00311337 2 2 2
0.0796765 0.00312602 0.00312602 2 2 2
0.0798538 0.00313881 0.00313881 2 2 2
0.0800311 0.00315159 0.00315159 2 2 2
0.0802069 0.00316422 0.00316422 2 2 2
0.0803824 0.00317682 0.00317682 2 2 2
0.0805577 0.00318938 0.00318938 2 2 2
0.0807326 0.0032019 0.0032019 2 2 2
0.0809069 0.00321437 0.00321437 2 2 2
0.0810803 0.00322672 0.00322672 2 2 2
0.0812522 0.00323893 0.00323893 2 2 2
0.0814241 0.00325113 0.00325113 2 2 2
0.0815948 0.00326319 0.00326319 2 2 2
0.0817651 0.00327521 0.00327521 2 2 2
0.0819345 0.00328714 0.00328714 2 2 2
0.082104 0.00329906 0.00329906 2 2 2
0.0822753 0.00331115 0.00331115 2 2 2
0.0824482 0.0033234 0.0033234 2 2 2
0.0826217 0.00333569 0.00333569 2 2 2
0.0827949 0.00334795 0.00334795 2 2 2
0.0829676 0.00336016 0.00336016 2 2 2
0.0831399 0.00337231 0.00337231 2 2 2
0.0833119 0.00338442 0.00338442 2 2 2
0.0834834 0.00339648 0.00339648 2 2 2
0.0836558 0.00340862 0.00340862 2 2 2
0.0838272 0.00342064 0.00342064 2 2 2
0.0839988 0.00343268 0.00343268 2 2 2
0.0841699 0.00344467 0.00344467 2 2 2
0.0843364 0.00345616 0.00345616 2 2 2
0.0845026 0.00346762 0.00346762 2 2 2
0.0846678 0.00347897 0.00347897 2 2 2
0.0848286 0.00348984 0.00348984 2 2 2
0.0849886 0.00350062 0.00350062 2 2 2
0.0851484 0.00351137 0.00351137 2 2 2
0.0853081 0.00352209 0.00352209 2 2 2
0.0854678 0.0035328 0.0035328 2 2 2
0.0856274 0.00354348 0.00354348 2 2 2
0.0857866 0.00355411 0.00355411 2 2 2
0.0859458 0.00356473 0.00356473 2 2 2
0.0861048 0.00357531 0.00357531 2 2 2
0.0862635 0.00358585 0.00358585 2 2 2
0.0864218 0.00359633 0.00359633 2 2 2
0.0865798 0.00360676 0.00360676 2 2 2
0.0867351 0.0036169 0.0036169 2 2 2
0.0868904 0.00362702 0.00362702 2 2 2
0.0870452 0.00363707 0.00363707 2 2 2
0.0871998 0.00364709 0.00364709 2 2 2
0.0873539 0.00365704 0.00365704 2 2 2
0.0875069 0.00366686 0.00366686 2 2 2
0.0876549 0.00367613 0.00367613 2 2 2
0.0878025 0.00368533 0.00368533 2 2 2
0.0879503 0.00369455 0.00369455 2 2 2
0.0880975 0.00370368 0.00370368 2 2 2
0.088245 0.00371283 0.00371283 2 2 2
0.0883922 0.00372192 0.00372192 2 2 2
0.0885375 0.0037308 0.0037308 2 2 2
0.0886833 0.00373972 0.00373972 2 2 2
0.0888291 0.0037486 0.0037486 2 2 2
0.0889742 0.0037574 0.0037574 2 2 2
0.0891191 0.00376616 0.00376616 2 2 2
0.0892639 0.00377488 0.00377488 2 2 2
0.0894017 0.00378285 0.00378285 2 2 2
0.0895385 0.00379068 0.00379068 2 2 2
0.0896764 0.00379862 0.00379862 2 2 2
0.0898155 0.00380665 0.00380665 2 2 2
0.0899549 0.00381469 0.00381469 2 2 2
0.0900939 0.00382267 0.00382267 2 2 2
0.0902326 0.00383061 0.00383061 2 2 2
0.0903711 0.00383849 0.00383849 2 2 2
0.0905093 0.00384632 0.00384632 2 2 2
0.0906468 0.00385406 0.00385406 2 2 2
0.0907839 0.00386173 0.00386173 2 2 2
0.0909204 0.0038693 0.0038693 2 2 2
0.0910565 0.00387683 0.00387683 2 2 2
0.0911925 0.00388431 0.00388431 2 2 2
0.091328 0.00389172 0.00389172 2 2 2
0.0914614 0.00389888 0.00389888 2 2 2
0.0915958 0.00390613 0.00390613 2 2 2
0.0917301 0.00391334 0.00391334 2 2 2
0.0918646 0.00392054 0.00392054 2 2 2
0.0919968 0.00392748 0.00392748 2 2 2
0.0921289 0.00393439 0.00393439 2 2 2
0.0922605 0.00394121 0.00394121 2 2 2
0.0923922 0.00394802 0.00394802 2 2 2
0.0925239 0.00395481 0.00395481 2 2 2
0.092656 0.00396162 0.00396162 2 2 2
0.0927837 0.00396793 0.00396793 2 2 2
0.0929098 0.00397404 0.00397404 2 2 2
0.0930355 0.00398008 0.00398008 2 2 2
0.0931854 0.0039887 0.0039887 2 2 2
0.093322 0.00399586 0.00399586 2 2 2
0.0934567 0.00400282 0.00400282 2 2 2
0.0935911 0.00400971 0.00400971 2 2 2
0.0937247 0.00401651 0.00401651 2 2 2
0.0938573 0.00402316 0.00402316 2 2 2
0.0939898 0.00402978 0.00402978 2 2 2
0.0941217 0.00403631 0.00403631 2 2 2
0.0942533 0.00404278 0.00404278 2 2 2
0.0943845 0.00404919 0.00404919 2 2 2
0.0945164 0.00405563 0.00405563 2 2 2
0.094648 0.00406204 0.00406204 2 2 2
0.0947902 0.0040696 0.0040696 2 2 2
0.094932 0.00407712 0.00407712 2 2 2
0.0950729 0.00408451 0.00408451 2 2 2
0.0952135 0.00409186 0.00409186 2 2 2
0.0953544 0.00409921 0.00409921 2 2 2
0.0954951 0.00410653 0.00410653 2 2 2
0.0956354 0.00411377 0.00411377 2 2 2
0.0957755 0.00412098 0.00412098 2 2 2
0.0959159 0.0041282 0.0041282 2 2 2
0.096056 0.00413537 0.00413537 2 2 2
0.0961955 0.00414244 0.00414244 2 2 2
0.0963347 0.00414947 0.00414947 2 2 2
0.0964727 0.00415633 0.00415633 2 2 2
0.0966103 0.00416313 0.00416313 2 2 2
0.0967477 0.00416988 0.00416988 2 2 2
0.0968853 0.00417665 0.00417665 2 2 2
0.0970229 0.00418338 0.00418338 2 2 2
0.097159 0.00418993 0.00418993 2 2 2
0.0972947 0.0041964 0.0041964 2 2 2
0.0974303 0.00420284 0.00420284 2 2 2
0.0975721 0.00421 0.00421 2 2 2
0.0977138 0.00421714 0.00421714 2 2 2
0.0978552 0.00422424 0.00422424 2 2 2
0.0979963 0.00423127 0.00423127 2 2 2
0.0981369 0.00423823 0.00423823 2 2 2
0.0982696 0.0042442 0.0042442 2 2 2
0.0984016 0.00425007 0.00425007 2 2 2
0.0985333 0.00425589 0.00425589 2 2 2
0.0986649 0.00426168 0.00426168 2 2 2
0.0987961 0.0042674 0.0042674 2 2 2
0.0989331 0.0042738 0.0042738 2 2 2
0.0990696 0.00428012 0.00428012 2 2 2
0.099205 0.00428629 0.00428629 2 2 2
0.0993404 0.00429245 0.00429245 2 2 2
0.0994787 0.00429894 0.00429894 2 2 2
0.0996176 0.0043055 0.0043055 2 2 2
0.0997567 0.00431206 0.00431206 2 2 2
0.0998953 0.00431854 0.00431854 2 2 2
0.100034 0.00432497 0.00432497 2 2 2
0.100172 0.00433137 0.00433137 2 2 2
0.10031 0.00433776 0.00433776 2 2 2
0.100448 0.0043441 0.0043441 2 2 2
0.100586 0.00435039 0.00435039 2 2 2
0.100723 0.00435666 0.00435666 2 2 2
0.100859 0.00436272 0.00436272 2 2 2
0.100995 0.00436874 0.00436874 2 2 2
0.101131 0.00437473 0.00437473 2 2 2
0.101265 0.00438043 0.00438043 2 2 2
0.101398 0.00438606 0.00438606 2 2 2
0.101531 0.00439157 0.00439157 2 2 2
0.101662 0.00439685 0.00439685 2 2 2
0.101793 0.00440221 0.00440221 2 2 2
0.101924 0.00440748 0.00440748 2 2 2
0.102055 0.00441276 0.00441276 2 2 2
0.102183 0.00441759 0.00441759 2 2 2
0.102311 0.00442238 0.00442238 2 2 2
0.102438 0.0044271 0.0044271 2 2 2
0.102563 0.00443153 0.00443153 2 2 2
0.102688 0.00443585 0.00443585 2 2 2
0.102813 0.00444023 0.00444023 2 2 2
0.102938 0.0044446 0.0044446 2 2 2
0.103063 0.00444886 0.00444886 2 2 2
0.103188 0.00445315 0.00445315 2 2 2
0.103313 0.00445742 0.00445742 2 2 2
0.103438 0.0044617 0.0044617 2 2 2
0.103563 0.00446601 0.00446601 2 2 2
0.103688 0.00447024 0.00447024 2 2 2
0.103812 0.00447432 0.00447432 2 2 2
0.103938 0.00447853 0.00447853 2 2 2
0.104063 0.0044827 0.0044827 2 2 2
0.104187 0.00448683 0.00448683 2 2 2
0.104312 0.00449092 0.00449092 2 2 2
0.104436 0.00449492 0.00449492 2 2 2
0.104561 0.00449891 0.00449891 2 2 2
0.104683 0.00450271 0.00450271 2 2 2
0.104806 0.00450643 0.00450643 2 2 2
0.10493 0.00451037 0.00451037 2 2 2
0.105054 0.00451426 0.00451426 2 2 2
0.105178 0.00451809 0.00451809 2 2 2
0.105304 0.00452216 0.00452216 2 2 2
0.105429 0.0045262 0.0045262 2 2 2
0.105554 0.00453012 0.00453012 2 2 2
0.105679 0.00453398 0.00453398 2 2 2
0.105803 0.00453779 0.00453779 2 2 2
0.105927 0.00454162 0.00454162 2 2 2
0.106061 0.00454673 0.00454673 2 2 2
0.106195 0.00455183 0.00455183 2 2 2
0.106329 0.00455692 0.00455692 2 2 2
0.106461 0.00456176 0.00456176 2 2 2
0.106593 0.00456664 0.00456664 2 2 2
0.106724 0.0045713 0.0045713 2 2 2
0.106855 0.00457584 0.00457584 2 2 2
0.106984 0.00458029 0.00458029 2 2 2
0.107114 0.00458468 0.00458468 2 2 2
0.107238 0.00458828 0.00458828 2 2 2
0.107362 0.00459195 0.00459195 2 2 2
0.107486 0.00459558 0.00459558 2 2 2
0.10761 0.00459916 0.00459916 2 2 2
0.107736 0.00460298 0.00460298 2 2 2
0.107862 0.00460673 0.00460673 2 2 2
0.107987 0.00461042 0.00461042 2 2 2
0.10811 0.00461383 0.00461383 2 2 2
0.108233 0.00461722 0.00461722 2 2 2
0.108356 0.00462057 0.00462057 2 2 2
0.10848 0.00462401 0.00462401 2 2 2
0.108605 0.00462754 0.00462754 2 2 2
0.108727 0.0046307 0.0046307 2 2 2
0.108848 0.00463381 0.00463381 2 2 2
0.10897 0.00463685 0.00463685 2 2 2
0.109091 0.00463983 0.00463983 2 2 2
0.109212 0.00464279 0.00464279 2 2 2
0.109333 0.0046457 0.0046457 2 2 2
0.109452 0.00464837 0.00464837 2 2 2
0.109571 0.00465101 0.00465101 2 2 2
0.10969 0.00465358 0.00465358 2 2 2
0.109808 0.00465608 0.00465608 2 2 2
0.109926 0.00465854 0.00465854 2 2 2
0.110045 0.00466098 0.00466098 2 2 2
0.110163 0.00466347 0.00466347 2 2 2
0.110282 0.00466595 0.00466595 2 2 2
0.1104 0.00466842 0.00466842 2 2 2
0.110519 0.00467084 0.00467084 2 2 2
0.110637 0.0046732 0.0046732 2 2 2
0.110755 0.0046755 0.0046755 2 2 2
0.110873 0.00467776 0.00467776 2 2 2
0.11099 0.00468003 0.00468003 2 2 2
0.111108 0.00468225 0.00468225 2 2 2
0.111225 0.00468445 0.00468445 2 2 2
0.111343 0.00468662 0.00468662 2 2 2
0.11146 0.00468877 0.00468877 2 2 2
0.111562 0.00468848 0.00468848 2 2 2
0.111648 0.00468609 0.00468609 2 2 2
0.111733 0.00468373 0.00468373 2 2 2
0.111819 0.00468135 0.00468135 2 2 2
0.111905 0.00467895 0.00467895 2 2 2
0.111991 0.0046765 0.0046765 2 2 2
0.112077 0.00467406 0.00467406 2 2 2
0.112163 0.00467159 0.00467159 2 2 2
0.112251 0.00466931 0.00466931 2 2 2
0.112337 0.00466679 0.00466679 2 2 2
0.112422 0.00466411 0.00466411 2 2 2
0.112506 0.00466119 0.00466119 2 2 2
0.112589 0.00465814 0.00465814 2 2 2
0.112671 0.00465503 0.00465503 2 2 2
0.112754 0.00465195 0.00465195 2 2 2
0.112837 0.00464883 0.00464883 2 2 2
0.11292 0.00464564 0.00464564 2 2 2
0.113002 0.00464237 0.00464237 2 2 2
0.113084 0.00463912 0.00463912 2 2 2
0.113168 0.00463598 0.00463598 2 2 2
0.113252 0.00463281 0.00463281 2 2 2
0.113335 0.00462959 0.00462959 2 2 2
0.113419 0.00462632 0.00462632 2 2 2
0.113501 0.00462294 0.00462294 2 2 2
0.113584 0.00461954 0.00461954 2 2 2
0.113668 0.00461616 0.00461616 2 2 2
0.113749 0.0046125 0.0046125 2 2 2
0.11383 0.0046088 0.0046088 2 2 2
0.113911 0.00460505 0.00460505 2 2 2
0.113993 0.00460143 0.00460143 2 2 2
0.114075 0.00459772 0.00459772 2 2 2
0.114176 0.00459652 0.00459652 2 2 2
0.114276 0.00459531 0.00459531 2 2 2
0.114379 0.00459444 0.00459444 2 2 2
0.114481 0.00459354 0.00459354 2 2 2
0.114584 0.0045926 0.0045926 2 2 2
0.114686 0.0045916 0.0045916 2 2 2
0.114788 0.00459056 0.00459056 2 2 2
0.11489 0.00458949 0.00458949 2 2 2
0.114991 0.00458838 0.00458838 2 2 2
0.115093 0.00458724 0.00458724 2 2 2
0.115194 0.00458607 0.00458607 2 2 2
0.115296 0.00458486 0.00458486 2 2 2
0.115397 0.00458358 0.00458358 2 2 2
0.115497 0.00458208 0.00458208 2 2 2
0.115596 0.00458052 0.00458052 2 2 2
0.115696 0.00457893 0.00457893 2 2 2
0.115793 0.00457704 0.00457704 2 2 2
0.11589 0.00457504 0.00457504 2 2 2
0.115987 0.00457298 0.00457298 2 2 2
0.116083 0.00457077 0.00457077 2 2 2
0.116178 0.00456836 0.00456836 2 2 2
0.116271 0.00456572 0.00456572 2 2 2
0.116366 0.00456321 0.00456321 2 2 2
0.11646 0.00456065 0.00456065 2 2 2
0.116554 0.00455805 0.00455805 2 2 2
0.116648 0.00455544 0.00455544 2 2 2
0.116741 0.00455265 0.00455265 2 2 2
0.116833 0.00454973 0.00454973 2 2 2
0.116925 0.00454673 0.00454673 2 2 2
0.117017 0.00454369 0.00454369 2 2 2
0.117107 0.00454032 0.00454032 2 2 2
0.117197 0.00453694 0.00453694 2 2 2
0.117287 0.00453354 0.00453354 2 2 2
0.117378 0.00453026 0.00453026 2 2 2
0.117471 0.00452721 0.00452721 2 2 2
0.117563 0.00452413 0.00452413 2 2 2
0.117655 0.00452101 0.00452101 2 2 2
0.117747 0.00451779 0.00451779 2 2 2
0.117839 0.00451455 0.00451455 2 2 2
0.11793 0.00451112 0.00451112 2 2 2
0.118022 0.00450778 0.00450778 2 2 2
0.118113 0.00450439 0.00450439 2 2 2
0.118204 0.00450096 0.00450096 2 2 2
0.118295 0.00449742 0.00449742 2 2 2
0.118386 0.00449389 0.00449389 2 2 2
0.118477 0.00449035 0.00449035 2 2 2
0.118567 0.00448665 0.00448665 2 2 2
0.118656 0.00448287 0.00448287 2 2 2
0.118746 0.00447904 0.00447904 2 2 2
0.118835 0.00447516 0.00447516 2 2 2
0.118924 0.00447123 0.00447123 2 2 2
0.119013 0.00446726 0.00446726 2 2 2
0.119102 0.0044632 0.0044632 2 2 2
0.119192 0.00445937 0.00445937 2 2 2
0.119282 0.00445549 0.00445549 2 2 2
0.119372 0.00445158 0.00445158 2 2 2
0.119462 0.00444767 0.00444767 2 2 2
0.119552 0.00444374 0.00444374 2 2 2
0.119642 0.00443975 0.00443975 2 2 2
0.119733 0.00443582 0.00443582 2 2 2
0.119823 0.00443189 0.00443189 2 2 2
0.119913 0.00442781 0.00442781 2 2 2
0.120002 0.00442363 0.00442363 2 2 2
0.120091 0.00441947 0.00441947 2 2 2
0.12018 0.00441526 0.00441526 2 2 2
0.120271 0.00441125 0.00441125 2 2 2
0.120362 0.00440721 0.00440721 2 2 2
0.120452 0.00440318 0.00440318 2 2 2
0.120544 0.00439932 0.00439932 2 2 2
0.120636 0.00439542 0.00439542 2 2 2
0.120727 0.00439148 0.00439148 2 2 2
0.120818 0.0043874 0.0043874 2 2 2
0.120907 0.00438299 0.00438299 2 2 2
0.120996 0.00437857 0.00437857 2 2 2
0.121085 0.00437415 0.00437415 2 2 2
0.121174 0.00436959 0.00436959 2 2 2
0.121262 0.00436503 0.00436503 2 2 2
0.121353 0.0043609 0.0043609 2 2 2
0.121444 0.00435677 0.00435677 2 2 2
0.121536 0.00435262 0.00435262 2 2 2
0.121627 0.00434849 0.00434849 2 2 2
0.121718 0.00434431 0.00434431 2 2 2
0.121809 0.00434011 0.00434011 2 2 2
0.121901 0.00433602 0.00433602 2 2 2
0.121993 0.00433196 0.00433196 2 2 2
0.122086 0.00432795 0.00432795 2 2 2
0.122177 0.00432373 0.00432373 2 2 2
0.122269 0.00431946 0.00431946 2 2 2
0.122359 0.00431508 0.00431508 2 2 2
0.12245 0.00431064 0.00431064 2 2 2
0.12254 0.00430618 0.00430618 2 2 2
0.122628 0.00430125 0.00430125 2 2 2
0.122716 0.00429631 0.00429631 2 2 2
0.122804 0.00429137 0.00429137 2 2 2
0.122892 0.00428641 0.00428641 2 2 2
0.12298 0.00428142 0.00428142 2 2 2
0.123067 0.00427637 0.00427637 2 2 2
0.123156 0.00427153 0.00427153 2 2 2
0.123245 0.00426666 0.00426666 2 2 2
0.123334 0.00426179 0.00426179 2 2 2
0.123422 0.00425679 0.00425679 2 2 2
0.12351 0.00425174 0.00425174 2 2 2
0.123598 0.00424664 0.00424664 2 2 2
0.123686 0.00424154 0.00424154 2 2 2
0.123773 0.00423634 0.00423634 2 2 2
0.123862 0.00423129 0.00423129 2 2 2
0.12395 0.00422621 0.00422621 2 2 2
0.124036 0.00422063 0.00422063 2 2 2
0.124122 0.0042151 0.0042151 2 2 2
0.124208 0.00420953 0.00420953 2 2 2
0.124293 0.00420392 0.00420392 2 2 2
0.124378 0.00419819 0.00419819 2 2 2
0.124463 0.0041924 0.0041924 2 2 2
0.124548 0.00418657 0.00418657 2 2 2
0.124633 0.00418076 0.00418076 2 2 2
0.124718 0.00417484 0.00417484 2 2 2
0.124802 0.00416885 0.00416885 2 2 2
0.124886 0.00416287 0.00416287 2 2 2
0.12497 0.00415681 0.00415681 2 2 2
0.125054 0.00415067 0.00415067 2 2 2
0.125137 0.00414443 0.00414443 2 2 2
0.12522 0.00413821 0.00413821 2 2 2
0.125303 0.00413193 0.00413193 2 2 2
0.125386 0.0041256 0.0041256 2 2 2
0.125468 0.00411905 0.00411905 2 2 2
0.125548 0.00411214 0.00411214 2 2 2
0.125627 0.00410509 0.00410509 2 2 2
0.125708 0.00409833 0.00409833 2 2 2
0.125789 0.00409149 0.00409149 2 2 2
0.125869 0.0040846 0.0040846 2 2 2
0.12595 0.00407766 0.00407766 2 2 2
0.12603 0.00407066 0.00407066 2 2 2
0.12611 0.00406359 0.00406359 2 2 2
0.126189 0.00405644 0.00405644 2 2 2
0.126269 0.00404931 0.00404931 2 2 2
0.126348 0.00404214 0.00404214 2 2 2
0.126427 0.00403489 0.00403489 2 2 2
0.126506 0.00402762 0.00402762 2 2 2
0.126585 0.0040203 0.0040203 2 2 2
0.126664 0.00401291 0.00401291 2 2 2
0.126743 0.0040055 0.0040055 2 2 2
0.12682 0.00399786 0.00399786 2 2 2
0.126898 0.00399021 0.00399021 2 2 2
0.126975 0.00398241 0.00398241 2 2 2
0.127052 0.00397458 0.00397458 2 2 2
0.127128 0.00396667 0.00396667 2 2 2
0.127205 0.0039587 0.0039587 2 2 2
0.127281 0.0039507 0.0039507 2 2 2
0.127357 0.00394267 0.00394267 2 2 2
0.127433 0.00393455 0.00393455 2 2 2
0.127509 0.00392645 0.00392645 2 2 2
0.127595 0.00392031 0.00392031 2 2 2
0.127681 0.00391421 0.00391421 2 2 2
0.127768 0.00390816 0.00390816 2 2 2
0.127854 0.00390212 0.00390212 2 2 2
0.127941 0.00389606 0.00389606 2 2 2
0.128027 0.00389001 0.00389001 2 2 2
0.128114 0.00388397 0.00388397 2 2 2
0.128201 0.00387791 0.00387791 2 2 2
0.128287 0.00387184 0.00387184 2 2 2
0.128374 0.00386591 0.00386591 2 2 2
0.128461 0.00385977 0.00385977 2 2 2
0.128547 0.00385367 0.00385367 2 2 2
0.128633 0.00384752 0.00384752 2 2 2
0.128719 0.00384134 0.00384134 2 2 2
0.128804 0.00383474 0.00383474 2 2 2
0.128888 0.00382811 0.00382811 2 2 2
0.128972 0.00382144 0.00382144 2 2 2
0.129056 0.00381473 0.00381473 2 2 2
0.129139 0.00380798 0.00380798 2 2 2
0.129223 0.00380121 0.00380121 2 2 2
0.129306 0.0037944 0.0037944 2 2 2
0.12939 0.00378763 0.00378763 2 2 2
0.129474 0.00378084 0.00378084 2 2 2
0.129558 0.00377418 0.00377418 2 2 2
0.129642 0.00376748 0.00376748 2 2 2
0.129725 0.00376062 0.00376062 2 2 2
0.129808 0.00375368 0.00375368 2 2 2
0.129956 0.00376132 0.00376132 2 2 2
0.130079 0.00376767 0.00376767 2 2 2
0.130201 0.00377403 0.00377403 2 2 2
0.130323 0.00378045 0.00378045 2 2 2
0.130445 0.00378688 0.00378688 2 2 2
0.130567 0.00379348 0.00379348 2 2 2
0.130689 0.00380003 0.00380003 2 2 2
0.13081 0.00380665 0.00380665 2 2 2
0.130931 0.00381329 0.00381329 2 2 2
0.131052 0.00381995 0.00381995 2 2 2
0.131173 0.00382664 0.00382664 2 2 2
0.131293 0.00383325 0.00383325 2 2 2
0.131414 0.00383987 0.00383987 2 2 2
0.131534 0.00384652 0.00384652 2 2 2
0.131653 0.0038532 0.0038532 2 2 2
0.131773 0.00385989 0.00385989 2 2 2
0.131892 0.00386661 0.00386661 2 2 2
0.132011 0.00387338 0.00387338 2 2 2
0.132131 0.00388027 0.00388027 2 2 2
0.132249 0.00388717 0.00388717 2 2 2
0.132368 0.00389411 0.00389411 2 2 2
0.132487 0.00390106 0.00390106 2 2 2
0.132605 0.0039083 0.0039083 2 2 2
0.132724 0.00391557 0.00391557 2 2 2
0.132842 0.00392278 0.00392278 2 2 2
0.13296 0.00392999 0.00392999 2 2 2
0.133077 0.00393725 0.00393725 2 2 2
0.133195 0.00394452 0.00394452 2 2 2
0.133312 0.00395182 0.00395182 2 2 2
0.133429 0.00395913 0.00395913 2 2 2
0.133546 0.00396643 0.00396643 2 2 2
0.133662 0.00397372 0.00397372 2 2 2
0.13378 0.00398208 0.00398208 2 2 2
0.133914 0.00400542 0.00400542 2 2 2
0.134028 0.00402541 0.00402541 2 2 2
0.134142 0.00404543 0.00404543 2 2 2
0.134255 0.00406551 0.00406551 2 2 2
0.134369 0.00408566 0.00408566 2 2 2
0.134482 0.00410586 0.00410586 2 2 2
0.134596 0.0041261 0.0041261 2 2 2
0.134709 0.00414639 0.00414639 2 2 2
0.134822 0.00416677 0.00416677 2 2 2
0.134935 0.00418719 0.00418719 2 2 2
0.135048 0.00420769 0.00420769 2 2 2
0.13516 0.00422826 0.00422826 2 2 2
0.135273 0.0042489 0.0042489 2 2 2
0.135385 0.0042696 0.0042696 2 2 2
0.135497 0.00429037 0.00429037 2 2 2
0.135609 0.00431133 0.00431133 2 2 2
0.13572 0.00433239 0.00433239 2 2 2
0.135832 0.00435352 0.00435352 2 2 2
0.135943 0.00437471 0.00437471 2 2 2
0.136054 0.00439597 0.00439597 2 2 2
0.136165 0.0044173 0.0044173 2 2 2
0.136275 0.00443869 0.00443869 2 2 2
0.136386 0.00446012 0.00446012 2 2 2
0.136496 0.00448164 0.00448164 2 2 2
0.136607 0.00450321 0.00450321 2 2 2
0.136717 0.00452484 0.00452484 2 2 2
0.136827 0.00454654 0.00454654 2 2 2
0.136937 0.00456825 0.00456825 2 2 2
0.137047 0.00459001 0.00459001 2 2 2
0.137157 0.00461183 0.00461183 2 2 2
0.137267 0.00463372 0.00463372 2 2 2
0.137377 0.00465566 0.00465566 2 2 2
0.137486 0.00467766 0.00467766 2 2 2
0.137596 0.00469961 0.00469961 2 2 2
0.137706 0.00472162 0.00472162 2 2 2
0.137815 0.00474372 0.00474372 2 2 2
0.137924 0.00476586 0.00476586 2 2 2
0.138034 0.00478806 0.00478806 2 2 2
0.138143 0.00481033 0.00481033 2 2 2
0.138252 0.00483267 0.00483267 2 2 2
0.13836 0.00485508 0.00485508 2 2 2
0.138469 0.00487756 0.00487756 2 2 2
0.138577 0.00490011 0.00490011 2 2 2
0.138686 0.00492273 0.00492273 2 2 2
0.138794 0.0049454 0.0049454 2 2 2
0.138902 0.00496813 0.00496813 2 2 2
0.13901 0.00499091 0.00499091 2 2 2
0.139118 0.00501379 0.00501379 2 2 2
0.139226 0.00503673 0.00503673 2 2 2
0.139333 0.00505973 0.00505973 2 2 2
0.139441 0.00508282 0.00508282 2 2 2
0.139548 0.00510598 0.00510598 2 2 2
0.139655 0.00512921 0.00512921 2 2 2
0.139762 0.0051525 0.0051525 2 2 2
0.139869 0.00517587 0.00517587 2 2 2
0.139976 0.00519932 0.00519932 2 2 2
0.140082 0.00522281 0.00522281 2 2 2
0.140189 0.00524638 0.00524638 2 2 2
0.140294 0.00527038 0.00527038 2 2 2
0.140399 0.00529468 0.00529468 2 2 2
0.140503 0.00531904 0.00531904 2 2 2
0.140607 0.00534347 0.00534347 2 2 2
0.140711 0.00536799 0.00536799 2 2 2
0.140815 0.00539257 0.00539257 2 2 2
0.140919 0.00541723 0.00541723 2 2 2
0.141023 0.00544193 0.00544193 2 2 2
0.141127 0.00546668 0.00546668 2 2 2
0.14123 0.00549149 0.00549149 2 2 2
0.141334 0.00551635 0.00551635 2 2 2
0.141437 0.00554127 0.00554127 2 2 2
0.141541 0.00556624 0.00556624 2 2 2
0.141644 0.00559128 0.00559128 2 2 2
0.141747 0.0056164 0.0056164 2 2 2
0.14185 0.00564162 0.00564162 2 2 2
0.141953 0.0056669 0.0056669 2 2 2
0.142056 0.00569224 0.00569224 2 2 2
0.142158 0.00571761 0.00571761 2 2 2
0.142261 0.00574309 0.00574309 2 2 2
0.142364 0.00576845 0.00576845 2 2 2
0.142466 0.00579387 0.00579387 2 2 2
0.142569 0.00581937 0.00581937 2 2 2
0.142671 0.00584495 0.00584495 2 2 2
0.142774 0.00587059 0.00587059 2 2 2
0.142876 0.00589629 0.00589629 2 2 2
0.142978 0.00592203 0.00592203 2 2 2
0.14308 0.00594781 0.00594781 2 2 2
0.143182 0.00597366 0.00597366 2 2 2
0.143284 0.00599957 0.00599957 2 2 2
0.143387 0.00602532 0.00602532 2 2 2
0.143489 0.00605115 0.00605115 2 2 2
0.143591 0.00607704 0.00607704 2 2 2
0.143693 0.00610299 0.00610299 2 2 2
0.143795 0.00612902 0.00612902 2 2 2
0.143897 0.0061551 0.0061551 2 2 2
0.143998 0.00618127 0.00618127 2 2 2
0.1441 0.00620752 0.00620752 2 2 2
0.1442 0.00623407 0.00623407 2 2 2
0.144302 0.00626044 0.00626044 2 2 2
0.144403 0.00628686 0.00628686 2 2 2
0.144504 0.00631339 0.00631339 2 2 2
0.144605 0.00633997 0.00633997 2 2 2
0.144706 0.00636661 0.00636661 2 2 2
0.144806 0.0063933 0.0063933 2 2 2
0.144907 0.00642006 0.00642006 2 2 2
0.145008 0.00644679 0.00644679 2 2 2
0.145108 0.00647368 0.00647368 2 2 2
0.145208 0.00650059 0.00650059 2 2 2
0.145309 0.00652756 0.00652756 2 2 2
0.145409 0.00655463 0.00655463 2 2 2
0.145509 0.00658179 0.00658179 2 2 2
0.145608 0.00660896 0.00660896 2 2 2
0.145708 0.00663622 0.00663622 2 2 2
0.145808 0.00666351 0.00666351 2 2 2
0.145908 0.00669083 0.00669083 2 2 2
0.146007 0.00671824 0.00671824 2 2 2
0.146107 0.00674569 0.00674569 2 2 2
0.146206 0.0067732 0.0067732 2 2 2
0.146305 0.00680076 0.00680076 2 2 2
0.146405 0.00682839 0.00682839 2 2 2
0.146504 0.00685608 0.00685608 2 2 2
0.146603 0.00688385 0.00688385 2 2 2
0.146701 0.00691168 0.00691168 2 2 2
0.1468 0.00693956 0.00693956 2 2 2
0.1469 0.00696714 0.00696714 2 2 2
0.146999 0.00699477 0.00699477 2 2 2
0.147099 0.00702219 0.00702219 2 2 2
0.147199 0.00704971 0.00704971 2 2 2
0.147298 0.0070773 0.0070773 2 2 2
0.147397 0.00710495 0.00710495 2 2 2
0.147497 0.00713268 0.00713268 2 2 2
0.147596 0.00716046 0.00716046 2 2 2
0.147695 0.0071883 0.0071883 2 2 2
0.147794 0.00721618 0.00721618 2 2 2
0.147893 0.00724414 0.00724414 2 2 2
0.147992 0.00727217 0.00727217 2 2 2
0.14809 0.00730025 0.00730025 2 2 2
0.148189 0.00732839 0.00732839 2 2 2
0.148287 0.0073566 0.0073566 2 2 2
0.148386 0.00738487 0.00738487 2 2 2
0.148484 0.00741327 0.00741327 2 2 2
0.148582 0.00744173 0.00744173 2 2 2
0.14868 0.00747025 0.00747025 2 2 2
0.148777 0.00749883 0.00749883 2 2 2
0.148875 0.00752759 0.00752759 2 2 2
0.148972 0.00755644 0.00755644 2 2 2
0.14907 0.00758535 0.00758535 2 2 2
0.149167 0.00761432 0.00761432 2 2 2
0.149264 0.00764336 0.00764336 2 2 2
0.149361 0.00767247 0.00767247 2 2 2
0.149458 0.0077016 0.0077016 2 2 2
0.149554 0.0077308 0.0077308 2 2 2
0.149651 0.00776013 0.00776013 2 2 2
0.149747 0.00778961 0.00778961 2 2 2
0.149844 0.00781913 0.00781913 2 2 2
0.14994 0.00784871 0.00784871 2 2 2
0.150036 0.00787838 0.00787838 2 2 2
0.150132 0.0079081 0.0079081 2 2 2
0.150228 0.00793785 0.00793785 2 2 2
0.150323 0.00796767 0.00796767 2 2 2
0.150419 0.00799755 0.00799755 2 2 2
0.150515 0.00802751 0.00802751 2 2 2
0.15061 0.0080575 0.0080575 2 2 2
0.150706 0.00808755 0.00808755 2 2 2
0.150801 0.00811766 0.00811766 2 2 2
0.150896 0.00814783 0.00814783 2 2 2
0.150991 0.00817807 0.00817807 2 2 2
0.151087 0.00820838 0.00820838 2 2 2
0.151182 0.00823876 0.00823876 2 2 2
0.151276 0.0082692 0.0082692 2 2 2
0.151371 0.00829967 0.00829967 2 2 2
0.151466 0.00833021 0.00833021 2 2 2
0.151561 0.00836081 0.00836081 2 2 2
0.151655 0.0083915 0.0083915 2 2 2
0.151749 0.00842229 0.00842229 2 2 2
0.151844 0.00845315 0.00845315 2 2 2
0.151938 0.00848408 0.00848408 2 2 2
0.152031 0.00851536 0.00851536 2 2 2
0.152124 0.00854675 0.00854675 2 2 2
0.152218 0.00857822 0.00857822 2 2 2
0.152311 0.00860973 0.00860973 2 2 2
0.152404 0.00864132 0.00864132 2 2 2
0.152497 0.00867297 0.00867297 2 2 2
0.152589 0.00870474 0.00870474 2 2 2
0.152682 0.00873657 0.00873657 2 2 2
0.152774 0.0087685 0.0087685 2 2 2
0.152867 0.00880063 0.00880063 2 2 2
0.152959 0.00883282 0.00883282 2 2 2
0.15305 0.00886506 0.00886506 2 2 2
0.153142 0.00889736 0.00889736 2 2 2
0.153234 0.00892971 0.00892971 2 2 2
0.153326 0.00896217 0.00896217 2 2 2
0.153417 0.00899469 0.00899469 2 2 2
0.153509 0.00902729 0.00902729 2 2 2
0.1536 0.00905995 0.00905995 2 2 2
0.153691 0.00909268 0.00909268 2 2 2
0.153782 0.00912546 0.00912546 2 2 2
0.153874 0.00915831 0.00915831 2 2 2
0.153965 0.00919122 0.00919122 2 2 2
0.154055 0.00922418 0.00922418 2 2 2
0.154146 0.0092572 0.0092572 2 2 2
0.154237 0.00929032 0.00929032 2 2 2
0.154328 0.0093235 0.0093235 2 2 2
0.154418 0.00935673 0.00935673 2 2 2
0.154509 0.00939011 0.00939011 2 2 2
0.154599 0.00942355 0.00942355 2 2 2
0.154689 0.00945703 0.00945703 2 2 2
0.154779 0.00949064 0.00949064 2 2 2
0.154868 0.00952445 0.00952445 2 2 2
0.154958 0.00955833 0.00955833 2 2 2
0.155047 0.00959227 0.00959227 2 2 2
0.155137 0.00962628 0.00962628 2 2 2
0.155226 0.0096603 0.0096603 2 2 2
0.155315 0.00969438 0.00969438 2 2 2
0.155404 0.00972861 0.00972861 2 2 2
0.155493 0.00976289 0.00976289 2 2 2
0.155582 0.00979723 0.00979723 2 2 2
0.155671 0.0098315 0.0098315 2 2 2
0.15576 0.00986582 0.00986582 2 2 2
0.155849 0.00990016 0.00990016 2 2 2
0.155938 0.00993457 0.00993457 2 2 2
0.156027 0.00996905 0.00996905 2 2 2
0.156116 0.0100036 0.0100036 2 2 2
0.156204 0.0100382 0.0100382 2 2 2
0.156293 0.0100729 0.0100729 2 2 2
0.156381 0.0101076 0.0101076 2 2 2
0.15647 0.0101424 0.0101424 2 2 2
0.156558 0.0101773 0.0101773 2 2 2
0.156646 0.0102122 0.0102122 2 2 2
0.156735 0.0102472 0.0102472 2 2 2
0.156823 0.0102822 0.0102822 2 2 2
0.156911 0.0103173 0.0103173 2 2 2
0.156999 0.0103524 0.0103524 2 2 2
0.157087 0.0103875 0.0103875 2 2 2
0.157175 0.0104228 0.0104228 2 2 2
0.157263 0.010458 0.010458 2 2 2
0.157351 0.0104934 0.0104934 2 2 2
0.157439 0.0105288 0.0105288 2 2 2
0.157526 0.0105643 0.0105643 2 2 2
0.157614 0.0105997 0.0105997 2 2 2
0.157702 0.0106353 0.0106353 2 2 2
0.157789 0.0106709 0.0106709 2 2 2
0.157877 0.0107065 0.0107065 2 2 2
0.157964 0.0107422 0.0107422 2 2 2
0.158052 0.010778 0.010778 2 2 2
0.158139 0.0108138 0.0108138 2 2 2
0.158226 0.0108498 0.0108498 2 2 2
0.158313 0.0108857 0.0108857 2 2 2
0.1584 0.0109218 0.0109218 2 2 2
0.158487 0.0109578 0.0109578 2 2 2
0.158574 0.010994 0.010994 2 2 2
0.158661 0.0110301 0.0110301 2 2 2
0.158748 0.0110664 0.0110664 2 2 2
0.158834 0.0111027 0.0111027 2 2 2
0.158921 0.0111391 0.0111391 2 2 2
0.159008 0.0111755 0.0111755 2 2 2
0.159094 0.0112119 0.0112119 2 2 2
0.159181 0.0112484 0.0112484 2 2 2
0.159267 0.0112851 0.0112851 2 2 2
0.159353 0.0113218 0.0113218 2 2 2
0.15944 0.0113585 0.0113585 2 2 2
0.159526 0.0113953 0.0113953 2 2 2
0.159612 0.0114322 0.0114322 2 2 2
0.159698 0.0114691 0.0114691 2 2 2
0.159784 0.011506 0.011506 2 2 2
0.15987 0.011543 0.011543 2 2 2
0.159955 0.0115801 0.0115801 2 2 2
0.160041 0.0116173 0.0116173 2 2 2
0.160127 0.0116546 0.0116546 2 2 2
0.160212 0.0116918 0.0116918 2 2 2
0.160298 0.0117292 0.0117292 2 2 2
0.160383 0.0117666 0.0117666 2 2 2
0.160468 0.0118041 0.0118041 2 2 2
0.160554 0.0118416 0.0118416 2 2 2
0.160639 0.0118791 0.0118791 2 2 2
0.160724 0.0119168 0.0119168 2 2 2
0.160809 0.0119545 0.0119545 2 2 2
0.160895 0.0119917 0.0119917 2 2 2
0.160981 0.0120289 0.0120289 2 2 2
0.161067 0.0120663 0.0120663 2 2 2
0.161153 0.0121036 0.0121036 2 2 2
0.161239 0.0121411 0.0121411 2 2 2
0.161325 0.0121785 0.0121785 2 2 2
0.161411 0.012216 0.012216 2 2 2
0.161496 0.0122536 0.0122536 2 2 2
0.161582 0.0122911 0.0122911 2 2 2
0.161668 0.0123288 0.0123288 2 2 2
0.161753 0.0123665 0.0123665 2 2 2
0.161839 0.0124042 0.0124042 2 2 2
0.161924 0.012442 0.012442 2 2 2
0.162009 0.0124799 0.0124799 2 2 2
0.162094 0.012518 0.012518 2 2 2
0.16218 0.012556 0.012556 2 2 2
0.162265 0.0125942 0.0125942 2 2 2
0.16235 0.0126323 0.0126323 2 2 2
0.162434 0.0126706 0.0126706 2 2 2
0.162519 0.0127089 0.0127089 2 2 2
0.162604 0.0127473 0.0127473 2 2 2
0.162689 0.0127857 0.0127857 2 2 2
0.162773 0.0128241 0.0128241 2 2 2
0.162857 0.012863 0.012863 2 2 2
0.162941 0.0129019 0.0129019 2 2 2
0.163025 0.0129408 0.0129408 2 2 2
0.163109 0.0129798 0.0129798 2 2 2
0.163193 0.0130189 0.0130189 2 2 2
0.163276 0.013058 0.013058 2 2 2
0.16336 0.0130972 0.0130972 2 2 2
0.163443 0.0131364 0.0131364 2 2 2
0.163527 0.0131757 0.0131757 2 2 2
0.16361 0.0132151 0.0132151 2 2 2
0.163694 0.0132542 0.0132542 2 2 2
0.163778 0.0132934 0.0132934 2 2 2
0.163862 0.0133326 0.0133326 2 2 2
0.163946 0.0133718 0.0133718 2 2 2
0.164029 0.0134111 0.0134111 2 2 2
0.164113 0.0134504 0.0134504 2 2 2
0.164197 0.0134898 0.0134898 2 2 2
0.16428 0.0135292 0.0135292 2 2 2
0.164364 0.0135686 0.0135686 2 2 2
0.164448 0.0136082 0.0136082 2 2 2
0.164531 0.0136477 0.0136477 2 2 2
0.164614 0.0136877 0.0136877 2 2 2
0.164696 0.0137278 0.0137278 2 2 2
0.164779 0.0137679 0.0137679 2 2 2
0.164862 0.013808 0.013808 2 2 2
0.164945 0.013848 0.013848 2 2 2
0.165028 0.0138879 0.0138879 2 2 2
0.165111 0.0139279 0.0139279 2 2 2
0.165194 0.013968 0.013968 2 2 2
0.165276 0.0140081 0.0140081 2 2 2
0.165359 0.0140483 0.0140483 2 2 2
0.165442 0.0140884 0.0140884 2 2 2
0.165525 0.0141286 0.0141286 2 2 2
0.165608 0.0141689 0.0141689 2 2 2
0.16569 0.0142092 0.0142092 2 2 2
0.165773 0.0142495 0.0142495 2 2 2
0.165856 0.0142899 0.0142899 2 2 2
0.165938 0.0143304 0.0143304 2 2 2
0.166021 0.0143709 0.0143709 2 2 2
0.166103 0.0144115 0.0144115 2 2 2
0.166186 0.0144521 0.0144521 2 2 2
0.166268 0.0144927 0.0144927 2 2 2
0.16635 0.0145334 0.0145334 2 2 2
0.166433 0.0145742 0.0145742 2 2 2
0.166515 0.014615 0.014615 2 2 2
0.166597 0.0146558 0.0146558 2 2 2
0.166679 0.0146968 0.0146968 2 2 2
0.166761 0.0147377 0.0147377 2 2 2
0.166843 0.0147787 0.0147787 2 2 2
0.166925 0.0148198 0.0148198 2 2 2
0.167007 0.014861 0.014861 2 2 2
0.167089 0.0149021 0.0149021 2 2 2
0.167171 0.0149432 0.0149432 2 2 2
0.167253 0.0149844 0.0149844 2 2 2
0.167335 0.0150256 0.0150256 2 2 2
0.167417 0.0150669 0.0150669 2 2 2
0.167498 0.0151082 0.0151082 2 2 2
0.16758 0.0151496 0.0151496 2 2 2
0.167662 0.0151911 0.0151911 2 2 2
0.167743 0.0152325 0.0152325 2 2 2
0.167825 0.0152741 0.0152741 2 2 2
0.167906 0.0153157 0.0153157 2 2 2
0.167988 0.0153573 0.0153573 2 2 2
0.168069 0.015399 0.015399 2 2 2
0.168151 0.0154408 0.0154408 2 2 2
0.168232 0.0154824 0.0154824 2 2 2
0.168313 0.0155243 0.0155243 2 2 2
0.168395 0.0155663 0.0155663 2 2 2
0.168476 0.0156083 0.0156083 2 2 2
0.168557 0.0156504 0.0156504 2 2 2
0.168637 0.0156925 0.0156925 2 2 2
0.168718 0.0157346 0.0157346 2 2 2
0.168799 0.0157768 0.0157768 2 2 2
0.16888 0.015819 0.015819 2 2 2
0.168961 0.0158612 0.0158612 2 2 2
0.169042 0.0159034 0.0159034 2 2 2
0.169123 0.0159457 0.0159457 2 2 2
0.169204 0.0159881 0.0159881 2 2 2
0.169284 0.0160311 0.0160311 2 2 2
0.169363 0.0160742 0.0160742 2 2 2
0.169443 0.0161173 0.0161173 2 2 2
0.169522 0.0161604 0.0161604 2 2 2
0.169602 0.0162036 0.0162036 2 2 2
0.169681 0.0162468 0.0162468 2 2 2
0.16976 0.0162902 0.0162902 2 2 2
0.16984 0.0163335 0.0163335 2 2 2
0.169919 0.0163769 0.0163769 2 2 2
0.169998 0.0164203 0.0164203 2 2 2
0.170078 0.0164636 0.0164636 2 2 2
