0.0611688 0 0 2 2 2
0.0611702 0 0 2 2 2
0.0611725 0 0 2 2 2
0.0611762 0 0 2 2 2
0.0611765 0 0 2 2 2
0.0611765 0.0018 0.0018 2 2 2
0.0611725 0.00179948 0.00179948 2 2 2
0.0611649 0.0017985 0.0017985 2 2 2
0.0611498 0.00179654 0.00179654 2 2 2
0.061115 0.00179229 0.00179229 2 2 2
0.0610542 0.00178488 0.00178488 2 2 2
0.060933 0.00177014 0.00177014 2 2 2
0.0607227 0.00174867 0.00174867 2 2 2
0.0605329 0.00172936 0.00172936 2 2 2
0.060343 0.00171011 0.00171011 2 2 2
0.0601526 0.00169088 0.00169088 2 2 2
0.059962 0.00167172 0.00167172 2 2 2
0.0597709 0.00165257 0.00165257 2 2 2
0.0595798 0.00163351 0.00163351 2 2 2
0.0593885 0.00161449 0.00161449 2 2 2
0.0591969 0.00159552 0.00159552 2 2 2
0.0590052 0.00157662 0.00157662 2 2 2
0.0588145 0.0015579 0.0015579 2 2 2
0.0586237 0.00153925 0.00153925 2 2 2
0.0584322 0.00152061 0.00152061 2 2 2
0.0582404 0.00150201 0.00150201 2 2 2
0.0580431 0.00148292 0.00148292 2 2 2
0.0578449 0.00146383 0.00146383 2 2 2
0.0576466 0.0014448 0.0014448 2 2 2
0.0574463 0.00142566 0.00142566 2 2 2
0.0572452 0.00140653 0.00140653 2 2 2
0.0570437 0.00138745 0.00138745 2 2 2
0.0568392 0.00136816 0.00136816 2 2 2
0.0566377 0.00134929 0.00134929 2 2 2
0.0564358 0.00133047 0.00133047 2 2 2
0.0562396 0.0013123 0.0013123 2 2 2
0.0560351 0.0012934 0.0012934 2 2 2
0.0558305 0.0012746 0.0012746 2 2 2
0.0556249 0.00125577 0.00125577 2 2 2
0.0554194 0.00123706 0.00123706 2 2 2
0.0552136 0.00121844 0.00121844 2 2 2
0.0550068 0.0011998 0.0011998 2 2 2
0.0548102 0.00118228 0.00118228 2 2 2
0.0546108 0.0011646 0.0011646 2 2 2
0.0544121 0.00114705 0.00114705 2 2 2
0.0542123 0.00112951 0.00112951 2 2 2
0.054013 0.00111209 0.00111209 2 2 2
0.0537951 0.00109315 0.00109315 2 2 2
0.0535752 0.00107413 0.00107413 2 2 2
0.0533551 0.0010552 0.0010552 2 2 2
0.0531394 0.00103682 0.00103682 2 2 2
0.052923 0.00101847 0.00101847 2 2 2
0.0527064 0.00100021 0.00100021 2 2 2
0.0524896 0.000982022 0.000982022 2 2 2
0.0522724 0.000963945 0.000963945 2 2 2
0.052054 0.000945855 0.000945855 2 2 2
0.0518364 0.000927969 0.000927969 2 2 2
0.0516104 0.000909432 0.000909432 2 2 2
0.0513849 0.000891047 0.000891047 2 2 2
0.05116 0.000872817 0.000872817 2 2 2
0.0509452 0.000855737 0.000855737 2 2 2
0.0507303 0.000838746 0.000838746 2 2 2
0.0505105 0.000821488 0.000821488 2 2 2
0.0502897 0.000804258 0.000804258 2 2 2
0.0500692 0.000787157 0.000787157 2 2 2
0.049848 0.000770081 0.000770081 2 2 2
0.0496221 0.000752791 0.000752791 2 2 2
0.0493963 0.000735618 0.000735618 2 2 2
0.0491666 0.000718295 0.000718295 2 2 2
0.0489388 0.00070126 0.00070126 2 2 2
0.0487113 0.00068435 0.00068435 2 2 2
0.0483874 0.000660481 0.000660481 2 2 2
0.0480904 0.000639063 0.000639063 2 2 2
0.0477935 0.000617875 0.000617875 2 2 2
0.0474936 0.000596667 0.000596667 2 2 2
0.0471939 0.000575598 0.000575598 2 2 2
0.0468945 0.000554756 0.000554756 2 2 2
0.0465958 0.000534161 0.000534161 2 2 2
0.0462964 0.000513476 0.000513476 2 2 2
0.0459978 0.000493076 0.000493076 2 2 2
0.0456961 0.000472744 0.000472744 2 2 2
0.045394 0.000452594 0.000452594 2 2 2
0.0450923 0.000432706 0.000432706 2 2 2
0.0447919 0.000413093 0.000413093 2 2 2
0.0444839 0.000393414 0.000393414 2 2 2
0.0441773 0.000374061 0.000374061 2 2 2
0.0438673 0.000354765 0.000354765 2 2 2
0.0435549 0.000335563 0.000335563 2 2 2
0.043244 0.000316683 0.000316683 2 2 2
0.0429334 0.000298067 0.000298067 2 2 2
0.042613 0.000279656 0.000279656 2 2 2
0.0422947 0.000261597 0.000261597 2 2 2
0.0419747 0.000243682 0.000243682 2 2 2
0.0416542 0.000225948 0.000225948 2 2 2
0.0413331 0.00020842 0.00020842 2 2 2
0.041012 0.000191128 0.000191128 2 2 2
0.0406889 0.000173944 0.000173944 2 2 2
0.0403656 0.000156994 0.000156994 2 2 2
0.0400426 0.000140446 0.000140446 2 2 2
0.0397193 0.000124084 0.000124084 2 2 2
0.0393962 0.000107969 0.000107969 2 2 2
0.0390292 8.92486e-05 8.92486e-05 2 2 2
0.0386521 7.45596e-05 7.45596e-05 2 2 2
0.0384243 6.58572e-05 6.58572e-05 2 2 2
0.0382054 5.77191e-05 5.77191e-05 2 2 2
0.0379839 4.95431e-05 4.95431e-05 2 2 2
0.0377592 4.13323e-05 4.13323e-05 2 2 2
0.0375321 3.31161e-05 3.31161e-05 2 2 2
0.0372936 2.45502e-05 2.45502e-05 2 2 2
0.0370556 1.61262e-05 1.61262e-05 2 2 2
0.0368222 8.00848e-06 8.00848e-06 2 2 2
0.0365871 -4.18078e-08 -4.18078e-08 2 2 2
0.0363515 -7.9992e-06 -7.9992e-06 2 2 2
0.0361138 -1.59068e-05 -1.59068e-05 2 2 2
0.0358689 -2.3984e-05 -2.3984e-05 2 2 2
0.0356222 -3.20036e-05 -3.20036e-05 2 2 2
0.0353728 -4.00151e-05 -4.00151e-05 2 2 2
0.0350399 -5.11254e-05 -5.11254e-05 2 2 2
0.0347205 -6.15401e-05 -6.15401e-05 2 2 2
0.0344008 -7.1717e-05 -7.1717e-05 2 2 2
0.0340856 -8.14833e-05 -8.14833e-05 2 2 2
0.0337717 -9.09906e-05 -9.09906e-05 2 2 2
0.0334674 -9.99453e-05 -9.99453e-05 2 2 2
0.0331437 -0.000109418 -0.000109418 2 2 2
0.0328325 -0.000118186 -0.000118186 2 2 2
0.0325361 -0.000126162 -0.000126162 2 2 2
0.0322607 -0.000133242 -0.000133242 2 2 2
0.0319857 -0.000140167 -0.000140167 2 2 2
0.0316964 -0.0001474 -0.0001474 2 2 2
0.0314051 -0.000154512 -0.000154512 2 2 2
0.0311134 -0.000161464 -0.000161464 2 2 2
0.0308064 -0.000168743 -0.000168743 2 2 2
0.0304258 -0.000178158 -0.000178158 2 2 2
0.0300607 -0.000186904 -0.000186904 2 2 2
0.0296893 -0.000195534 -0.000195534 2 2 2
0.0293301 -0.000207559 -0.000207559 2 2 2
0.0290743 -0.000215885 -0.000215885 2 2 2
0.0288185 -0.000224044 -0.000224044 2 2 2
0.028562 -0.000232058 -0.000232058 2 2 2
0.0283053 -0.000239877 -0.000239877 2 2 2
0.0280514 -0.000247725 -0.000247725 2 2 2
0.027797 -0.000255336 -0.000255336 2 2 2
0.0275428 -0.000262748 -0.000262748 2 2 2
0.0272877 -0.00026998 -0.00026998 2 2 2
0.0270316 -0.000277052 -0.000277052 2 2 2
0.026776 -0.000283901 -0.000283901 2 2 2
0.0265214 -0.000290589 -0.000290589 2 2 2
0.02626 -0.000297104 -0.000297104 2 2 2
0.0259998 -0.000303388 -0.000303388 2 2 2
0.0257375 -0.000309481 -0.000309481 2 2 2
0.0254673 -0.000315514 -0.000315514 2 2 2
0.0251991 -0.000321295 -0.000321295 2 2 2
0.0249304 -0.000326885 -0.000326885 2 2 2
0.0246594 -0.000332304 -0.000332304 2 2 2
0.0243881 -0.000337517 -0.000337517 2 2 2
0.0241167 -0.000342527 -0.000342527 2 2 2
0.0238439 -0.000347335 -0.000347335 2 2 2
0.0235709 -0.000351935 -0.000351935 2 2 2
0.0232987 -0.000356308 -0.000356308 2 2 2
0.0230245 -0.000360475 -0.000360475 2 2 2
0.0227502 -0.000364434 -0.000364434 2 2 2
0.0224764 -0.000368207 -0.000368207 2 2 2
0.0222016 -0.000371599 -0.000371599 2 2 2
0.0219307 -0.000374739 -0.000374739 2 2 2
0.0216579 -0.000377675 -0.000377675 2 2 2
0.0213776 -0.000380435 -0.000380435 2 2 2
0.0210988 -0.000382949 -0.000382949 2 2 2
0.0208201 -0.000385285 -0.000385285 2 2 2
0.0205435 -0.000387549 -0.000387549 2 2 2
0.0202678 -0.000389597 -0.000389597 2 2 2
0.0199913 -0.000391558 -0.000391558 2 2 2
0.0197151 -0.000393299 -0.000393299 2 2 2
0.0194387 -0.00039483 -0.00039483 2 2 2
0.0191621 -0.000396157 -0.000396157 2 2 2
0.0188859 -0.000397255 -0.000397255 2 2 2
0.0186095 -0.000398142 -0.000398142 2 2 2
0.0183329 -0.000398827 -0.000398827 2 2 2
0.0180554 -0.00039929 -0.00039929 2 2 2
0.0177776 -0.000399545 -0.000399545 2 2 2
0.0174995 -0.000399599 -0.000399599 2 2 2
0.0172213 -0.000399417 -0.000399417 2 2 2
0.0169429 -0.000399024 -0.000399024 2 2 2
0.016662 -0.000398597 -0.000398597 2 2 2
0.0163764 -0.000397845 -0.000397845 2 2 2
0.0160919 -0.000396878 -0.000396878 2 2 2
0.0158049 -0.000395612 -0.000395612 2 2 2
0.0155085 -0.000394088 -0.000394088 2 2 2
0.0152144 -0.000392348 -0.000392348 2 2 2
0.0149213 -0.000390391 -0.000390391 2 2 2
0.0146268 -0.000388191 -0.000388191 2 2 2
0.0143322 -0.000385761 -0.000385761 2 2 2
0.0140374 -0.000383104 -0.000383104 2 2 2
0.0137423 -0.000380216 -0.000380216 2 2 2
0.0134469 -0.000377096 -0.000377096 2 2 2
0.0131511 -0.000373746 -0.000373746 2 2 2
0.012855 -0.000370164 -0.000370164 2 2 2
0.0125586 -0.00036635 -0.00036635 2 2 2
0.0122618 -0.000362304 -0.000362304 2 2 2
0.0522724 0.000963945 0.000963945 2 2 2
0.0522759 0.00096424 0.00096424 2 2 2
0.052282 0.000964751 0.000964751 2 2 2
0.0522981 0.000966046 0.000966046 2 2 2
0.0523914 0.000972698 0.000972698 2 2 2
0.0524985 0.000980359 0.000980359 2 2 2
0.0527135 0.000995772 0.000995772 2 2 2
0.053049 0.00101999 0.00101999 2 2 2
0.0533819 0.00104424 0.00104424 2 2 2
0.0537126 0.00106855 0.00106855 2 2 2
0.0540441 0.0010931 0.0010931 2 2 2
0.0543741 0.00111775 0.00111775 2 2 2
0.0547033 0.00114251 0.00114251 2 2 2
0.0550218 0.00116732 0.00116732 2 2 2
0.0553227 0.00119097 0.00119097 2 2 2
0.0556223 0.00121475 0.00121475 2 2 2
0.055923 0.00123887 0.00123887 2 2 2
0.0562226 0.0012631 0.0012631 2 2 2
0.0565547 0.00129211 0.00129211 2 2 2
0.0568587 0.00131891 0.00131891 2 2 2
0.0571618 0.00134584 0.00134584 2 2 2
0.0574631 0.00137284 0.00137284 2 2 2
0.057765 0.00140009 0.00140009 2 2 2
0.0580657 0.00142745 0.00142745 2 2 2
0.0583657 0.00145495 0.00145495 2 2 2
0.0586651 0.00148262 0.00148262 2 2 2
0.0589635 0.00151041 0.00151041 2 2 2
0.0592601 0.00153825 0.00153825 2 2 2
0.0595573 0.00156633 0.00156633 2 2 2
0.0598534 0.00159453 0.00159453 2 2 2
0.0601487 0.00162285 0.00162285 2 2 2
0.0604439 0.00165131 0.00165131 2 2 2
0.060738 0.00167983 0.00167983 2 2 2
0.0610303 0.00170829 0.00170829 2 2 2
0.0613242 0.00173699 0.00173699 2 2 2
0.0616167 0.00176575 0.00176575 2 2 2
0.0619091 0.00179469 0.00179469 2 2 2
0.0622022 0.00182365 0.00182365 2 2 2
0.0624937 0.00185266 0.00185266 2 2 2
0.0627843 0.00188182 0.00188182 2 2 2
0.0630742 0.00191112 0.00191112 2 2 2
0.0633633 0.00194053 0.00194053 2 2 2
0.0636514 0.00197008 0.00197008 2 2 2
0.0639393 0.00199968 0.00199968 2 2 2
0.0642262 0.0020294 0.0020294 2 2 2
0.0645122 0.00205916 0.00205916 2 2 2
0.0647977 0.00208908 0.00208908 2 2 2
0.0650824 0.0021191 0.0021191 2 2 2
0.0653665 0.00214915 0.00214915 2 2 2
0.0656521 0.00217896 0.00217896 2 2 2
0.0659362 0.00220876 0.00220876 2 2 2
0.0662178 0.0022383 0.0022383 2 2 2
0.0665003 0.0022681 0.0022681 2 2 2
0.0667817 0.00229796 0.00229796 2 2 2
0.0670619 0.00232761 0.00232761 2 2 2
0.0673414 0.00235715 0.00235715 2 2 2
0.0676199 0.00238671 0.00238671 2 2 2
0.0678976 0.0024163 0.0024163 2 2 2
0.0681745 0.00244593 0.00244593 2 2 2
0.0684507 0.00247562 0.00247562 2 2 2
0.0687258 0.00250537 0.00250537 2 2 2
0.0690007 0.00253518 0.00253518 2 2 2
0.0692747 0.00256505 0.00256505 2 2 2
0.0695483 0.00259508 0.00259508 2 2 2
0.0698215 0.00262533 0.00262533 2 2 2
0.0700939 0.00265563 0.00265563 2 2 2
0.0703652 0.00268588 0.00268588 2 2 2
0.0706361 0.00271629 0.00271629 2 2 2
0.0709064 0.00274678 0.00274678 2 2 2
0.0711759 0.0027773 0.0027773 2 2 2
0.071445 0.00280812 0.00280812 2 2 2
0.0717133 0.00283899 0.00283899 2 2 2
0.0719805 0.00286988 0.00286988 2 2 2
0.0722473 0.00290456 0.00290456 2 2 2
0.0724992 0.00293746 0.00293746 2 2 2
0.0727503 0.00297047 0.00297047 2 2 2
0.0730008 0.00300356 0.00300356 2 2 2
0.0732508 0.00303675 0.00303675 2 2 2
0.0735003 0.00307002 0.00307002 2 2 2
0.0737495 0.00310337 0.00310337 2 2 2
0.073998 0.0031368 0.0031368 2 2 2
0.0742446 0.00317023 0.00317023 2 2 2
0.0744922 0.00320395 0.00320395 2 2 2
0.0747389 0.00323773 0.00323773 2 2 2
0.0749852 0.00327168 0.00327168 2 2 2
0.0752307 0.00330593 0.00330593 2 2 2
0.0754716 0.00333973 0.00333973 2 2 2
0.0757119 0.00337365 0.00337365 2 2 2
0.0759517 0.00340767 0.00340767 2 2 2
0.0761909 0.00344181 0.00344181 2 2 2
0.0764295 0.00347604 0.00347604 2 2 2
0.0766676 0.00351037 0.00351037 2 2 2
0.0769052 0.0035448 0.0035448 2 2 2
0.0771421 0.00357935 0.00357935 2 2 2
0.0773786 0.00361398 0.00361398 2 2 2
0.0776145 0.00364872 0.00364872 2 2 2
0.0778499 0.00368356 0.00368356 2 2 2
0.078085 0.00371848 0.00371848 2 2 2
0.0783195 0.00375349 0.00375349 2 2 2
0.0785534 0.00378858 0.00378858 2 2 2
0.078787 0.00382377 0.00382377 2 2 2
0.0790201 0.00385905 0.00385905 2 2 2
0.0792524 0.00389449 0.00389449 2 2 2
0.0794842 0.00393001 0.00393001 2 2 2
0.0797156 0.00396561 0.00396561 2 2 2
0.0799463 0.00400128 0.00400128 2 2 2
0.0801767 0.00403706 0.00403706 2 2 2
0.0804066 0.00407294 0.00407294 2 2 2
0.0806361 0.00410889 0.00410889 2 2 2
0.0808648 0.00414498 0.00414498 2 2 2
0.0810931 0.00418115 0.00418115 2 2 2
0.0813205 0.00421738 0.00421738 2 2 2
0.0815479 0.00425373 0.00425373 2 2 2
0.0817748 0.00429016 0.00429016 2 2 2
0.0820013 0.00432666 0.00432666 2 2 2
0.0822274 0.00436327 0.00436327 2 2 2
0.082453 0.00439995 0.00439995 2 2 2
0.0826779 0.00443666 0.00443666 2 2 2
0.082903 0.00447348 0.00447348 2 2 2
0.0831276 0.00451037 0.00451037 2 2 2
0.0833519 0.00454728 0.00454728 2 2 2
0.0835759 0.00458428 0.00458428 2 2 2
0.0837994 0.00462135 0.00462135 2 2 2
0.0840226 0.00465829 0.00465829 2 2 2
0.0842457 0.00469531 0.00469531 2 2 2
0.0844683 0.00473242 0.00473242 2 2 2
0.0846902 0.00476967 0.00476967 2 2 2
0.0849118 0.00480702 0.00480702 2 2 2
0.0851329 0.00484444 0.00484444 2 2 2
0.0853533 0.00488188 0.00488188 2 2 2
0.0855736 0.00491946 0.00491946 2 2 2
0.0857934 0.00495711 0.00495711 2 2 2
0.0860127 0.00499486 0.00499486 2 2 2
0.0862318 0.00503266 0.00503266 2 2 2
0.0864506 0.00507046 0.00507046 2 2 2
0.0866687 0.00510833 0.00510833 2 2 2
0.0868868 0.00514625 0.00514625 2 2 2
0.0871044 0.00518425 0.00518425 2 2 2
0.0873216 0.00522233 0.00522233 2 2 2
0.0875383 0.00526048 0.00526048 2 2 2
0.0877547 0.00529871 0.00529871 2 2 2
0.0879705 0.005337 0.005337 2 2 2
0.0881861 0.00537538 0.00537538 2 2 2
0.0884012 0.00541383 0.00541383 2 2 2
0.0886158 0.00545239 0.00545239 2 2 2
0.08883 0.00549101 0.00549101 2 2 2
0.0890439 0.00552971 0.00552971 2 2 2
0.0892572 0.00556849 0.00556849 2 2 2
0.0894702 0.00560734 0.00560734 2 2 2
0.0896828 0.00564627 0.00564627 2 2 2
0.089895 0.00568527 0.00568527 2 2 2
0.0901067 0.00572441 0.00572441 2 2 2
0.0903182 0.00576348 0.00576348 2 2 2
0.0905294 0.00580261 0.00580261 2 2 2
0.0907401 0.00584181 0.00584181 2 2 2
0.0909504 0.00588107 0.00588107 2 2 2
0.0911604 0.0059204 0.0059204 2 2 2
0.09137 0.00595979 0.00595979 2 2 2
0.0915792 0.00599925 0.00599925 2 2 2
0.0917879 0.00603878 0.00603878 2 2 2
0.0919964 0.00607837 0.00607837 2 2 2
0.0922044 0.00611802 0.00611802 2 2 2
0.0924119 0.00615773 0.00615773 2 2 2
0.0926193 0.00619752 0.00619752 2 2 2
0.0928262 0.00623737 0.00623737 2 2 2
0.0930327 0.00627731 0.00627731 2 2 2
0.0932388 0.00631738 0.00631738 2 2 2
0.0934445 0.0063575 0.0063575 2 2 2
0.0936496 0.00639775 0.00639775 2 2 2
0.0938544 0.00643812 0.00643812 2 2 2
0.0940589 0.00647854 0.00647854 2 2 2
0.0942629 0.00651905 0.00651905 2 2 2
0.0944665 0.00655964 0.00655964 2 2 2
0.0946697 0.00660029 0.00660029 2 2 2
0.0948725 0.00664107 0.00664107 2 2 2
0.095075 0.00668188 0.00668188 2 2 2
0.0952771 0.00672275 0.00672275 2 2 2
0.0954789 0.00676364 0.00676364 2 2 2
0.0956802 0.00680471 0.00680471 2 2 2
0.095881 0.00684584 0.00684584 2 2 2
0.0960815 0.00688703 0.00688703 2 2 2
0.0962815 0.00692832 0.00692832 2 2 2
0.0964812 0.00696969 0.00696969 2 2 2
0.0967177 0.00699672 0.00699672 2 2 2
0.0968042 0.00700664 0.00700664 2 2 2
0.0968899 0.00701649 0.00701649 2 2 2
0.0969759 0.00702639 0.00702639 2 2 2
0.0970626 0.00703638 0.00703638 2 2 2
0.0971491 0.00704636 0.00704636 2 2 2
0.0972364 0.00705645 0.00705645 2 2 2
0.0973235 0.00706653 0.00706653 2 2 2
0.0974122 0.00707679 0.00707679 2 2 2
0.0975032 0.00708733 0.00708733 2 2 2
0.0975957 0.00709805 0.00709805 2 2 2
0.0976882 0.00710877 0.00710877 2 2 2
0.0977805 0.00711949 0.00711949 2 2 2
0.097872 0.00713014 0.00713014 2 2 2
0.0979634 0.00714078 0.00714078 2 2 2
0.0980552 0.00715148 0.00715148 2 2 2
0.0981463 0.00716212 0.00716212 2 2 2
0.0982362 0.00717265 0.00717265 2 2 2
0.0983268 0.00718326 0.00718326 2 2 2
0.0984177 0.00719392 0.00719392 2 2 2
0.0985092 0.00720465 0.00720465 2 2 2
0.0986005 0.00721537 0.00721537 2 2 2
0.0986919 0.00722611 0.00722611 2 2 2
0.0987827 0.00723682 0.00723682 2 2 2
0.0988727 0.00724743 0.00724743 2 2 2
0.0989648 0.0072583 0.0072583 2 2 2
0.0990567 0.00726915 0.00726915 2 2 2
0.0991488 0.00728004 0.00728004 2 2 2
0.0992413 0.00729098 0.00729098 2 2 2
0.099334 0.00730196 0.00730196 2 2 2
0.0994273 0.007313 0.007313 2 2 2
0.0995205 0.00732405 0.00732405 2 2 2
0.0995058 0.00732399 0.00732399 2 2 2
0.0994935 0.00732389 0.00732389 2 2 2
0.0994817 0.00732385 0.00732385 2 2 2
0.0994692 0.00732369 0.00732369 2 2 2
0.0994567 0.0073235 0.0073235 2 2 2
0.0994425 0.00732301 0.00732301 2 2 2
0.0994275 0.0073224 0.0073224 2 2 2
0.0994136 0.00732194 0.00732194 2 2 2
0.0993994 0.00732143 0.00732143 2 2 2
0.0993854 0.00732094 0.00732094 2 2 2
0.0993731 0.00732073 0.00732073 2 2 2
0.0993593 0.00732025 0.00732025 2 2 2
0.0993449 0.00731967 0.00731967 2 2 2
0.0993313 0.0073192 0.0073192 2 2 2
0.099318 0.00731878 0.00731878 2 2 2
0.0992938 0.00731647 0.00731647 2 2 2
0.0992696 0.00731416 0.00731416 2 2 2
0.0992456 0.00731187 0.00731187 2 2 2
0.0992212 0.00730948 0.00730948 2 2 2
0.0991973 0.00730718 0.00730718 2 2 2
0.099168 0.00730393 0.00730393 2 2 2
0.0991407 0.007301 0.007301 2 2 2
0.0991122 0.00729788 0.00729788 2 2 2
0.0990853 0.007295 0.007295 2 2 2
0.0990583 0.00729211 0.00729211 2 2 2
0.0990309 0.00728912 0.00728912 2 2 2
0.0990039 0.0072862 0.0072862 2 2 2
0.0989763 0.00728315 0.00728315 2 2 2
0.0989496 0.00728026 0.00728026 2 2 2
0.0989219 0.00727718 0.00727718 2 2 2
0.0988972 0.00727462 0.00727462 2 2 2
0.098873 0.00727212 0.00727212 2 2 2
0.098849 0.00726965 0.00726965 2 2 2
0.0988245 0.00726708 0.00726708 2 2 2
0.0987985 0.00726424 0.00726424 2 2 2
0.0987731 0.00726148 0.00726148 2 2 2
0.0987487 0.0072589 0.0072589 2 2 2
0.098725 0.00725643 0.00725643 2 2 2
0.098701 0.00725389 0.00725389 2 2 2
0.0986779 0.00725149 0.00725149 2 2 2
0.0986553 0.00724917 0.00724917 2 2 2
0.0986327 0.00724684 0.00724684 2 2 2
0.0986105 0.00724458 0.00724458 2 2 2
0.0985884 0.00724232 0.00724232 2 2 2
0.0985671 0.00724018 0.00724018 2 2 2
0.0985454 0.00723796 0.00723796 2 2 2
0.0985218 0.0072354 0.0072354 2 2 2
0.0984988 0.00723295 0.00723295 2 2 2
0.0984762 0.00723053 0.00723053 2 2 2
0.0984512 0.00722769 0.00722769 2 2 2
0.0984264 0.00722488 0.00722488 2 2 2
0.0984017 0.00722208 0.00722208 2 2 2
0.0983852 0.00722069 0.00722069 2 2 2
0.098373 0.00722005 0.00722005 2 2 2
0.0983627 0.00721972 0.00721972 2 2 2
0.0983543 0.00721972 0.00721972 2 2 2
0.0983496 0.00722034 0.00722034 2 2 2
0.0983455 0.00722106 0.00722106 2 2 2
0.0983415 0.00722178 0.00722178 2 2 2
0.0983367 0.00722237 0.00722237 2 2 2
0.098332 0.00722295 0.00722295 2 2 2
0.0983311 0.00722419 0.00722419 2 2 2
0.0983298 0.00722537 0.00722537 2 2 2
0.0983285 0.00722653 0.00722653 2 2 2
0.0983275 0.00722773 0.00722773 2 2 2
0.0983267 0.00722895 0.00722895 2 2 2
0.0983253 0.00723006 0.00723006 2 2 2
0.0983238 0.00723115 0.00723115 2 2 2
0.0983248 0.00723266 0.00723266 2 2 2
0.0983249 0.00723402 0.00723402 2 2 2
0.0983243 0.00723524 0.00723524 2 2 2
0.0983234 0.0072364 0.0072364 2 2 2
0.0983225 0.00723756 0.00723756 2 2 2
0.0983229 0.00723892 0.00723892 2 2 2
0.0983246 0.00724051 0.00724051 2 2 2
0.0983266 0.00724214 0.00724214 2 2 2
0.0983285 0.00724375 0.00724375 2 2 2
0.0983305 0.00724537 0.00724537 2 2 2
0.0983329 0.00724705 0.00724705 2 2 2
0.0983357 0.00724879 0.00724879 2 2 2
0.0983389 0.0072506 0.0072506 2 2 2
0.0983435 0.00725264 0.00725264 2 2 2
0.0983478 0.00725464 0.00725464 2 2 2
0.0983522 0.00725664 0.00725664 2 2 2
0.098356 0.00725852 0.00725852 2 2 2
0.0983608 0.00726057 0.00726057 2 2 2
0.0983653 0.00726256 0.00726256 2 2 2
0.0983707 0.00726469 0.00726469 2 2 2
0.0983745 0.00726655 0.00726655 2 2 2
0.0983777 0.0072683 0.0072683 2 2 2
0.0983812 0.00727009 0.00727009 2 2 2
0.0983861 0.0072721 0.0072721 2 2 2
0.0983907 0.00727407 0.00727407 2 2 2
0.0983893 0.00727498 0.00727498 2 2 2
0.0983877 0.00727586 0.00727586 2 2 2
0.0983864 0.00727676 0.00727676 2 2 2
0.0983848 0.00727761 0.00727761 2 2 2
0.0983837 0.00727854 0.00727854 2 2 2
0.0983832 0.00727956 0.00727956 2 2 2
0.0983839 0.00728081 0.00728081 2 2 2
0.0983846 0.00728203 0.00728203 2 2 2
0.0983862 0.00728341 0.00728341 2 2 2
0.0983899 0.00728514 0.00728514 2 2 2
0.0983957 0.00728724 0.00728724 2 2 2
0.0984004 0.00728915 0.00728915 2 2 2
0.0984045 0.00729094 0.00729094 2 2 2
0.0984087 0.00729273 0.00729273 2 2 2
0.0984139 0.0072947 0.0072947 2 2 2
0.09842 0.00729683 0.00729683 2 2 2
0.0984264 0.00729899 0.00729899 2 2 2
0.098338 0.00728434 0.00728434 2 2 2
0.098257 0.00727091 0.00727091 2 2 2
0.0981762 0.00725753 0.00725753 2 2 2
0.0980957 0.00724418 0.00724418 2 2 2
0.0980154 0.00723087 0.00723087 2 2 2
0.0979352 0.00721757 0.00721757 2 2 2
0.0978661 0.00720633 0.00720633 2 2 2
0.0977981 0.00719525 0.00719525 2 2 2
0.09773 0.00718415 0.00718415 2 2 2
0.097662 0.00717308 0.00717308 2 2 2
0.097593 0.00716181 0.00716181 2 2 2
0.0975241 0.00715055 0.00715055 2 2 2
0.0974556 0.00713935 0.00713935 2 2 2
0.097387 0.00712813 0.00712813 2 2 2
0.0973101 0.00711539 0.00711539 2 2 2
0.0972343 0.00710283 0.00710283 2 2 2
0.0971584 0.00709026 0.00709026 2 2 2
0.0970822 0.00707762 0.00707762 2 2 2
0.0970064 0.00706504 0.00706504 2 2 2
0.0969307 0.00705249 0.00705249 2 2 2
0.0968542 0.00703979 0.00703979 2 2 2
0.0967914 0.00702957 0.00702957 2 2 2
0.0967303 0.00701965 0.00701965 2 2 2
0.0966687 0.00700963 0.00700963 2 2 2
0.0966074 0.00699966 0.00699966 2 2 2
0.0965465 0.00698974 0.00698974 2 2 2
0.0964858 0.00697985 0.00697985 2 2 2
0.0964286 0.0069706 0.0069706 2 2 2
0.0963717 0.00696138 0.00696138 2 2 2
0.0963129 0.00695183 0.00695183 2 2 2
0.0962535 0.00694215 0.00694215 2 2 2
0.0961924 0.00693214 0.00693214 2 2 2
0.0961311 0.00692211 0.00692211 2 2 2
0.0960691 0.00691192 0.00691192 2 2 2
0.0961119 0.00692062 0.00692062 2 2 2
0.0961521 0.00692874 0.00692874 2 2 2
0.0961914 0.00693671 0.00693671 2 2 2
0.0962308 0.0069447 0.0069447 2 2 2
0.0962713 0.00695288 0.00695288 2 2 2
0.0963089 0.00696056 0.00696056 2 2 2
0.0963468 0.00696828 0.00696828 2 2 2
0.096385 0.00697608 0.00697608 2 2 2
0.0964234 0.0069839 0.0069839 2 2 2
0.0964605 0.00699149 0.00699149 2 2 2
0.0964984 0.00699922 0.00699922 2 2 2
0.0965364 0.00700697 0.00700697 2 2 2
0.0965742 0.00701468 0.00701468 2 2 2
0.0966116 0.00702233 0.00702233 2 2 2
0.0966496 0.00703008 0.00703008 2 2 2
0.0966878 0.00703786 0.00703786 2 2 2
0.0967259 0.00704564 0.00704564 2 2 2
0.0967644 0.00705347 0.00705347 2 2 2
0.096806 0.00706187 0.00706187 2 2 2
0.0968481 0.00707034 0.00707034 2 2 2
0.0969391 0.00708744 0.00708744 2 2 2
0.097028 0.00710416 0.00710416 2 2 2
0.0971175 0.00712101 0.00712101 2 2 2
0.0972049 0.00713751 0.00713751 2 2 2
0.0973119 0.00715744 0.00715744 2 2 2
0.0974179 0.00717722 0.00717722 2 2 2
0.0975242 0.00719707 0.00719707 2 2 2
0.0976294 0.00721675 0.00721675 2 2 2
0.0977342 0.0072364 0.0072364 2 2 2
0.0978383 0.00725596 0.00725596 2 2 2
0.0979422 0.00727552 0.00727552 2 2 2
0.0980459 0.00729505 0.00729505 2 2 2
0.0981517 0.00731498 0.00731498 2 2 2
0.0982573 0.00733491 0.00733491 2 2 2
0.0983629 0.00735486 0.00735486 2 2 2
0.0984687 0.00737486 0.00737486 2 2 2
0.0985743 0.00739487 0.00739487 2 2 2
0.0986797 0.00741486 0.00741486 2 2 2
0.0987847 0.00743482 0.00743482 2 2 2
0.0988895 0.00745477 0.00745477 2 2 2
0.0989945 0.00747477 0.00747477 2 2 2
0.0991016 0.00749517 0.00749517 2 2 2
0.0992093 0.00751569 0.00751569 2 2 2
0.0993168 0.00753622 0.00753622 2 2 2
0.099424 0.00755672 0.00755672 2 2 2
0.0995304 0.00757711 0.00757711 2 2 2
0.0996291 0.00759616 0.00759616 2 2 2
0.0997279 0.00761525 0.00761525 2 2 2
0.0998266 0.00763434 0.00763434 2 2 2
0.0999258 0.00765356 0.00765356 2 2 2
0.100025 0.00767279 0.00767279 2 2 2
0.100124 0.00769202 0.00769202 2 2 2
0.100217 0.00771023 0.00771023 2 2 2
0.10031 0.00772837 0.00772837 2 2 2
0.100402 0.00774644 0.00774644 2 2 2
0.100495 0.00776467 0.00776467 2 2 2
0.100588 0.00778288 0.00778288 2 2 2
0.100682 0.0078012 0.0078012 2 2 2
0.100773 0.00781927 0.00781927 2 2 2
0.100865 0.00783733 0.00783733 2 2 2
0.100957 0.00785543 0.00785543 2 2 2
0.101049 0.00787363 0.00787363 2 2 2
0.101141 0.00789185 0.00789185 2 2 2
0.101233 0.00791004 0.00791004 2 2 2
0.101325 0.00792818 0.00792818 2 2 2
0.101416 0.00794627 0.00794627 2 2 2
0.101506 0.00796418 0.00796418 2 2 2
0.101597 0.00798216 0.00798216 2 2 2
0.101687 0.00800015 0.00800015 2 2 2
0.101777 0.0080181 0.0080181 2 2 2
0.101868 0.00803621 0.00803621 2 2 2
0.101959 0.00805446 0.00805446 2 2 2
0.102051 0.00807286 0.00807286 2 2 2
0.102144 0.00809128 0.00809128 2 2 2
0.102237 0.00810991 0.00810991 2 2 2
0.10233 0.00812853 0.00812853 2 2 2
0.102419 0.00814648 0.00814648 2 2 2
0.102509 0.00816443 0.00816443 2 2 2
0.102598 0.00818237 0.00818237 2 2 2
0.102686 0.00820018 0.00820018 2 2 2
0.102774 0.00821795 0.00821795 2 2 2
0.102862 0.00823575 0.00823575 2 2 2
0.102952 0.00825385 0.00825385 2 2 2
0.103042 0.0082721 0.0082721 2 2 2
0.103132 0.00829034 0.00829034 2 2 2
0.103223 0.00830863 0.00830863 2 2 2
0.103313 0.00832695 0.00832695 2 2 2
0.103403 0.00834526 0.00834526 2 2 2
0.103492 0.00836323 0.00836323 2 2 2
0.10358 0.00838117 0.00838117 2 2 2
0.103668 0.00839903 0.00839903 2 2 2
0.103668 0.00839903 0.00839903 2 2 2
0.103649 0.00839552 0.00839552 2 2 2
0.103642 0.00839421 0.00839421 2 2 2
0.103628 0.00839161 0.00839161 2 2 2
0.103604 0.00838695 0.00838695 2 2 2
0.103555 0.00837756 0.00837756 2 2 2
0.103459 0.00835881 0.00835881 2 2 2
0.103309 0.00832968 0.00832968 2 2 2
0.103158 0.00830041 0.00830041 2 2 2
0.103006 0.00827115 0.00827115 2 2 2
0.102859 0.00824267 0.00824267 2 2 2
0.10271 0.00821406 0.00821406 2 2 2
0.102561 0.00818537 0.00818537 2 2 2
0.102412 0.00815665 0.00815665 2 2 2
0.102262 0.00812766 0.00812766 2 2 2
0.102107 0.0080979 0.0080979 2 2 2
0.101953 0.00806821 0.00806821 2 2 2
0.101799 0.00803856 0.00803856 2 2 2
0.101644 0.00800882 0.00800882 2 2 2
0.101487 0.00797873 0.00797873 2 2 2
0.101336 0.00794973 0.00794973 2 2 2
0.101183 0.00792067 0.00792067 2 2 2
0.101031 0.00789157 0.00789157 2 2 2
0.103668 0.00839903 0.00839903 2 2 2
0.103666 0.00839877 0.00839877 2 2 2
0.103665 0.00839844 0.00839844 2 2 2
0.103656 0.00839667 0.00839667 2 2 2
0.103637 0.00839292 0.00839292 2 2 2
0.103599 0.0083854 0.0083854 2 2 2
0.103525 0.00837052 0.00837052 2 2 2
0.103456 0.00835611 0.00835611 2 2 2
0.10339 0.00834218 0.00834218 2 2 2
0.103323 0.00832814 0.00832814 2 2 2
0.103256 0.0083143 0.0083143 2 2 2
0.10319 0.00830044 0.00830044 2 2 2
0.103124 0.00828655 0.00828655 2 2 2
0.10306 0.00827307 0.00827307 2 2 2
0.102995 0.00825957 0.00825957 2 2 2
0.102932 0.0082464 0.0082464 2 2 2
0.102869 0.00823311 0.00823311 2 2 2
0.102806 0.00821994 0.00821994 2 2 2
0.102746 0.0082073 0.0082073 2 2 2
0.102688 0.00819492 0.00819492 2 2 2
0.102629 0.00818258 0.00818258 2 2 2
0.10257 0.00817015 0.00817015 2 2 2
0.10251 0.00815741 0.00815741 2 2 2
0.102449 0.0081447 0.0081447 2 2 2
0.102389 0.00813216 0.00813216 2 2 2
0.102329 0.00811954 0.00811954 2 2 2
0.102265 0.00810615 0.00810615 2 2 2
0.1022 0.00809268 0.00809268 2 2 2
0.102136 0.00807924 0.00807924 2 2 2
0.102072 0.00806592 0.00806592 2 2 2
0.102007 0.0080525 0.0080525 2 2 2
0.101943 0.00803921 0.00803921 2 2 2
0.10188 0.00802599 0.00802599 2 2 2
0.101816 0.00801271 0.00801271 2 2 2
0.101751 0.00799932 0.00799932 2 2 2
0.101688 0.00798608 0.00798608 2 2 2
0.101624 0.00797279 0.00797279 2 2 2
0.10156 0.00795957 0.00795957 2 2 2
0.101496 0.0079463 0.0079463 2 2 2
0.101432 0.00793301 0.00793301 2 2 2
0.101373 0.00792071 0.00792071 2 2 2
0.101312 0.00790807 0.00790807 2 2 2
0.101251 0.00789542 0.00789542 2 2 2
0.101194 0.00788338 0.00788338 2 2 2
0.101136 0.0078714 0.0078714 2 2 2
0.101081 0.00785985 0.00785985 2 2 2
0.101027 0.00784838 0.00784838 2 2 2
0.100965 0.00783562 0.00783562 2 2 2
0.100904 0.00782296 0.00782296 2 2 2
0.100845 0.00781062 0.00781062 2 2 2
0.100785 0.00779814 0.00779814 2 2 2
0.100724 0.00778566 0.00778566 2 2 2
0.100663 0.00777307 0.00777307 2 2 2
0.100603 0.00776055 0.00776055 2 2 2
0.100541 0.00774769 0.00774769 2 2 2
0.100478 0.00773482 0.00773482 2 2 2
0.100416 0.00772203 0.00772203 2 2 2
0.100354 0.00770925 0.00770925 2 2 2
0.100292 0.00769646 0.00769646 2 2 2
0.100229 0.00768358 0.00768358 2 2 2
0.100165 0.00767054 0.00767054 2 2 2
0.0998846 0.00761826 0.00761826 2 2 2
0.0996887 0.00758189 0.00758189 2 2 2
0.099494 0.00754576 0.00754576 2 2 2
0.0992972 0.0075094 0.0075094 2 2 2
0.0991006 0.00747314 0.00747314 2 2 2
0.0989037 0.00743689 0.00743689 2 2 2
0.0987068 0.00740071 0.00740071 2 2 2
0.0985092 0.00736451 0.00736451 2 2 2
0.0983115 0.00732836 0.00732836 2 2 2
0.0981135 0.00729224 0.00729224 2 2 2
0.0979154 0.00725618 0.00725618 2 2 2
0.097717 0.00722015 0.00722015 2 2 2
0.0975182 0.00718413 0.00718413 2 2 2
0.0973196 0.0071482 0.0071482 2 2 2
0.097119 0.00711205 0.00711205 2 2 2
0.096918 0.00707593 0.00707593 2 2 2
0.0967167 0.00703984 0.00703984 2 2 2
0.0965142 0.00700365 0.00700365 2 2 2
0.0963139 0.00696784 0.00696784 2 2 2
0.0961133 0.00693207 0.00693207 2 2 2
0.0959127 0.00689637 0.00689637 2 2 2
0.0957118 0.00686069 0.00686069 2 2 2
0.0955108 0.00682509 0.00682509 2 2 2
0.0953096 0.00678953 0.00678953 2 2 2
0.0951081 0.006754 0.006754 2 2 2
0.094904 0.00671817 0.00671817 2 2 2
0.0946997 0.0066824 0.0066824 2 2 2
0.0944961 0.00664679 0.00664679 2 2 2
0.0942923 0.00661124 0.00661124 2 2 2
0.0940885 0.00657576 0.00657576 2 2 2
0.0938844 0.00654033 0.00654033 2 2 2
0.0936799 0.00650492 0.00650492 2 2 2
0.093475 0.00646952 0.00646952 2 2 2
0.0932701 0.00643422 0.00643422 2 2 2
0.0930618 0.00639849 0.00639849 2 2 2
0.0928529 0.00636276 0.00636276 2 2 2
0.0926436 0.00632706 0.00632706 2 2 2
0.0924336 0.00629135 0.00629135 2 2 2
0.0922231 0.00625565 0.00625565 2 2 2
0.0920124 0.00622 0.00622 2 2 2
0.0918018 0.00618445 0.00618445 2 2 2
0.0915907 0.00614891 0.00614891 2 2 2
0.0913792 0.0061134 0.0061134 2 2 2
0.0911673 0.00607793 0.00607793 2 2 2
0.0909553 0.00604251 0.00604251 2 2 2
0.0907428 0.00600712 0.00600712 2 2 2
0.09053 0.00597177 0.00597177 2 2 2
0.0903169 0.00593647 0.00593647 2 2 2
0.0901034 0.0059012 0.0059012 2 2 2
0.0898895 0.00586596 0.00586596 2 2 2
0.0896752 0.00583075 0.00583075 2 2 2
0.0894604 0.00579556 0.00579556 2 2 2
0.0892453 0.00576041 0.00576041 2 2 2
0.0890298 0.0057253 0.0057253 2 2 2
0.0888138 0.00569022 0.00569022 2 2 2
0.0885977 0.0056552 0.0056552 2 2 2
0.0883811 0.00562021 0.00562021 2 2 2
0.0881641 0.00558527 0.00558527 2 2 2
0.0879467 0.00555035 0.00555035 2 2 2
0.0877291 0.00551549 0.00551549 2 2 2
0.087511 0.00548066 0.00548066 2 2 2
0.0872927 0.00544589 0.00544589 2 2 2
0.0870732 0.00541105 0.00541105 2 2 2
0.0868534 0.00537628 0.00537628 2 2 2
0.0866332 0.00534153 0.00534153 2 2 2
0.0864125 0.00530682 0.00530682 2 2 2
0.0861913 0.00527213 0.00527213 2 2 2
0.0859696 0.00523748 0.00523748 2 2 2
0.0857477 0.00520288 0.00520288 2 2 2
0.0855254 0.00516834 0.00516834 2 2 2
0.0853027 0.00513384 0.00513384 2 2 2
0.0850795 0.00509937 0.00509937 2 2 2
0.084856 0.00506495 0.00506495 2 2 2
0.0846321 0.00503058 0.00503058 2 2 2
0.0844081 0.0049963 0.0049963 2 2 2
0.0841837 0.00496206 0.00496206 2 2 2
0.0839583 0.0049278 0.0049278 2 2 2
0.0837324 0.00489356 0.00489356 2 2 2
0.0835062 0.00485938 0.00485938 2 2 2
0.0832795 0.00482525 0.00482525 2 2 2
0.0830524 0.00479116 0.00479116 2 2 2
0.0828249 0.00475712 0.00475712 2 2 2
0.082597 0.00472314 0.00472314 2 2 2
0.0823687 0.00468919 0.00468919 2 2 2
0.08214 0.00465532 0.00465532 2 2 2
0.0819109 0.00462148 0.00462148 2 2 2
0.0816626 0.00458528 0.00458528 2 2 2
0.081417 0.00454959 0.00454959 2 2 2
0.0811709 0.00451394 0.00451394 2 2 2
0.103668 0.00839903 0.00839903 2 2 2
0.103666 0.00839877 0.00839877 2 2 2
0.103665 0.00839844 0.00839844 2 2 2
0.103656 0.00839667 0.00839667 2 2 2
0.103637 0.00839292 0.00839292 2 2 2
0.103599 0.0083854 0.0083854 2 2 2
0.103525 0.00837052 0.00837052 2 2 2
0.103372 0.00834021 0.00834021 2 2 2
0.103065 0.00827924 0.00827924 2 2 2
0.102582 0.00818401 0.00818401 2 2 2
0.102097 0.00808883 0.00808883 2 2 2
0.101613 0.00799439 0.00799439 2 2 2
0.10113 0.00790058 0.00790058 2 2 2
0.100649 0.0078078 0.0078078 2 2 2
0.100171 0.00771601 0.00771601 2 2 2
0.099694 0.00762479 0.00762479 2 2 2
0.0992144 0.00753372 0.00753372 2 2 2
0.0987253 0.00744151 0.00744151 2 2 2
0.0982336 0.00734942 0.00734942 2 2 2
0.0977423 0.00725794 0.00725794 2 2 2
0.0972506 0.00716697 0.00716697 2 2 2
0.0967558 0.00707604 0.00707604 2 2 2
0.103668 0.00839903 0.00839903 2 2 2
0.103649 0.00839552 0.00839552 2 2 2
0.103642 0.00839421 0.00839421 2 2 2
0.103628 0.00839161 0.00839161 2 2 2
0.103604 0.00838695 0.00838695 2 2 2
0.103555 0.00837756 0.00837756 2 2 2
0.103459 0.00835881 0.00835881 2 2 2
0.103266 0.00832146 0.00832146 2 2 2
0.102881 0.00824688 0.00824688 2 2 2
0.102274 0.00812971 0.00812971 2 2 2
0.101667 0.00801315 0.00801315 2 2 2
0.101059 0.00789692 0.00789692 2 2 2
0.100452 0.00778123 0.00778123 2 2 2
0.0998564 0.00766842 0.00766842 2 2 2
0.099256 0.00755509 0.00755509 2 2 2
0.0986548 0.00744207 0.00744207 2 2 2
0.0980531 0.00732943 0.00732943 2 2 2
0.0974373 0.00721447 0.00721447 2 2 2
0.0968027 0.00709632 0.00709632 2 2 2
0.0961688 0.00697888 0.00697888 2 2 2
0.0955356 0.00686215 0.00686215 2 2 2
0.0949069 0.00674685 0.00674685 2 2 2
0.0942707 0.00663068 0.00663068 2 2 2
0.0942707 0.00663068 0.00663068 2 2 2
0.0942677 0.00663015 0.00663015 2 2 2
0.094262 0.00662911 0.00662911 2 2 2
0.0942506 0.00662706 0.00662706 2 2 2
0.0942281 0.00662297 0.00662297 2 2 2
0.0941829 0.00661479 0.00661479 2 2 2
0.094093 0.0065985 0.0065985 2 2 2
0.0939132 0.00656597 0.00656597 2 2 2
0.0935559 0.00650143 0.00650143 2 2 2
0.0929971 0.00640081 0.00640081 2 2 2
0.0924375 0.00630039 0.00630039 2 2 2
0.0918685 0.00619866 0.00619866 2 2 2
0.0912964 0.00609675 0.00609675 2 2 2
0.0907218 0.00599482 0.00599482 2 2 2
0.0942707 0.00663068 0.00663068 2 2 2
0.0942742 0.00663133 0.00663133 2 2 2
0.0942817 0.00663269 0.00663269 2 2 2
0.0942975 0.00663556 0.00663556 2 2 2
0.0943302 0.00664144 0.00664144 2 2 2
0.0943959 0.00665323 0.00665323 2 2 2
0.0945275 0.00667688 0.00667688 2 2 2
0.0947907 0.00672428 0.00672428 2 2 2
0.0953156 0.0068191 0.0068191 2 2 2
0.0961298 0.00696703 0.00696703 2 2 2
0.0969358 0.00711445 0.00711445 2 2 2
0.0977262 0.00725984 0.00725984 2 2 2
0.0985103 0.00740498 0.00740498 2 2 2
0.099287 0.0075496 0.0075496 2 2 2
0.100064 0.00769514 0.00769514 2 2 2
0.100826 0.00783869 0.00783869 2 2 2
0.101594 0.00798441 0.00798441 2 2 2
0.102357 0.00812991 0.00812991 2 2 2
0.103114 0.0082751 0.0082751 2 2 2
0.103871 0.00842128 0.00842128 2 2 2
0.104622 0.008567 0.008567 2 2 2
0.105366 0.00871217 0.00871217 2 2 2
0.106103 0.00885661 0.00885661 2 2 2
0.106835 0.00900073 0.00900073 2 2 2
0.107562 0.00914464 0.00914464 2 2 2
0.108283 0.00928817 0.00928817 2 2 2
0.109003 0.00943229 0.00943229 2 2 2
0.109719 0.00957622 0.00957622 2 2 2
0.110429 0.00971959 0.00971959 2 2 2
0.111138 0.00986347 0.00986347 2 2 2
0.111869 0.0100136 0.0100136 2 2 2
0.112608 0.0101669 0.0101669 2 2 2
0.113341 0.0103194 0.0103194 2 2 2
0.114049 0.0104667 0.0104667 2 2 2
0.114749 0.0106127 0.0106127 2 2 2
0.115442 0.0107581 0.0107581 2 2 2
0.116122 0.010901 0.010901 2 2 2
0.116796 0.0110431 0.0110431 2 2 2
0.117471 0.0111863 0.0111863 2 2 2
0.118143 0.0113295 0.0113295 2 2 2
0.118811 0.0114727 0.0114727 2 2 2
0.119499 0.0116218 0.0116218 2 2 2
0.120181 0.0117705 0.0117705 2 2 2
0.120781 0.0118966 0.0118966 2 2 2
0.12135 0.0120165 0.0120165 2 2 2
0.121914 0.0121356 0.0121356 2 2 2
0.122473 0.0122537 0.0122537 2 2 2
0.123028 0.0123713 0.0123713 2 2 2
0.123582 0.012489 0.012489 2 2 2
0.124132 0.0126062 0.0126062 2 2 2
0.124679 0.0127228 0.0127228 2 2 2
0.125224 0.0128394 0.0128394 2 2 2
0.12577 0.0129569 0.0129569 2 2 2
0.126311 0.0130733 0.0130733 2 2 2
0.126798 0.013176 0.013176 2 2 2
0.127279 0.0132777 0.0132777 2 2 2
0.127146 0.0132213 0.0132213 2 2 2
0.127065 0.0131862 0.0131862 2 2 2
0.126984 0.0131511 0.0131511 2 2 2
0.126899 0.0131147 0.0131147 2 2 2
0.126819 0.0130793 0.0130793 2 2 2
0.126727 0.0130409 0.0130409 2 2 2
0.126622 0.0129995 0.0129995 2 2 2
0.126523 0.0129589 0.0129589 2 2 2
0.126435 0.0129209 0.0129209 2 2 2
0.126347 0.0128826 0.0128826 2 2 2
0.126258 0.012844 0.012844 2 2 2
0.126173 0.0128058 0.0128058 2 2 2
0.126078 0.0127652 0.0127652 2 2 2
0.125985 0.0127251 0.0127251 2 2 2
0.125514 0.0125997 0.0125997 2 2 2
0.125107 0.0124916 0.0124916 2 2 2
0.124702 0.0123842 0.0123842 2 2 2
0.124284 0.0122746 0.0122746 2 2 2
0.123867 0.0121655 0.0121655 2 2 2
0.123448 0.0120566 0.0120566 2 2 2
0.123035 0.0119489 0.0119489 2 2 2
0.122617 0.0118409 0.0118409 2 2 2
0.122195 0.0117326 0.0117326 2 2 2
0.121772 0.0116244 0.0116244 2 2 2
0.12135 0.0115167 0.0115167 2 2 2
0.120926 0.0114091 0.0114091 2 2 2
0.1205 0.0113018 0.0113018 2 2 2
0.120065 0.011193 0.011193 2 2 2
0.11963 0.0110847 0.0110847 2 2 2
0.119207 0.0109791 0.0109791 2 2 2
0.118784 0.010874 0.010874 2 2 2
0.118446 0.0107853 0.0107853 2 2 2
0.118115 0.0106983 0.0106983 2 2 2
0.11779 0.0106127 0.0106127 2 2 2
0.117466 0.0105277 0.0105277 2 2 2
0.117143 0.010443 0.010443 2 2 2
0.116818 0.0103582 0.0103582 2 2 2
0.116489 0.010273 0.010273 2 2 2
0.11615 0.0101861 0.0101861 2 2 2
0.115847 0.0101063 0.0101063 2 2 2
0.115514 0.0100212 0.0100212 2 2 2
0.115183 0.00993667 0.00993667 2 2 2
0.114851 0.00985234 0.00985234 2 2 2
0.114519 0.00976825 0.00976825 2 2 2
0.114178 0.00968297 0.00968297 2 2 2
0.113835 0.00959768 0.00959768 2 2 2
0.113492 0.00951267 0.00951267 2 2 2
0.113147 0.0094276 0.0094276 2 2 2
0.112801 0.00934286 0.00934286 2 2 2
0.112456 0.0092586 0.0092586 2 2 2
0.112111 0.0091746 0.0091746 2 2 2
0.111795 0.00909592 0.00909592 2 2 2
0.111476 0.00901725 0.00901725 2 2 2
0.111159 0.00893908 0.00893908 2 2 2
0.110839 0.00886079 0.00886079 2 2 2
0.110518 0.00878252 0.00878252 2 2 2
0.110194 0.00870423 0.00870423 2 2 2
0.109868 0.00862583 0.00862583 2 2 2
0.109517 0.00854377 0.00854377 2 2 2
0.109167 0.00846228 0.00846228 2 2 2
0.108796 0.00837784 0.00837784 2 2 2
0.108423 0.0082935 0.0082935 2 2 2
0.109673 0.00846614 0.00846614 2 2 2
0.110154 0.00853202 0.00853202 2 2 2
0.110612 0.00859323 0.00859323 2 2 2
0.111071 0.00865467 0.00865467 2 2 2
0.111522 0.00871443 0.00871443 2 2 2
0.111968 0.00877284 0.00877284 2 2 2
0.112411 0.00883077 0.00883077 2 2 2
0.112851 0.00888779 0.00888779 2 2 2
0.113286 0.00894387 0.00894387 2 2 2
0.113723 0.00900003 0.00900003 2 2 2
0.114156 0.00905543 0.00905543 2 2 2
0.114594 0.00911177 0.00911177 2 2 2
0.115032 0.00916784 0.00916784 2 2 2
0.115477 0.00922523 0.00922523 2 2 2
0.115917 0.00928173 0.00928173 2 2 2
0.116355 0.00933767 0.00933767 2 2 2
0.116791 0.00939291 0.00939291 2 2 2
0.117221 0.00944687 0.00944687 2 2 2
0.117629 0.00949614 0.00949614 2 2 2
0.118036 0.00954483 0.00954483 2 2 2
0.117926 0.00948182 0.00948182 2 2 2
0.117836 0.00943354 0.00943354 2 2 2
0.117745 0.0093849 0.0093849 2 2 2
0.117656 0.00933651 0.00933651 2 2 2
0.117563 0.00928726 0.00928726 2 2 2
0.117471 0.0092382 0.0092382 2 2 2
0.117371 0.00918757 0.00918757 2 2 2
0.117269 0.00913652 0.00913652 2 2 2
0.117164 0.00908477 0.00908477 2 2 2
0.117059 0.00903312 0.00903312 2 2 2
0.116955 0.00898158 0.00898158 2 2 2
0.11685 0.00892967 0.00892967 2 2 2
0.116746 0.00887783 0.00887783 2 2 2
0.116713 0.00883773 0.00883773 2 2 2
0.11668 0.00879744 0.00879744 2 2 2
0.116648 0.00875728 0.00875728 2 2 2
0.116602 0.00871442 0.00871442 2 2 2
0.116598 0.00867859 0.00867859 2 2 2
0.1166 0.00864333 0.00864333 2 2 2
0.1166 0.00860766 0.00860766 2 2 2
0.116604 0.00857242 0.00857242 2 2 2
0.116582 0.00853258 0.00853258 2 2 2
0.116569 0.00849403 0.00849403 2 2 2
0.124132 0.0126062 0.0126062 2 2 2
0.124356 0.0126624 0.0126624 2 2 2
0.124359 0.0126634 0.0126634 2 2 2
0.124366 0.012665 0.012665 2 2 2
0.124378 0.0126682 0.0126682 2 2 2
0.124403 0.0126745 0.0126745 2 2 2
0.124444 0.0126849 0.0126849 2 2 2
0.124485 0.0126955 0.0126955 2 2 2
0.124527 0.0127061 0.0127061 2 2 2
0.124568 0.0127167 0.0127167 2 2 2
0.124609 0.0127273 0.0127273 2 2 2
0.124651 0.0127378 0.0127378 2 2 2
0.124692 0.0127484 0.0127484 2 2 2
0.124734 0.0127591 0.0127591 2 2 2
0.124775 0.0127696 0.0127696 2 2 2
0.124816 0.0127802 0.0127802 2 2 2
0.124858 0.0127909 0.0127909 2 2 2
0.1249 0.0128017 0.0128017 2 2 2
0.124942 0.0128124 0.0128124 2 2 2
0.124985 0.0128233 0.0128233 2 2 2
0.125028 0.0128343 0.0128343 2 2 2
0.125071 0.0128453 0.0128453 2 2 2
0.125114 0.0128563 0.0128563 2 2 2
0.125157 0.0128672 0.0128672 2 2 2
0.1252 0.0128782 0.0128782 2 2 2
0.125243 0.0128892 0.0128892 2 2 2
0.125287 0.0129003 0.0129003 2 2 2
0.12533 0.0129114 0.0129114 2 2 2
0.125374 0.0129224 0.0129224 2 2 2
0.125417 0.0129335 0.0129335 2 2 2
0.12546 0.0129446 0.0129446 2 2 2
0.125503 0.0129555 0.0129555 2 2 2
0.125546 0.0129666 0.0129666 2 2 2
0.12559 0.0129776 0.0129776 2 2 2
0.125633 0.0129888 0.0129888 2 2 2
0.125677 0.013 0.013 2 2 2
0.125722 0.0130113 0.0130113 2 2 2
0.125766 0.0130226 0.0130226 2 2 2
0.125811 0.0130339 0.0130339 2 2 2
0.125855 0.0130453 0.0130453 2 2 2
0.1259 0.0130567 0.0130567 2 2 2
0.125945 0.0130681 0.0130681 2 2 2
0.12599 0.0130795 0.0130795 2 2 2
0.126034 0.013091 0.013091 2 2 2
0.126079 0.0131024 0.0131024 2 2 2
0.126124 0.0131139 0.0131139 2 2 2
0.126169 0.0131254 0.0131254 2 2 2
0.126214 0.0131368 0.0131368 2 2 2
0.126262 0.0131488 0.0131488 2 2 2
0.126308 0.0131607 0.0131607 2 2 2
0.126355 0.0131726 0.0131726 2 2 2
0.126403 0.0131845 0.0131845 2 2 2
0.12645 0.0131965 0.0131965 2 2 2
0.126497 0.0132085 0.0132085 2 2 2
0.126545 0.0132205 0.0132205 2 2 2
0.126592 0.0132325 0.0132325 2 2 2
0.126639 0.0132444 0.0132444 2 2 2
0.126686 0.0132564 0.0132564 2 2 2
0.126731 0.0132679 0.0132679 2 2 2
0.126776 0.0132795 0.0132795 2 2 2
0.126821 0.013291 0.013291 2 2 2
0.126866 0.0133026 0.0133026 2 2 2
0.126912 0.0133141 0.0133141 2 2 2
0.126957 0.0133257 0.0133257 2 2 2
0.127002 0.0133374 0.0133374 2 2 2
0.127048 0.0133491 0.0133491 2 2 2
0.127093 0.0133607 0.0133607 2 2 2
0.127137 0.0133718 0.0133718 2 2 2
0.12718 0.013383 0.013383 2 2 2
0.127223 0.0133942 0.0133942 2 2 2
0.127272 0.0134067 0.0134067 2 2 2
0.127321 0.013419 0.013419 2 2 2
0.12737 0.0134314 0.0134314 2 2 2
0.127419 0.0134438 0.0134438 2 2 2
0.127468 0.0134563 0.0134563 2 2 2
0.127517 0.0134688 0.0134688 2 2 2
0.127567 0.0134814 0.0134814 2 2 2
0.127617 0.013494 0.013494 2 2 2
0.127667 0.0135066 0.0135066 2 2 2
0.127716 0.0135193 0.0135193 2 2 2
0.127766 0.0135318 0.0135318 2 2 2
0.127815 0.0135444 0.0135444 2 2 2
0.127864 0.0135569 0.0135569 2 2 2
0.127914 0.0135694 0.0135694 2 2 2
0.127963 0.0135819 0.0135819 2 2 2
0.128012 0.0135943 0.0135943 2 2 2
0.128061 0.0136068 0.0136068 2 2 2
0.12811 0.0136193 0.0136193 2 2 2
0.128159 0.0136319 0.0136319 2 2 2
0.128208 0.0136444 0.0136444 2 2 2
0.128257 0.0136569 0.0136569 2 2 2
0.128307 0.0136695 0.0136695 2 2 2
0.128357 0.0136822 0.0136822 2 2 2
0.128407 0.013695 0.013695 2 2 2
0.128458 0.0137079 0.0137079 2 2 2
0.128508 0.0137208 0.0137208 2 2 2
0.128559 0.0137337 0.0137337 2 2 2
0.12861 0.0137466 0.0137466 2 2 2
0.128661 0.0137595 0.0137595 2 2 2
0.128712 0.0137725 0.0137725 2 2 2
0.128764 0.0137857 0.0137857 2 2 2
0.128814 0.0137985 0.0137985 2 2 2
0.128864 0.0138113 0.0138113 2 2 2
0.128914 0.013824 0.013824 2 2 2
0.128963 0.0138367 0.0138367 2 2 2
0.129013 0.0138493 0.0138493 2 2 2
0.129062 0.0138619 0.0138619 2 2 2
0.129111 0.0138744 0.0138744 2 2 2
0.129159 0.013887 0.013887 2 2 2
0.129208 0.0138995 0.0138995 2 2 2
0.129257 0.0139121 0.0139121 2 2 2
0.129308 0.0139252 0.0139252 2 2 2
0.129359 0.0139382 0.0139382 2 2 2
0.12941 0.0139512 0.0139512 2 2 2
0.129461 0.0139642 0.0139642 2 2 2
0.129512 0.0139773 0.0139773 2 2 2
0.129563 0.0139903 0.0139903 2 2 2
0.129614 0.0140033 0.0140033 2 2 2
0.129665 0.0140163 0.0140163 2 2 2
0.129716 0.0140293 0.0140293 2 2 2
0.129766 0.0140421 0.0140421 2 2 2
0.129815 0.0140548 0.0140548 2 2 2
0.129865 0.0140676 0.0140676 2 2 2
0.129914 0.0140804 0.0140804 2 2 2
0.129964 0.0140931 0.0140931 2 2 2
0.130013 0.0141058 0.0141058 2 2 2
0.130063 0.0141186 0.0141186 2 2 2
0.130114 0.0141317 0.0141317 2 2 2
0.130165 0.0141448 0.0141448 2 2 2
0.130215 0.0141578 0.0141578 2 2 2
0.130268 0.0141713 0.0141713 2 2 2
0.130321 0.0141848 0.0141848 2 2 2
0.130374 0.0141983 0.0141983 2 2 2
0.130427 0.0142118 0.0142118 2 2 2
0.13048 0.0142253 0.0142253 2 2 2
0.130533 0.0142389 0.0142389 2 2 2
0.130586 0.0142524 0.0142524 2 2 2
0.130638 0.0142659 0.0142659 2 2 2
0.130691 0.0142794 0.0142794 2 2 2
0.130744 0.014293 0.014293 2 2 2
0.130797 0.0143065 0.0143065 2 2 2
0.130849 0.0143199 0.0143199 2 2 2
0.130902 0.0143333 0.0143333 2 2 2
0.130954 0.0143468 0.0143468 2 2 2
0.131006 0.0143603 0.0143603 2 2 2
0.131059 0.0143737 0.0143737 2 2 2
0.131109 0.0143867 0.0143867 2 2 2
0.131159 0.0143997 0.0143997 2 2 2
0.131209 0.0144126 0.0144126 2 2 2
0.131259 0.0144256 0.0144256 2 2 2
0.131309 0.0144386 0.0144386 2 2 2
0.13136 0.0144517 0.0144517 2 2 2
0.131411 0.0144649 0.0144649 2 2 2
0.131461 0.0144779 0.0144779 2 2 2
0.131513 0.0144914 0.0144914 2 2 2
0.131567 0.0145051 0.0145051 2 2 2
0.13162 0.0145188 0.0145188 2 2 2
0.131674 0.0145328 0.0145328 2 2 2
0.131729 0.0145468 0.0145468 2 2 2
0.131784 0.0145608 0.0145608 2 2 2
0.131839 0.0145748 0.0145748 2 2 2
0.131893 0.0145889 0.0145889 2 2 2
0.131948 0.0146029 0.0146029 2 2 2
0.132003 0.0146169 0.0146169 2 2 2
0.132058 0.014631 0.014631 2 2 2
0.132113 0.0146451 0.0146451 2 2 2
0.132168 0.0146591 0.0146591 2 2 2
0.132222 0.0146732 0.0146732 2 2 2
0.132277 0.0146872 0.0146872 2 2 2
0.132332 0.0147013 0.0147013 2 2 2
0.132386 0.0147154 0.0147154 2 2 2
0.132443 0.0147298 0.0147298 2 2 2
0.132499 0.0147442 0.0147442 2 2 2
0.132555 0.0147586 0.0147586 2 2 2
0.132611 0.0147729 0.0147729 2 2 2
0.132668 0.0147873 0.0147873 2 2 2
0.132724 0.0148018 0.0148018 2 2 2
0.13278 0.0148162 0.0148162 2 2 2
0.132837 0.0148306 0.0148306 2 2 2
0.132893 0.014845 0.014845 2 2 2
0.132949 0.0148595 0.0148595 2 2 2
0.133006 0.014874 0.014874 2 2 2
0.133062 0.0148884 0.0148884 2 2 2
0.133118 0.0149028 0.0149028 2 2 2
0.133174 0.0149172 0.0149172 2 2 2
0.13323 0.0149316 0.0149316 2 2 2
0.133286 0.0149459 0.0149459 2 2 2
0.133333 0.0149586 0.0149586 2 2 2
0.133377 0.0149705 0.0149705 2 2 2
0.133422 0.0149825 0.0149825 2 2 2
0.133467 0.0149945 0.0149945 2 2 2
0.133511 0.0150066 0.0150066 2 2 2
0.133557 0.0150188 0.0150188 2 2 2
0.133602 0.015031 0.015031 2 2 2
0.133647 0.015043 0.015043 2 2 2
0.133692 0.015055 0.015055 2 2 2
0.133736 0.015067 0.015067 2 2 2
0.133779 0.0150786 0.0150786 2 2 2
0.133822 0.0150902 0.0150902 2 2 2
0.133864 0.0151018 0.0151018 2 2 2
0.133907 0.0151134 0.0151134 2 2 2
0.13395 0.0151251 0.0151251 2 2 2
0.133993 0.0151367 0.0151367 2 2 2
0.134038 0.0151488 0.0151488 2 2 2
0.134082 0.0151608 0.0151608 2 2 2
0.134127 0.0151729 0.0151729 2 2 2
0.13417 0.0151846 0.0151846 2 2 2
0.134214 0.0151963 0.0151963 2 2 2
0.134257 0.0152082 0.0152082 2 2 2
0.134301 0.01522 0.01522 2 2 2
0.134344 0.0152317 0.0152317 2 2 2
0.134388 0.0152435 0.0152435 2 2 2
0.134431 0.0152553 0.0152553 2 2 2
0.134474 0.015267 0.015267 2 2 2
0.134517 0.0152786 0.0152786 2 2 2
0.13456 0.0152902 0.0152902 2 2 2
0.134602 0.0153018 0.0153018 2 2 2
0.134643 0.0153129 0.0153129 2 2 2
0.134683 0.0153241 0.0153241 2 2 2
0.134724 0.0153353 0.0153353 2 2 2
0.134766 0.0153466 0.0153466 2 2 2
0.134807 0.0153578 0.0153578 2 2 2
0.134847 0.0153689 0.0153689 2 2 2
0.134888 0.0153802 0.0153802 2 2 2
0.13493 0.0153915 0.0153915 2 2 2
0.134971 0.0154028 0.0154028 2 2 2
0.135013 0.0154142 0.0154142 2 2 2
0.135055 0.0154256 0.0154256 2 2 2
0.135096 0.0154371 0.0154371 2 2 2
0.135139 0.0154486 0.0154486 2 2 2
0.135186 0.0154614 0.0154614 2 2 2
0.135235 0.0154744 0.0154744 2 2 2
0.135282 0.0154872 0.0154872 2 2 2
0.13533 0.0154999 0.0154999 2 2 2
0.135376 0.0155126 0.0155126 2 2 2
0.135423 0.0155252 0.0155252 2 2 2
0.135468 0.0155373 0.0155373 2 2 2
0.135514 0.0155498 0.0155498 2 2 2
0.135561 0.0155624 0.0155624 2 2 2
0.135609 0.0155753 0.0155753 2 2 2
0.135655 0.0155878 0.0155878 2 2 2
0.135701 0.0156004 0.0156004 2 2 2
0.135748 0.015613 0.015613 2 2 2
0.135796 0.0156259 0.0156259 2 2 2
0.135844 0.0156388 0.0156388 2 2 2
0.135891 0.0156516 0.0156516 2 2 2
0.136036 0.0156874 0.0156874 2 2 2
0.136094 0.0157019 0.0157019 2 2 2
0.136153 0.0157164 0.0157164 2 2 2
0.13621 0.0157306 0.0157306 2 2 2
0.136268 0.0157447 0.0157447 2 2 2
0.136325 0.0157589 0.0157589 2 2 2
0.136382 0.0157729 0.0157729 2 2 2
0.136438 0.0157869 0.0157869 2 2 2
0.136495 0.0158008 0.0158008 2 2 2
0.136548 0.015814 0.015814 2 2 2
0.136603 0.0158273 0.0158273 2 2 2
0.136657 0.0158406 0.0158406 2 2 2
0.136713 0.0158542 0.0158542 2 2 2
0.136768 0.0158676 0.0158676 2 2 2
0.136822 0.0158809 0.0158809 2 2 2
0.136876 0.0158941 0.0158941 2 2 2
0.136933 0.0159079 0.0159079 2 2 2
0.136987 0.0159214 0.0159214 2 2 2
0.137041 0.0159346 0.0159346 2 2 2
0.137096 0.0159481 0.0159481 2 2 2
0.137151 0.0159615 0.0159615 2 2 2
0.137207 0.0159754 0.0159754 2 2 2
0.137262 0.015989 0.015989 2 2 2
0.137317 0.0160025 0.0160025 2 2 2
0.137377 0.0160175 0.0160175 2 2 2
0.137438 0.0160326 0.0160326 2 2 2
0.137497 0.0160475 0.0160475 2 2 2
0.137571 0.0160667 0.0160667 2 2 2
0.137631 0.0160826 0.0160826 2 2 2
0.137692 0.0160984 0.0160984 2 2 2
0.137753 0.0161144 0.0161144 2 2 2
0.13781 0.0161291 0.0161291 2 2 2
0.137868 0.0161438 0.0161438 2 2 2
0.137925 0.0161585 0.0161585 2 2 2
0.137984 0.0161731 0.0161731 2 2 2
0.138043 0.0161877 0.0161877 2 2 2
0.138101 0.0162024 0.0162024 2 2 2
0.138159 0.016217 0.016217 2 2 2
0.138217 0.0162316 0.0162316 2 2 2
0.138279 0.0162464 0.0162464 2 2 2
0.138339 0.0162607 0.0162607 2 2 2
0.138399 0.016275 0.016275 2 2 2
0.138459 0.0162896 0.0162896 2 2 2
0.138518 0.016304 0.016304 2 2 2
0.138578 0.0163183 0.0163183 2 2 2
0.138638 0.0163328 0.0163328 2 2 2
0.138696 0.0163465 0.0163465 2 2 2
0.138755 0.0163608 0.0163608 2 2 2
0.138813 0.016375 0.016375 2 2 2
0.138872 0.0163893 0.0163893 2 2 2
0.13893 0.0164035 0.0164035 2 2 2
0.138988 0.0164179 0.0164179 2 2 2
0.139083 0.0164439 0.0164439 2 2 2
0.139133 0.0164578 0.0164578 2 2 2
0.139183 0.0164713 0.0164713 2 2 2
0.139234 0.0164855 0.0164855 2 2 2
0.139285 0.0164993 0.0164993 2 2 2
0.139336 0.0165133 0.0165133 2 2 2
0.139386 0.0165273 0.0165273 2 2 2
0.139437 0.0165412 0.0165412 2 2 2
0.139486 0.0165549 0.0165549 2 2 2
0.13952 0.016561 0.016561 2 2 2
0.139549 0.0165662 0.0165662 2 2 2
0.139574 0.0165703 0.0165703 2 2 2
0.1396 0.0165748 0.0165748 2 2 2
0.139625 0.0165792 0.0165792 2 2 2
0.139653 0.0165843 0.0165843 2 2 2
0.139681 0.0165895 0.0165895 2 2 2
0.139709 0.0165946 0.0165946 2 2 2
0.139775 0.0166092 0.0166092 2 2 2
0.139829 0.0166215 0.0166215 2 2 2
0.139882 0.0166337 0.0166337 2 2 2
0.13994 0.0166466 0.0166466 2 2 2
0.139996 0.0166592 0.0166592 2 2 2
0.140053 0.0166719 0.0166719 2 2 2
0.140108 0.0166843 0.0166843 2 2 2
0.140164 0.0166972 0.0166972 2 2 2
0.14022 0.01671 0.01671 2 2 2
0.140278 0.0167234 0.0167234 2 2 2
0.140337 0.0167369 0.0167369 2 2 2
0.140394 0.0167503 0.0167503 2 2 2
0.140453 0.0167639 0.0167639 2 2 2
0.140512 0.0167777 0.0167777 2 2 2
0.14057 0.0167915 0.0167915 2 2 2
0.140629 0.0168056 0.0168056 2 2 2
0.140688 0.0168197 0.0168197 2 2 2
0.140747 0.0168337 0.0168337 2 2 2
0.140806 0.0168477 0.0168477 2 2 2
0.140865 0.016862 0.016862 2 2 2
0.140924 0.0168761 0.0168761 2 2 2
0.140983 0.0168905 0.0168905 2 2 2
0.141043 0.0169049 0.0169049 2 2 2
0.141101 0.016919 0.016919 2 2 2
0.14116 0.0169328 0.0169328 2 2 2
0.141224 0.0169492 0.0169492 2 2 2
0.14128 0.0169634 0.0169634 2 2 2
0.141336 0.0169776 0.0169776 2 2 2
0.141387 0.0169904 0.0169904 2 2 2
0.141438 0.0170029 0.0170029 2 2 2
0.141492 0.0170159 0.0170159 2 2 2
0.141545 0.0170286 0.0170286 2 2 2
0.141598 0.0170413 0.0170413 2 2 2
0.141651 0.017054 0.017054 2 2 2
0.141704 0.0170661 0.0170661 2 2 2
0.141756 0.0170781 0.0170781 2 2 2
0.141809 0.0170904 0.0170904 2 2 2
0.141874 0.0171073 0.0171073 2 2 2
0.141934 0.0171229 0.0171229 2 2 2
0.141993 0.0171384 0.0171384 2 2 2
0.142053 0.0171542 0.0171542 2 2 2
0.14211 0.0171694 0.0171694 2 2 2
0.142167 0.0171846 0.0171846 2 2 2
0.142226 0.0172003 0.0172003 2 2 2
0.142285 0.0172157 0.0172157 2 2 2
0.142341 0.017231 0.017231 2 2 2
0.142398 0.0172464 0.0172464 2 2 2
