0.016923 0 0 2 2 2
0.016923 0 0 2 2 2
0.0169231 0 0 2 2 2
0.0169231 0 0 2 2 2
0.0169234 0 0 2 2 2
0.0169234 0.001 0.001 2 2 2
0.0169173 0.000999815 0.000999815 2 2 2
0.016896 0.000999156 0.000999156 2 2 2
0.0168602 0.000998057 0.000998057 2 2 2
0.0168176 0.00099673 0.00099673 2 2 2
0.0167383 0.000994246 0.000994246 2 2 2
0.0165371 0.000987825 0.000987825 2 2 2
0.0162403 0.000978107 0.000978107 2 2 2
0.0159474 0.000968226 0.000968226 2 2 2
0.0156693 0.000958578 0.000958578 2 2 2
0.0153744 0.000948053 0.000948053 2 2 2
0.0150806 0.00093727 0.00093727 2 2 2
0.0147858 0.000926152 0.000926152 2 2 2
0.0144901 0.000914706 0.000914706 2 2 2
0.014195 0.000902992 0.000902992 2 2 2
0.0138832 0.000890313 0.000890313 2 2 2
0.0135554 0.000876622 0.000876622 2 2 2
0.0132299 0.000862665 0.000862665 2 2 2
0.0129038 0.000848299 0.000848299 2 2 2
0.0125009 0.000830161 0.000830161 2 2 2
0.0121184 0.000812423 0.000812423 2 2 2
0.0117363 0.000794239 0.000794239 2 2 2
0.0113515 0.000775413 0.000775413 2 2 2
0.0109671 0.000756114 0.000756114 2 2 2
0.0105895 0.00073666 0.00073666 2 2 2
0.0102218 0.000717219 0.000717219 2 2 2
0.0098595 0.000697626 0.000697626 2 2 2
0.00949744 0.000677625 0.000677625 2 2 2
0.00911255 0.000655894 0.000655894 2 2 2
0.00873004 0.000633813 0.000633813 2 2 2
0.00834827 0.00061125 0.00061125 2 2 2
0.00796084 0.000587913 0.000587913 2 2 2
0.00757715 0.00056431 0.00056431 2 2 2
0.00719298 0.000540225 0.000540225 2 2 2
0.00681403 0.000515951 0.000515951 2 2 2
0.00644257 0.000491698 0.000491698 2 2 2
0.00607167 0.000467002 0.000467002 2 2 2
0.00570224 0.000441986 0.000441986 2 2 2
0.00533297 0.000416536 0.000416536 2 2 2
0.00497631 0.000391536 0.000391536 2 2 2
0.00462056 0.00036618 0.00036618 2 2 2
0.00426142 0.000340168 0.000340168 2 2 2
0.00389569 0.000313247 0.000313247 2 2 2
0.00347612 0.000281857 0.000281857 2 2 2
0.00307154 0.000251036 0.000251036 2 2 2
0.00265914 0.000219109 0.000219109 2 2 2
0.00225145 0.000186977 0.000186977 2 2 2
0.00184482 0.000154386 0.000154386 2 2 2
0.00143875 0.000121286 0.000121286 2 2 2
0.00103392 8.7765e-05 8.7765e-05 2 2 2
0.0006303 5.38103e-05 5.38103e-05 2 2 2
0.000227968 1.94536e-05 1.94536e-05 2 2 2
-0.00017473 -1.54849e-05 -1.54849e-05 2 2 2
-0.00057682 -5.09001e-05 -5.09001e-05 2 2 2
-0.000977684 -8.67494e-05 -8.67494e-05 2 2 2
-0.00137798 -0.000123058 -0.000123058 2 2 2
-0.00177708 -0.000159783 -0.000159783 2 2 2
-0.00217539 -0.000196952 -0.000196952 2 2 2
-0.00257351 -0.000234626 -0.000234626 2 2 2
-0.00297155 -0.000272809 -0.000272809 2 2 2
-0.00337015 -0.00031156 -0.00031156 2 2 2
-0.00376759 -0.000350715 -0.000350715 2 2 2
-0.00415978 -0.000389872 -0.000389872 2 2 2
-0.00454619 -0.000428953 -0.000428953 2 2 2
-0.00493178 -0.00046843 -0.00046843 2 2 2
-0.00531665 -0.000508321 -0.000508321 2 2 2
-0.00570048 -0.000548567 -0.000548567 2 2 2
-0.00608575 -0.000589456 -0.000589456 2 2 2
-0.00646844 -0.000630551 -0.000630551 2 2 2
-0.00685039 -0.000672048 -0.000672048 2 2 2
-0.00723233 -0.000714011 -0.000714011 2 2 2
-0.00761375 -0.000756392 -0.000756392 2 2 2
-0.00800166 -0.000799923 -0.000799923 2 2 2
-0.0083752 -0.000842304 -0.000842304 2 2 2
-0.00874787 -0.000885007 -0.000885007 2 2 2
-0.00911614 -0.000927649 -0.000927649 2 2 2
-0.00948408 -0.000970681 -0.000970681 2 2 2
-0.0098511 -0.00101404 -0.00101404 2 2 2
-0.0102161 -0.00105758 -0.00105758 2 2 2
-0.0105817 -0.00110162 -0.00110162 2 2 2
-0.0109455 -0.00114587 -0.00114587 2 2 2
-0.0113088 -0.00119046 -0.00119046 2 2 2
-0.0116708 -0.00123533 -0.00123533 2 2 2
-0.0120201 -0.00127899 -0.00127899 2 2 2
-0.0123591 -0.00132173 -0.00132173 2 2 2
-0.0126984 -0.00136487 -0.00136487 2 2 2
-0.0130361 -0.00140816 -0.00140816 2 2 2
-0.0133673 -0.00145094 -0.00145094 2 2 2
-0.0136972 -0.0014939 -0.0014939 2 2 2
-0.0140263 -0.00153711 -0.00153711 2 2 2
-0.0143541 -0.00158047 -0.00158047 2 2 2
-0.0146739 -0.00162309 -0.00162309 2 2 2
-0.0149881 -0.00166527 -0.00166527 2 2 2
-0.0153065 -0.00170833 -0.00170833 2 2 2
-0.0156092 -0.00174953 -0.00174953 2 2 2
-0.0159108 -0.00179085 -0.00179085 2 2 2
-0.0161895 -0.00182922 -0.00182922 2 2 2
-0.0164575 -0.00186631 -0.00186631 2 2 2
-0.0167242 -0.00190345 -0.00190345 2 2 2
-0.0169694 -0.00193773 -0.00193773 2 2 2
-0.017214 -0.00197211 -0.00197211 2 2 2
-0.017458 -0.00200657 -0.00200657 2 2 2
-0.0177341 -0.00204587 -0.00204587 2 2 2
-0.0180059 -0.00208479 -0.00208479 2 2 2
-0.0182779 -0.00212396 -0.00212396 2 2 2
-0.0185557 -0.00216422 -0.00216422 2 2 2
-0.0188335 -0.00220471 -0.00220471 2 2 2
-0.0191112 -0.00224542 -0.00224542 2 2 2
-0.0193811 -0.0022852 -0.0022852 2 2 2
-0.0196495 -0.00232495 -0.00232495 2 2 2
-0.0199165 -0.00236471 -0.00236471 2 2 2
-0.0201819 -0.00240447 -0.00240447 2 2 2
-0.020496 -0.00245196 -0.00245196 2 2 2
-0.0208062 -0.00249916 -0.00249916 2 2 2
-0.0211177 -0.00254688 -0.00254688 2 2 2
-0.0214315 -0.00259526 -0.00259526 2 2 2
-0.0217437 -0.00264371 -0.00264371 2 2 2
0.00103392 8.7765e-05 8.7765e-05 2 2 2
0.00104193 8.84333e-05 8.84333e-05 2 2 2
0.00105786 8.97617e-05 8.97617e-05 2 2 2
0.00111427 9.44783e-05 9.44783e-05 2 2 2
0.00114166 9.67527e-05 9.67527e-05 2 2 2
0.00119367 0.000101065 0.000101065 2 2 2
0.00129298 0.00010926 0.00010926 2 2 2
0.00144657 0.000121887 0.000121887 2 2 2
0.00158793 0.000133436 0.000133436 2 2 2
0.00173402 0.000145305 0.000145305 2 2 2
0.00188105 0.00015717 0.00015717 2 2 2
0.00202809 0.000168961 0.000168961 2 2 2
0.00221219 0.000183622 0.000183622 2 2 2
0.00239437 0.000198022 0.000198022 2 2 2
0.00257622 0.000212285 0.000212285 2 2 2
0.00275808 0.000226437 0.000226437 2 2 2
0.00296718 0.000242579 0.000242579 2 2 2
0.00317574 0.00025853 0.00025853 2 2 2
0.00338732 0.000274562 0.000274562 2 2 2
0.00359877 0.000290437 0.000290437 2 2 2
0.00381133 0.000306246 0.000306246 2 2 2
0.00401739 0.000321434 0.000321434 2 2 2
0.00422568 0.000336635 0.000336635 2 2 2
0.00442993 0.000351398 0.000351398 2 2 2
0.00460316 0.000363804 0.000363804 2 2 2
0.00477557 0.000376044 0.000376044 2 2 2
0.00494923 0.000388273 0.000388273 2 2 2
0.00512025 0.000400216 0.000400216 2 2 2
0.00529094 0.000412038 0.000412038 2 2 2
0.00546298 0.000423856 0.000423856 2 2 2
0.00563856 0.000435811 0.000435811 2 2 2
0.00581503 0.000447729 0.000447729 2 2 2
0.00599124 0.000459526 0.000459526 2 2 2
0.00613831 0.000469265 0.000469265 2 2 2
0.00628528 0.000478935 0.000478935 2 2 2
0.0064314 0.000488478 0.000488478 2 2 2
0.00648044 0.000491604 0.000491604 2 2 2
0.00654827 0.000495945 0.000495945 2 2 2
0.00661829 0.000500413 0.000500413 2 2 2
0.0066922 0.000505113 0.000505113 2 2 2
0.0067568 0.000509195 0.000509195 2 2 2
0.00682235 0.000513323 0.000513323 2 2 2
0.00689302 0.000517775 0.000517775 2 2 2
0.006964 0.000522218 0.000522218 2 2 2
0.00704906 0.000527541 0.000527541 2 2 2
0.00715359 0.000534056 0.000534056 2 2 2
0.00729444 0.000542838 0.000542838 2 2 2
0.00743142 0.000551309 0.000551309 2 2 2
0.00749343 0.000555093 0.000555093 2 2 2
0.00748373 0.000554373 0.000554373 2 2 2
0.00747243 0.000553548 0.000553548 2 2 2
0.00750187 0.000555252 0.000555252 2 2 2
0.00747663 0.000553568 0.000553568 2 2 2
0.00745405 0.000552041 0.000552041 2 2 2
0.00739711 0.000548396 0.000548396 2 2 2
0.007106 0.000529966 0.000529966 2 2 2
0.00684216 0.00051304 0.00051304 2 2 2
0.00658363 0.000496243 0.000496243 2 2 2
0.00632814 0.000479439 0.000479439 2 2 2
0.00607291 0.00046245 0.00046245 2 2 2
0.00583007 0.000446083 0.000446083 2 2 2
0.0054222 0.00041828 0.00041828 2 2 2
0.00506326 0.00039338 0.00039338 2 2 2
0.00470836 0.000368375 0.000368375 2 2 2
0.0043635 0.000343692 0.000343692 2 2 2
0.0040178 0.000318579 0.000318579 2 2 2
0.0036709 0.000293004 0.000293004 2 2 2
0.00331568 0.000266438 0.000266438 2 2 2
0.00295711 0.000239227 0.000239227 2 2 2
0.00259711 0.000211507 0.000211507 2 2 2
0.00224149 0.000183733 0.000183733 2 2 2
0.00188697 0.000155658 0.000155658 2 2 2
0.00154291 0.000128051 0.000128051 2 2 2
0.00119278 9.95738e-05 9.95738e-05 2 2 2
0.000845116 7.09244e-05 7.09244e-05 2 2 2
0.000505956 4.26156e-05 4.26156e-05 2 2 2
0.000132854 1.10736e-05 1.10736e-05 2 2 2
-0.00024714 -2.14946e-05 -2.14946e-05 2 2 2
-0.000628685 -5.46392e-05 -5.46392e-05 2 2 2
-0.00101189 -8.83807e-05 -8.83807e-05 2 2 2
-0.00139374 -0.000122452 -0.000122452 2 2 2
-0.00178108 -0.000157477 -0.000157477 2 2 2
-0.00216785 -0.000192907 -0.000192907 2 2 2
-0.00255351 -0.000228692 -0.000228692 2 2 2
-0.00293859 -0.000264874 -0.000264874 2 2 2
-0.00332652 -0.000301792 -0.000301792 2 2 2
-0.00371433 -0.000339161 -0.000339161 2 2 2
-0.00428103 -0.000394733 -0.000394733 2 2 2
-0.0046857 -0.000435009 -0.000435009 2 2 2
-0.00508358 -0.000475116 -0.000475116 2 2 2
-0.00547978 -0.000515541 -0.000515541 2 2 2
-0.00587997 -0.000556905 -0.000556905 2 2 2
-0.00627807 -0.000598548 -0.000598548 2 2 2
-0.00667359 -0.000640439 -0.000640439 2 2 2
-0.00707092 -0.000683009 -0.000683009 2 2 2
-0.00746665 -0.000725911 -0.000725911 2 2 2
-0.00786069 -0.000769095 -0.000769095 2 2 2
-0.00825599 -0.000812937 -0.000812937 2 2 2
-0.00865077 -0.000857236 -0.000857236 2 2 2
-0.00904336 -0.000901803 -0.000901803 2 2 2
-0.00943593 -0.000946837 -0.000946837 2 2 2
-0.00982664 -0.000992152 -0.000992152 2 2 2
-0.010215 -0.00103762 -0.00103762 2 2 2
-0.0105953 -0.00108253 -0.00108253 2 2 2
-0.0109591 -0.00112591 -0.00112591 2 2 2
-0.0113203 -0.00116945 -0.00116945 2 2 2
-0.0116838 -0.00121364 -0.00121364 2 2 2
-0.0120453 -0.00125801 -0.00125801 2 2 2
-0.0124044 -0.00130243 -0.00130243 2 2 2
-0.012766 -0.00134762 -0.00134762 2 2 2
-0.0131252 -0.00139292 -0.00139292 2 2 2
-0.0134819 -0.00143834 -0.00143834 2 2 2
-0.013845 -0.00148494 -0.00148494 2 2 2
-0.0142057 -0.00153165 -0.00153165 2 2 2
-0.0145638 -0.00157842 -0.00157842 2 2 2
-0.0149231 -0.00162578 -0.00162578 2 2 2
-0.0152807 -0.00167332 -0.00167332 2 2 2
-0.0156359 -0.00172097 -0.00172097 2 2 2
-0.0159927 -0.00176921 -0.00176921 2 2 2
-0.0163481 -0.00181766 -0.00181766 2 2 2
-0.0167013 -0.0018662 -0.0018662 2 2 2
-0.017055 -0.00191523 -0.00191523 2 2 2
-0.0174074 -0.00196448 -0.00196448 2 2 2
-0.0177575 -0.0020138 -0.0020138 2 2 2
-0.0181077 -0.0020635 -0.0020635 2 2 2
-0.0184564 -0.0021134 -0.0021134 2 2 2
-0.018803 -0.00216335 -0.00216335 2 2 2
-0.0191509 -0.00221389 -0.00221389 2 2 2
-0.0194972 -0.00226459 -0.00226459 2 2 2
-0.0198417 -0.00231538 -0.00231538 2 2 2
-0.0201864 -0.00236661 -0.00236661 2 2 2
-0.0205298 -0.00241803 -0.00241803 2 2 2
-0.0208716 -0.0024696 -0.0024696 2 2 2
-0.0212134 -0.00252153 -0.00252153 2 2 2
-0.0215539 -0.00257366 -0.00257366 2 2 2
-0.0218928 -0.0026259 -0.0026259 2 2 2
-0.0222308 -0.00267841 -0.00267841 2 2 2
-0.0225674 -0.00273107 -0.00273107 2 2 2
-0.0229026 -0.00278389 -0.00278389 2 2 2
-0.0232373 -0.00283698 -0.00283698 2 2 2
-0.0235708 -0.00289026 -0.00289026 2 2 2
-0.0239028 -0.00294368 -0.00294368 2 2 2
-0.0242341 -0.00299733 -0.00299733 2 2 2
-0.0245623 -0.00305095 -0.00305095 2 2 2
-0.0248876 -0.00310445 -0.00310445 2 2 2
-0.0252123 -0.00315821 -0.00315821 2 2 2
-0.0255361 -0.00321217 -0.00321217 2 2 2
-0.0258584 -0.00326624 -0.00326624 2 2 2
-0.0261802 -0.00332055 -0.00332055 2 2 2
-0.0265008 -0.00337503 -0.00337503 2 2 2
-0.0268207 -0.00342969 -0.00342969 2 2 2
-0.02714 -0.00348459 -0.00348459 2 2 2
-0.0274582 -0.00353964 -0.00353964 2 2 2
-0.0277718 -0.00359442 -0.00359442 2 2 2
-0.0280817 -0.0036489 -0.0036489 2 2 2
-0.0283906 -0.00370353 -0.00370353 2 2 2
-0.0286984 -0.00375828 -0.00375828 2 2 2
-0.0290054 -0.00381323 -0.00381323 2 2 2
-0.0293115 -0.00386833 -0.00386833 2 2 2
-0.0296164 -0.00392356 -0.00392356 2 2 2
-0.0299205 -0.00397895 -0.00397895 2 2 2
-0.0302241 -0.00403456 -0.00403456 2 2 2
-0.0305265 -0.00409025 -0.00409025 2 2 2
-0.0308282 -0.00414612 -0.00414612 2 2 2
-0.0311288 -0.00420213 -0.00420213 2 2 2
-0.0314283 -0.00425825 -0.00425825 2 2 2
-0.0317267 -0.00431449 -0.00431449 2 2 2
-0.0320241 -0.00437086 -0.00437086 2 2 2
-0.0323204 -0.00442735 -0.00442735 2 2 2
-0.0326155 -0.00448393 -0.00448393 2 2 2
-0.0329095 -0.00454063 -0.00454063 2 2 2
-0.0332025 -0.00459743 -0.00459743 2 2 2
-0.0334944 -0.00465436 -0.00465436 2 2 2
-0.0337853 -0.0047114 -0.0047114 2 2 2
-0.0340752 -0.00476854 -0.00476854 2 2 2
-0.0343644 -0.00482584 -0.00482584 2 2 2
-0.0346526 -0.00488325 -0.00488325 2 2 2
-0.0349399 -0.00494076 -0.00494076 2 2 2
-0.0352263 -0.00499841 -0.00499841 2 2 2
-0.0355121 -0.0050562 -0.0050562 2 2 2
-0.0357968 -0.00511406 -0.00511406 2 2 2
-0.0360807 -0.00517206 -0.00517206 2 2 2
-0.0363637 -0.00523016 -0.00523016 2 2 2
-0.036645 -0.00528822 -0.00528822 2 2 2
-0.0369263 -0.00534655 -0.00534655 2 2 2
-0.0372067 -0.00540497 -0.00540497 2 2 2
-0.0374852 -0.00546329 -0.00546329 2 2 2
-0.0377641 -0.00552198 -0.00552198 2 2 2
-0.0380418 -0.00558072 -0.00558072 2 2 2
-0.0382884 -0.00563749 -0.00563749 2 2 2
-0.0384135 -0.00566641 -0.00566641 2 2 2
-0.0385384 -0.00569538 -0.00569538 2 2 2
-0.0386629 -0.00572433 -0.00572433 2 2 2
-0.0387881 -0.00575352 -0.00575352 2 2 2
-0.0389133 -0.00578279 -0.00578279 2 2 2
-0.0390382 -0.00581206 -0.00581206 2 2 2
-0.039163 -0.00584141 -0.00584141 2 2 2
-0.0392876 -0.00587078 -0.00587078 2 2 2
-0.0394119 -0.00590017 -0.00590017 2 2 2
-0.0395365 -0.00592971 -0.00592971 2 2 2
-0.039661 -0.00595929 -0.00595929 2 2 2
-0.0397843 -0.0059887 -0.0059887 2 2 2
-0.0399091 -0.0060185 -0.0060185 2 2 2
-0.0400305 -0.00604767 -0.00604767 2 2 2
-0.0401515 -0.00607683 -0.00607683 2 2 2
-0.0402726 -0.00610608 -0.00610608 2 2 2
-0.0403936 -0.0061354 -0.0061354 2 2 2
-0.0405147 -0.00616481 -0.00616481 2 2 2
-0.0406347 -0.00619406 -0.00619406 2 2 2
-0.0407545 -0.00622333 -0.00622333 2 2 2
-0.0408741 -0.00625264 -0.00625264 2 2 2
-0.0409942 -0.00628212 -0.00628212 2 2 2
-0.0411141 -0.00631164 -0.00631164 2 2 2
-0.0412333 -0.00634107 -0.00634107 2 2 2
-0.041353 -0.00637069 -0.00637069 2 2 2
-0.0414725 -0.00640033 -0.00640033 2 2 2
-0.041592 -0.00643005 -0.00643005 2 2 2
-0.0417114 -0.00645984 -0.00645984 2 2 2
-0.0418305 -0.00648963 -0.00648963 2 2 2
-0.041949 -0.00651936 -0.00651936 2 2 2
-0.0420688 -0.00654943 -0.00654943 2 2 2
0.00748373 0.000554373 0.000554373 2 2 2
0.00744789 0.000552132 0.000552132 2 2 2
0.00743124 0.00055109 0.00055109 2 2 2
0.00737204 0.000547392 0.000547392 2 2 2
0.00732094 0.000544202 0.000544202 2 2 2
0.00722182 0.000537989 0.000537989 2 2 2
0.00703208 0.000526034 0.000526034 2 2 2
0.00665436 0.000501851 0.000501851 2 2 2
0.00607054 0.00046357 0.00046357 2 2 2
0.00548947 0.000424378 0.000424378 2 2 2
0.00500163 0.000390675 0.000390675 2 2 2
0.00451817 0.00035648 0.00035648 2 2 2
0.00403131 0.000321267 0.000321267 2 2 2
0.00353641 0.000284689 0.000284689 2 2 2
0.00304575 0.00024763 0.00024763 2 2 2
0.00257303 0.000211189 0.000211189 2 2 2
0.00210101 0.000174051 0.000174051 2 2 2
0.00164481 0.000137457 0.000137457 2 2 2
0.00118471 9.98276e-05 9.98276e-05 2 2 2
0.000726288 6.16492e-05 6.16492e-05 2 2 2
0.000147464 1.24338e-05 1.24338e-05 2 2 2
-0.00043133 -3.78847e-05 -3.78847e-05 2 2 2
-0.00100601 -8.896e-05 -8.896e-05 2 2 2
-0.00157578 -0.00014069 -0.00014069 2 2 2
-0.00214313 -0.000193293 -0.000193293 2 2 2
-0.00271508 -0.000247407 -0.000247407 2 2 2
-0.00324903 -0.000298931 -0.000298931 2 2 2
-0.00377795 -0.000350906 -0.000350906 2 2 2
-0.00432387 -0.000405566 -0.000405566 2 2 2
-0.00487465 -0.000461742 -0.000461742 2 2 2
-0.00539453 -0.000515759 -0.000515759 2 2 2
-0.00586914 -0.000565887 -0.000565887 2 2 2
-0.00634869 -0.000617331 -0.000617331 2 2 2
-0.00682987 -0.000669731 -0.000669731 2 2 2
-0.00733339 -0.000725428 -0.000725428 2 2 2
-0.0078317 -0.000781424 -0.000781424 2 2 2
-0.00834016 -0.000839438 -0.000839438 2 2 2
-0.00885882 -0.000899545 -0.000899545 2 2 2
-0.00936133 -0.000958697 -0.000958697 2 2 2
-0.00990431 -0.00102358 -0.00102358 2 2 2
-0.0104394 -0.00108853 -0.00108853 2 2 2
-0.0109645 -0.00115326 -0.00115326 2 2 2
-0.0114769 -0.00121738 -0.00121738 2 2 2
-0.0119914 -0.00128271 -0.00128271 2 2 2
-0.0125097 -0.00134946 -0.00134946 2 2 2
-0.0130189 -0.00141595 -0.00141595 2 2 2
-0.0135256 -0.00148308 -0.00148308 2 2 2
-0.0140134 -0.00154863 -0.00154863 2 2 2
-0.0145281 -0.00161867 -0.00161867 2 2 2
-0.0150198 -0.00168651 -0.00168651 2 2 2
-0.0157102 -0.00178284 -0.00178284 2 2 2
-0.0163651 -0.00187578 -0.00187578 2 2 2
-0.0170131 -0.00196927 -0.00196927 2 2 2
-0.0176587 -0.00206391 -0.00206391 2 2 2
-0.0183002 -0.00215947 -0.00215947 2 2 2
-0.0189341 -0.00225536 -0.00225536 2 2 2
-0.0195609 -0.00235162 -0.00235162 2 2 2
-0.0201335 -0.00244094 -0.00244094 2 2 2
-0.0206807 -0.00252753 -0.00252753 2 2 2
-0.0212254 -0.00261482 -0.00261482 2 2 2
-0.0217697 -0.00270318 -0.00270318 2 2 2
-0.0223104 -0.00279205 -0.00279205 2 2 2
-0.0228856 -0.00288766 -0.00288766 2 2 2
-0.0234664 -0.00298542 -0.00298542 2 2 2
-0.0240644 -0.00308734 -0.00308734 2 2 2
-0.0246559 -0.0031895 -0.0031895 2 2 2
-0.0252338 -0.00329064 -0.00329064 2 2 2
-0.0258126 -0.00339319 -0.00339319 2 2 2
-0.0263876 -0.00349636 -0.00349636 2 2 2
-0.0269574 -0.00359985 -0.00359985 2 2 2
-0.0275241 -0.00370403 -0.00370403 2 2 2
-0.0280886 -0.00380903 -0.00380903 2 2 2
-0.0286464 -0.00391401 -0.00391401 2 2 2
-0.0291932 -0.00401815 -0.00401815 2 2 2
-0.0297353 -0.00412257 -0.00412257 2 2 2
-0.030278 -0.00422828 -0.00422828 2 2 2
-0.030807 -0.00433248 -0.00433248 2 2 2
-0.0313346 -0.00443751 -0.00443751 2 2 2
-0.0318571 -0.00454267 -0.00454267 2 2 2
-0.0323786 -0.00464869 -0.00464869 2 2 2
-0.0328991 -0.00475561 -0.00475561 2 2 2
-0.0334146 -0.00486258 -0.00486258 2 2 2
-0.033925 -0.0049696 -0.0049696 2 2 2
-0.0344369 -0.00507796 -0.00507796 2 2 2
-0.0349347 -0.00518447 -0.00518447 2 2 2
-0.0354262 -0.00529064 -0.00529064 2 2 2
-0.0359148 -0.00539721 -0.00539721 2 2 2
-0.036404 -0.00550489 -0.00550489 2 2 2
-0.0368927 -0.00561344 -0.00561344 2 2 2
-0.0373766 -0.00572191 -0.00572191 2 2 2
-0.0378598 -0.00583122 -0.00583122 2 2 2
-0.0383325 -0.00593917 -0.00593917 2 2 2
-0.0388009 -0.00604712 -0.00604712 2 2 2
-0.0392664 -0.00615532 -0.00615532 2 2 2
-0.0397271 -0.00626335 -0.00626335 2 2 2
-0.0401852 -0.00637169 -0.00637169 2 2 2
-0.0406396 -0.00648005 -0.00648005 2 2 2
-0.0403231 -0.00641091 -0.00641091 2 2 2
-0.0401704 -0.00637772 -0.00637772 2 2 2
-0.0400142 -0.00634375 -0.00634375 2 2 2
-0.039853 -0.00630862 -0.00630862 2 2 2
-0.0396893 -0.00627295 -0.00627295 2 2 2
-0.0395278 -0.00623784 -0.00623784 2 2 2
-0.0393735 -0.00620441 -0.00620441 2 2 2
-0.0392452 -0.00617704 -0.00617704 2 2 2
-0.0391196 -0.00615032 -0.00615032 2 2 2
-0.0389918 -0.00612307 -0.00612307 2 2 2
-0.0388811 -0.00609977 -0.00609977 2 2 2
-0.0387752 -0.00607755 -0.00607755 2 2 2
-0.0386671 -0.00605482 -0.00605482 2 2 2
-0.0385538 -0.0060309 -0.0060309 2 2 2
-0.0385374 -0.00602918 -0.00602918 2 2 2
0.00748373 0.000554373 0.000554373 2 2 2
0.00759905 0.000561528 0.000561528 2 2 2
0.00761272 0.000562371 0.000562371 2 2 2
0.00763863 0.000563954 0.000563954 2 2 2
0.0077087 0.000568271 0.000568271 2 2 2
0.00781235 0.000574588 0.000574588 2 2 2
0.00797084 0.000584202 0.000584202 2 2 2
0.00829922 0.000603842 0.000603842 2 2 2
0.00878179 0.00063207 0.00063207 2 2 2
0.00976946 0.000687498 0.000687498 2 2 2
0.0114867 0.000776375 0.000776375 2 2 2
0.0129279 0.000843214 0.000843214 2 2 2
0.0140626 0.000890557 0.000890557 2 2 2
0.0151808 0.000932954 0.000932954 2 2 2
0.0163015 0.000971153 0.000971153 2 2 2
0.0174257 0.00100517 0.00100517 2 2 2
0.0185488 0.00103474 0.00103474 2 2 2
0.019656 0.00105947 0.00105947 2 2 2
0.0207109 0.00107856 0.00107856 2 2 2
0.0217218 0.00109289 0.00109289 2 2 2
0.0227132 0.00110331 0.00110331 2 2 2
0.0236983 0.00111013 0.00111013 2 2 2
0.024667 0.00111319 0.00111319 2 2 2
0.0256318 0.00111278 0.00111278 2 2 2
0.0265871 0.00110887 0.00110887 2 2 2
0.0275227 0.00110153 0.00110153 2 2 2
0.0284474 0.00109094 0.00109094 2 2 2
0.0293664 0.00107715 0.00107715 2 2 2
0.0302707 0.00106025 0.00106025 2 2 2
0.0311732 0.00104027 0.00104027 2 2 2
0.0320581 0.00101743 0.00101743 2 2 2
0.0329359 0.000991688 0.000991688 2 2 2
0.0338167 0.000962879 0.000962879 2 2 2
0.0346932 0.000931185 0.000931185 2 2 2
0.0355717 0.000896396 0.000896396 2 2 2
0.0364448 0.000858736 0.000858736 2 2 2
0.037317 0.000818123 0.000818123 2 2 2
0.0381763 0.000774904 0.000774904 2 2 2
0.0390265 0.000729074 0.000729074 2 2 2
0.0398735 0.000680482 0.000680482 2 2 2
0.0403642 0.000642913 0.000642913 2 2 2
0.040657 0.000619497 0.000619497 2 2 2
0.0409522 0.000595567 0.000595567 2 2 2
0.0412438 0.000571384 0.000571384 2 2 2
0.0413838 0.000554253 0.000554253 2 2 2
0.0415233 0.000537325 0.000537325 2 2 2
0.0416633 0.000520289 0.000520289 2 2 2
0.0418069 0.00050294 0.00050294 2 2 2
0.0419534 0.000485345 0.000485345 2 2 2
0.0421026 0.000467431 0.000467431 2 2 2
0.042257 0.000449084 0.000449084 2 2 2
0.0424134 0.000430498 0.000430498 2 2 2
0.0425703 0.000411762 0.000411762 2 2 2
0.0427264 0.000392956 0.000392956 2 2 2
0.0428758 0.000374457 0.000374457 2 2 2
0.0430306 0.000355497 0.000355497 2 2 2
0.0431874 0.000336291 0.000336291 2 2 2
0.0433457 0.000316884 0.000316884 2 2 2
0.0435056 0.000297236 0.000297236 2 2 2
0.0436648 0.000277521 0.000277521 2 2 2
0.0438158 0.000258258 0.000258258 2 2 2
0.043968 0.000238812 0.000238812 2 2 2
0.044117 0.0002195 0.0002195 2 2 2
0.0442572 0.000200722 0.000200722 2 2 2
0.0443933 0.000182171 0.000182171 2 2 2
0.0445279 0.000163655 0.000163655 2 2 2
0.044647 0.000146226 0.000146226 2 2 2
0.0447549 0.0001296 0.0001296 2 2 2
0.0448602 0.000113146 0.000113146 2 2 2
0.0449648 9.67329e-05 9.67329e-05 2 2 2
0.0450664 8.05124e-05 8.05124e-05 2 2 2
0.0451644 6.45655e-05 6.45655e-05 2 2 2
0.045258 4.89576e-05 4.89576e-05 2 2 2
0.0453488 3.35684e-05 3.35684e-05 2 2 2
0.0454354 1.85259e-05 1.85259e-05 2 2 2
0.045519 3.72911e-06 3.72911e-06 2 2 2
0.0455967 -1.05763e-05 -1.05763e-05 2 2 2
0.0455664 -1.59752e-05 -1.59752e-05 2 2 2
0.0454996 -1.81433e-05 -1.81433e-05 2 2 2
0.0454202 -1.91384e-05 -1.91384e-05 2 2 2
0.0453174 -1.80105e-05 -1.80105e-05 2 2 2
0.0450972 -6.62393e-06 -6.62393e-06 2 2 2
0.0449064 2.18758e-06 2.18758e-06 2 2 2
0.0447373 9.1036e-06 9.1036e-06 2 2 2
0.0445411 1.84362e-05 1.84362e-05 2 2 2
0.0443235 2.96393e-05 2.96393e-05 2 2 2
0.0449256 -3.20681e-05 -3.20681e-05 2 2 2
0.0453717 -7.90568e-05 -7.90568e-05 2 2 2
0.0458159 -0.000126901 -0.000126901 2 2 2
0.046257 -0.000175478 -0.000175478 2 2 2
0.0466992 -0.000225198 -0.000225198 2 2 2
0.0471404 -0.000275832 -0.000275832 2 2 2
0.0475797 -0.000327306 -0.000327306 2 2 2
0.0480182 -0.000379733 -0.000379733 2 2 2
0.0484532 -0.000432799 -0.000432799 2 2 2
0.0488884 -0.000486899 -0.000486899 2 2 2
0.0493165 -0.000541237 -0.000541237 2 2 2
0.0497417 -0.000596219 -0.000596219 2 2 2
0.0501654 -0.000652016 -0.000652016 2 2 2
0.0505862 -0.000708445 -0.000708445 2 2 2
0.0510076 -0.000765912 -0.000765912 2 2 2
0.0514277 -0.00082419 -0.00082419 2 2 2
0.0518462 -0.000883242 -0.000883242 2 2 2
0.0522776 -0.000944894 -0.000944894 2 2 2
0.0527183 -0.00100876 -0.00100876 2 2 2
0.0531573 -0.00107349 -0.00107349 2 2 2
0.0536101 -0.00114107 -0.00114107 2 2 2
0.0540618 -0.00120965 -0.00120965 2 2 2
0.0545067 -0.00127847 -0.00127847 2 2 2
0.0549237 -0.00134454 -0.00134454 2 2 2
0.055337 -0.00141106 -0.00141106 2 2 2
0.0557477 -0.00147817 -0.00147817 2 2 2
0.0561575 -0.00154611 -0.00154611 2 2 2
0.0565624 -0.00161428 -0.00161428 2 2 2
0.0569652 -0.00168308 -0.00168308 2 2 2
0.0573679 -0.00175277 -0.00175277 2 2 2
0.0577698 -0.00182327 -0.00182327 2 2 2
0.0581701 -0.00189448 -0.00189448 2 2 2
0.0585779 -0.00196783 -0.00196783 2 2 2
0.0589837 -0.00204182 -0.00204182 2 2 2
0.0593848 -0.002116 -0.002116 2 2 2
0.0597722 -0.00218878 -0.00218878 2 2 2
0.0601585 -0.00226222 -0.00226222 2 2 2
0.0605419 -0.00233609 -0.00233609 2 2 2
0.0605787 -0.00235021 -0.00235021 2 2 2
0.0604389 -0.00233479 -0.00233479 2 2 2
0.0602484 -0.0023105 -0.0023105 2 2 2
0.0600728 -0.00228873 -0.00228873 2 2 2
0.0599913 -0.00228328 -0.00228328 2 2 2
0.0599345 -0.00228163 -0.00228163 2 2 2
0.0599002 -0.00228341 -0.00228341 2 2 2
0.0597556 -0.00226753 -0.00226753 2 2 2
0.0596058 -0.00225066 -0.00225066 2 2 2
0.0589218 -0.00214472 -0.00214472 2 2 2
0.0583242 -0.00205555 -0.00205555 2 2 2
0.0577213 -0.00196703 -0.00196703 2 2 2
0.0571167 -0.00187998 -0.00187998 2 2 2
0.0565073 -0.00179362 -0.00179362 2 2 2
0.0558947 -0.00170881 -0.00170881 2 2 2
0.0552689 -0.00162257 -0.00162257 2 2 2
0.054638 -0.00153657 -0.00153657 2 2 2
0.0540063 -0.00144916 -0.00144916 2 2 2
0.0533587 -0.00136223 -0.00136223 2 2 2
0.0526988 -0.0012759 -0.0012759 2 2 2
0.0520426 -0.00119113 -0.00119113 2 2 2
0.0513908 -0.00110823 -0.00110823 2 2 2
0.0507343 -0.00102653 -0.00102653 2 2 2
0.0501004 -0.00094812 -0.00094812 2 2 2
0.0494934 -0.000873714 -0.000873714 2 2 2
0.0488875 -0.000800923 -0.000800923 2 2 2
0.0482845 -0.000729859 -0.000729859 2 2 2
0.0477045 -0.0006623 -0.0006623 2 2 2
0.0471201 -0.000595779 -0.000595779 2 2 2
0.0465484 -0.000531747 -0.000531747 2 2 2
0.0459643 -0.000468071 -0.000468071 2 2 2
0.0460205 -0.000458403 -0.000458403 2 2 2
0.0460459 -0.000448419 -0.000448419 2 2 2
0.046072 -0.00043845 -0.00043845 2 2 2
0.0460897 -0.000427638 -0.000427638 2 2 2
0.0465765 -0.000461262 -0.000461262 2 2 2
0.0470622 -0.000496126 -0.000496126 2 2 2
0.047574 -0.00053426 -0.00053426 2 2 2
0.0482942 -0.000595043 -0.000595043 2 2 2
0.0490162 -0.000657807 -0.000657807 2 2 2
0.0497477 -0.000723259 -0.000723259 2 2 2
0.0504944 -0.000792144 -0.000792144 2 2 2
0.0510086 -0.000834947 -0.000834947 2 2 2
0.0515201 -0.000878449 -0.000878449 2 2 2
0.051267 -0.000832643 -0.000832643 2 2 2
0.0510654 -0.000795568 -0.000795568 2 2 2
0.0508432 -0.000756585 -0.000756585 2 2 2
0.0506385 -0.00071978 -0.00071978 2 2 2
0.0504164 -0.000681461 -0.000681461 2 2 2
0.0501694 -0.000640918 -0.000640918 2 2 2
0.0499154 -0.000600066 -0.000600066 2 2 2
0.0496952 -0.000563025 -0.000563025 2 2 2
0.0494872 -0.000527529 -0.000527529 2 2 2
0.0493543 -0.000499717 -0.000499717 2 2 2
0.0490886 -0.000459108 -0.000459108 2 2 2
0.0488336 -0.000420042 -0.000420042 2 2 2
0.048556 -0.000379276 -0.000379276 2 2 2
0.0482647 -0.000337753 -0.000337753 2 2 2
0.0479517 -0.0002948 -0.0002948 2 2 2
0.0476771 -0.000255873 -0.000255873 2 2 2
0.0473865 -0.000216029 -0.000216029 2 2 2
0.047066 -0.000174146 -0.000174146 2 2 2
0.0467442 -0.00013277 -0.00013277 2 2 2
0.0464118 -9.11589e-05 -9.11589e-05 2 2 2
0.0460999 -5.18766e-05 -5.18766e-05 2 2 2
0.0456885 -5.31143e-06 -5.31143e-06 2 2 2
0.0452759 4.0399e-05 4.0399e-05 2 2 2
0.0448433 8.66527e-05 8.66527e-05 2 2 2
0.0444049 0.000132327 0.000132327 2 2 2
0.0439737 0.000176444 0.000176444 2 2 2
0.0435439 0.000219457 0.000219457 2 2 2
0.0430806 0.000263701 0.000263701 2 2 2
0.0425165 0.000313328 0.000313328 2 2 2
0.0419453 0.000361758 0.000361758 2 2 2
0.0414075 0.000406658 0.000406658 2 2 2
0.0408531 0.000451054 0.000451054 2 2 2
0.040297 0.000494031 0.000494031 2 2 2
0.039707 0.000537267 0.000537267 2 2 2
0.0391108 0.000579153 0.000579153 2 2 2
0.0385417 0.000618076 0.000618076 2 2 2
0.0378825 0.000659504 0.000659504 2 2 2
0.0371952 0.00070007 0.00070007 2 2 2
0.036503 0.000738712 0.000738712 2 2 2
0.0358347 0.000774348 0.000774348 2 2 2
0.0351836 0.000807403 0.000807403 2 2 2
0.0345339 0.000838494 0.000838494 2 2 2
0.0338723 0.000868043 0.000868043 2 2 2
0.0332093 0.000895676 0.000895676 2 2 2
0.0325983 0.00092012 0.00092012 2 2 2
0.0320528 0.000941413 0.000941413 2 2 2
0.0315109 0.00096124 0.00096124 2 2 2
0.0309727 0.000979643 0.000979643 2 2 2
0.0303706 0.000997747 0.000997747 2 2 2
0.0297742 0.00101412 0.00101412 2 2 2
0.0291823 0.00102887 0.00102887 2 2 2
0.0285264 0.00104264 0.00104264 2 2 2
0.0278754 0.00105452 0.00105452 2 2 2
0.0272276 0.00106457 0.00106457 2 2 2
0.0266294 0.00107277 0.00107277 2 2 2
0.0260419 0.0010794 0.0010794 2 2 2
0.0256094 0.00108489 0.00108489 2 2 2
0.0252487 0.0010897 0.0010897 2 2 2
0.0248926 0.00109384 0.00109384 2 2 2
0.0245057 0.00109717 0.00109717 2 2 2
0.0241254 0.00109981 0.00109981 2 2 2
0.023767 0.00110193 0.00110193 2 2 2
0.0233045 0.00110232 0.00110232 2 2 2
0.0227817 0.00110098 0.00110098 2 2 2
0.0221771 0.00109722 0.00109722 2 2 2
0.0215798 0.00109207 0.00109207 2 2 2
0.0209825 0.00108545 0.00108545 2 2 2
0.0204026 0.00107775 0.00107775 2 2 2
0.0421026 0.000467431 0.000467431 2 2 2
0.042106 0.000467183 0.000467183 2 2 2
0.0421121 0.000466756 0.000466756 2 2 2
0.0421233 0.00046595 0.00046595 2 2 2
0.0422068 0.000460563 0.000460563 2 2 2
0.042312 0.000453718 0.000453718 2 2 2
0.0425139 0.000440556 0.000440556 2 2 2
0.0429133 0.000414097 0.000414097 2 2 2
0.0437019 0.00036006 0.00036006 2 2 2
0.0449228 0.000271646 0.000271646 2 2 2
0.046113 0.0001801 0.0001801 2 2 2
0.0472857 8.44682e-05 8.44682e-05 2 2 2
0.0484341 -1.43572e-05 -1.43572e-05 2 2 2
0.0495724 -0.000117538 -0.000117538 2 2 2
0.0506979 -0.000224705 -0.000224705 2 2 2
0.0518155 -0.000336265 -0.000336265 2 2 2
0.0529191 -0.000451439 -0.000451439 2 2 2
0.0540115 -0.000570434 -0.000570434 2 2 2
0.055075 -0.000690825 -0.000690825 2 2 2
0.056124 -0.000814215 -0.000814215 2 2 2
0.0571611 -0.000940781 -0.000940781 2 2 2
0.0581851 -0.00107025 -0.00107025 2 2 2
0.0591953 -0.00120237 -0.00120237 2 2 2
0.0601916 -0.00133696 -0.00133696 2 2 2
0.0611686 -0.00147308 -0.00147308 2 2 2
0.0621408 -0.00161276 -0.00161276 2 2 2
0.0631 -0.00175466 -0.00175466 2 2 2
0.064004 -0.00189182 -0.00189182 2 2 2
0.0649044 -0.00203212 -0.00203212 2 2 2
0.0657937 -0.00217429 -0.00217429 2 2 2
0.0666602 -0.00231631 -0.00231631 2 2 2
0.067521 -0.00246082 -0.00246082 2 2 2
0.0683768 -0.00260791 -0.00260791 2 2 2
0.0692156 -0.00275543 -0.00275543 2 2 2
0.0700432 -0.00290422 -0.00290422 2 2 2
0.0708615 -0.00305455 -0.00305455 2 2 2
0.0716667 -0.00320562 -0.00320562 2 2 2
0.072465 -0.00335849 -0.00335849 2 2 2
0.0732516 -0.00351218 -0.00351218 2 2 2
0.0740302 -0.00366728 -0.00366728 2 2 2
0.0747919 -0.00382198 -0.00382198 2 2 2
0.0755523 -0.00397924 -0.00397924 2 2 2
0.0763046 -0.0041377 -0.0041377 2 2 2
0.0770498 -0.00429747 -0.00429747 2 2 2
0.077789 -0.00445875 -0.00445875 2 2 2
0.0785185 -0.00462063 -0.00462063 2 2 2
0.0792416 -0.00478382 -0.00478382 2 2 2
0.0799476 -0.00494585 -0.00494585 2 2 2
0.0806388 -0.00510705 -0.00510705 2 2 2
0.0813264 -0.00526991 -0.00526991 2 2 2
0.0820077 -0.00543373 -0.00543373 2 2 2
0.0826687 -0.00559516 -0.00559516 2 2 2
0.0833247 -0.00575771 -0.00575771 2 2 2
0.0839852 -0.0059236 -0.0059236 2 2 2
0.0846315 -0.00608831 -0.00608831 2 2 2
0.0852743 -0.00625435 -0.00625435 2 2 2
0.0859087 -0.0064205 -0.0064205 2 2 2
0.0865372 -0.00658731 -0.00658731 2 2 2
0.0871612 -0.00675509 -0.00675509 2 2 2
0.0877791 -0.00692337 -0.00692337 2 2 2
0.0883922 -0.00709244 -0.00709244 2 2 2
0.0890181 -0.00726705 -0.00726705 2 2 2
0.0896377 -0.00744205 -0.00744205 2 2 2
0.0902542 -0.00761829 -0.00761829 2 2 2
0.090919 -0.00781013 -0.00781013 2 2 2
0.0915822 -0.00800392 -0.00800392 2 2 2
0.0922416 -0.00819909 -0.00819909 2 2 2
0.092841 -0.00837881 -0.00837881 2 2 2
0.0934253 -0.00855601 -0.00855601 2 2 2
0.0940074 -0.00873448 -0.00873448 2 2 2
0.0945888 -0.00891468 -0.00891468 2 2 2
0.0951749 -0.00909822 -0.00909822 2 2 2
0.0957578 -0.00928273 -0.00928273 2 2 2
0.0963379 -0.00946837 -0.00946837 2 2 2
0.0969126 -0.00965425 -0.00965425 2 2 2
