0.0376615 0 0 2 2 2
0.0376615 0 0 2 2 2
0.0376615 0 0 2 2 2
0.0376612 0 0 2 2 2
0.0376613 0 0 2 2 2
0.0376613 0.09 0.09 2 2 2
0.0376697 0.0900377 0.0900377 2 2 2
0.0376846 0.0901041 0.0901041 2 2 2
0.0377723 0.0905033 0.0905033 2 2 2
0.0389161 0.0958546 0.0958546 2 2 2
0.0400701 0.101412 0.101412 2 2 2
0.0410807 0.106402 0.106402 2 2 2
0.0428804 0.115576 0.115576 2 2 2
0.0446146 0.124759 0.124759 2 2 2
0.0462903 0.133951 0.133951 2 2 2
0.0479132 0.143148 0.143148 2 2 2
0.0494883 0.152352 0.152352 2 2 2
0.0510199 0.16156 0.16156 2 2 2
0.0525114 0.170772 0.170772 2 2 2
0.0539662 0.179988 0.179988 2 2 2
0.0553871 0.189206 0.189206 2 2 2
0.0567762 0.198427 0.198427 2 2 2
0.0581359 0.207648 0.207648 2 2 2
0.0594679 0.216871 0.216871 2 2 2
0.0607742 0.226095 0.226095 2 2 2
0.0620561 0.235319 0.235319 2 2 2
0.0633149 0.244543 0.244543 2 2 2
0.064552 0.253766 0.253766 2 2 2
0.0657683 0.262987 0.262987 2 2 2
0.0669649 0.272207 0.272207 2 2 2
0.0681426 0.281424 0.281424 2 2 2
0.0693022 0.290638 0.290638 2 2 2
0.0704444 0.299847 0.299847 2 2 2
0.07157 0.309052 0.309052 2 2 2
0.0726794 0.318252 0.318252 2 2 2
0.0737731 0.327444 0.327444 2 2 2
0.0748517 0.336629 0.336629 2 2 2
0.0759154 0.345805 0.345805 2 2 2
0.0769646 0.354971 0.354971 2 2 2
0.0779996 0.364124 0.364124 2 2 2
0.0790206 0.373263 0.373263 2 2 2
0.0800277 0.382386 0.382386 2 2 2
0.0810209 0.39149 0.39149 2 2 2
0.0820002 0.40057 0.40057 2 2 2
0.0829655 0.409624 0.409624 2 2 2
0.0839166 0.418646 0.418646 2 2 2
0.0848532 0.427632 0.427632 2 2 2
0.0857748 0.436572 0.436572 2 2 2
0.0866804 0.445455 0.445455 2 2 2
0.0875686 0.454264 0.454264 2 2 2
0.0884379 0.462981 0.462981 2 2 2
0.0892862 0.471581 0.471581 2 2 2
0.0901114 0.480037 0.480037 2 2 2
0.0909075 0.488283 0.488283 2 2 2
0.0916652 0.496206 0.496206 2 2 2
0.0923537 0.503444 0.503444 2 2 2
0.0929444 0.509643 0.509643 2 2 2
0.0933419 0.513625 0.513625 2 2 2
0.0934265 0.513872 0.513872 2 2 2
0.092335 0.499828 0.499828 2 2 2
0.0915381 0.489866 0.489866 2 2 2
0.0908207 0.480722 0.480722 2 2 2
0.0901058 0.47157 0.47157 2 2 2
0.0897501 0.466994 0.466994 2 2 2
0.0890634 0.45798 0.45798 2 2 2
0.0884023 0.449094 0.449094 2 2 2
0.0877522 0.440227 0.440227 2 2 2
0.0869805 0.430542 0.430542 2 2 2
0.0861876 0.421031 0.421031 2 2 2
0.0853965 0.411587 0.411587 2 2 2
0.0846166 0.402186 0.402186 2 2 2
0.0838263 0.392808 0.392808 2 2 2
0.0830264 0.383448 0.383448 2 2 2
0.0822098 0.374098 0.374098 2 2 2
0.0813753 0.364762 0.364762 2 2 2
0.0805296 0.355451 0.355451 2 2 2
0.0796709 0.346164 0.346164 2 2 2
0.0787476 0.33686 0.33686 2 2 2
0.0778325 0.327599 0.327599 2 2 2
0.0769057 0.318374 0.318374 2 2 2
0.076035 0.309196 0.309196 2 2 2
0.075146 0.300096 0.300096 2 2 2
0.0741976 0.290958 0.290958 2 2 2
0.0731777 0.281818 0.281818 2 2 2
0.0720764 0.27274 0.27274 2 2 2
0.0709594 0.263719 0.263719 2 2 2
0.0698379 0.254685 0.254685 2 2 2
0.0686714 0.245697 0.245697 2 2 2
0.0674686 0.236748 0.236748 2 2 2
0.0662382 0.227818 0.227818 2 2 2
0.0649782 0.218909 0.218909 2 2 2
0.0637225 0.209968 0.209968 2 2 2
0.0624778 0.201063 0.201063 2 2 2
0.0611859 0.192195 0.192195 2 2 2
0.0598609 0.18336 0.18336 2 2 2
0.058223 0.174407 0.174407 2 2 2
0.0566883 0.166154 0.166154 2 2 2
0.0551211 0.157881 0.157881 2 2 2
0.0535187 0.149572 0.149572 2 2 2
0.0518777 0.141175 0.141175 2 2 2
0.0501948 0.132812 0.132812 2 2 2
0.0484664 0.124434 0.124434 2 2 2
0.046698 0.116338 0.116338 2 2 2
0.0447631 0.106986 0.106986 2 2 2
0.0428773 0.0982447 0.0982447 2 2 2
0.040927 0.0894927 0.0894927 2 2 2
0.0388837 0.080779 0.080779 2 2 2
0.036706 0.0720903 0.0720903 2 2 2
0.034412 0.0634491 0.0634491 2 2 2
0.0319683 0.0548327 0.0548327 2 2 2
0.0293299 0.0462883 0.0462883 2 2 2
0.0264638 0.0377867 0.0377867 2 2 2
0.0232851 0.0293268 0.0293268 2 2 2
0.019667 0.0210135 0.0210135 2 2 2
0.0156933 0.0138564 0.0138564 2 2 2
0.0118851 0.00821846 0.00821846 2 2 2
0.00472771 0.0014763 0.0014763 2 2 2
-0.00460246 0.000865337 0.000865337 2 2 2
-0.00523736 0.00107482 0.00107482 2 2 2
-0.00532227 0.00106166 0.00106166 2 2 2
-0.00467185 0.000726105 0.000726105 2 2 2
-0.00409083 0.000476637 0.000476637 2 2 2
-0.00386279 0.000376926 0.000376926 2 2 2
-0.00533618 0.000917215 0.000917215 2 2 2
-0.00897099 0.0033 0.0033 2 2 2
-0.00868019 0.00302595 0.00302595 2 2 2
-0.00614365 0.00126407 0.00126407 2 2 2
-0.00452061 0.000519461 0.000519461 2 2 2
-0.0027173 4.00458e-05 4.00458e-05 2 2 2
-0.00146079 -7.37299e-05 -7.37299e-05 2 2 2
-0.00143015 -7.4291e-05 -7.4291e-05 2 2 2
-0.000284054 -1.78364e-05 -1.78364e-05 2 2 2
-0.000243897 -1.23634e-05 -1.23634e-05 2 2 2
-0.000197905 -6.75757e-06 -6.75757e-06 2 2 2
-0.000159632 -1.113e-06 -1.113e-06 2 2 2
-0.000115009 4.74655e-06 4.74655e-06 2 2 2
-8.1582e-05 9.27109e-06 9.27109e-06 2 2 2
-5.02137e-05 1.35251e-05 1.35251e-05 2 2 2
-2.1887e-05 1.7574e-05 1.7574e-05 2 2 2
-3.26529e-05 1.60392e-05 1.60392e-05 2 2 2
3.569e-05 2.57327e-05 2.57327e-05 2 2 2
1.76744e-05 2.33339e-05 2.33339e-05 2 2 2
-1.73407e-06 2.05579e-05 2.05579e-05 2 2 2
3.0793e-05 2.52159e-05 2.52159e-05 2 2 2
-4.46929e-05 1.19682e-05 1.19682e-05 2 2 2
-7.37752e-05 1.09874e-05 1.09874e-05 2 2 2
-2.57007e-05 1.80147e-05 1.80147e-05 2 2 2
5.14643e-05 2.82803e-05 2.82803e-05 2 2 2
0.000124278 3.82381e-05 3.82381e-05 2 2 2
-5.95556e-05 1.31938e-05 1.31938e-05 2 2 2
-2.39922e-05 1.73213e-05 1.73213e-05 2 2 2
-2.85627e-05 1.67827e-05 1.67827e-05 2 2 2
5.33502e-05 2.54541e-05 2.54541e-05 2 2 2
0.00014313 3.63801e-05 3.63801e-05 2 2 2
0.000143147 3.62336e-05 3.62336e-05 2 2 2
0.000127512 3.34144e-05 3.34144e-05 2 2 2
3.8196e-05 2.39788e-05 2.39788e-05 2 2 2
9.45995e-06 2.11161e-05 2.11161e-05 2 2 2
-9.762e-06 1.99654e-05 1.99654e-05 2 2 2
-3.97595e-05 1.82624e-05 1.82624e-05 2 2 2
-4.57923e-05 1.78579e-05 1.78579e-05 2 2 2
3.31154e-05 2.23688e-05 2.23688e-05 2 2 2
4.09767e-06 2.15401e-05 2.15401e-05 2 2 2
-3.19562e-05 2.07631e-05 2.07631e-05 2 2 2
-3.53961e-06 2.13641e-05 2.13641e-05 2 2 2
-2.08953e-05 2.13114e-05 2.13114e-05 2 2 2
-2.24808e-05 2.05774e-05 2.05774e-05 2 2 2
-0.000277244 3.19759e-05 3.19759e-05 2 2 2
-0.000268856 3.27303e-05 3.27303e-05 2 2 2
-0.000272755 3.39241e-05 3.39241e-05 2 2 2
0.000318127 1.88495e-05 1.88495e-05 2 2 2
0.000506746 2.09247e-05 2.09247e-05 2 2 2
0.000444264 1.84717e-05 1.84717e-05 2 2 2
0.000490183 1.80899e-05 1.80899e-05 2 2 2
-3.3581e-05 2.33817e-05 2.33817e-05 2 2 2
-5.66845e-05 2.38029e-05 2.38029e-05 2 2 2
-4.93776e-05 2.35339e-05 2.35339e-05 2 2 2
-6.19966e-05 2.40777e-05 2.40777e-05 2 2 2
-7.67245e-05 2.47932e-05 2.47932e-05 2 2 2
-8.12706e-06 2.13222e-05 2.13222e-05 2 2 2
-7.81923e-06 2.13086e-05 2.13086e-05 2 2 2
-1.03116e-05 2.14248e-05 2.14248e-05 2 2 2
5.94669e-05 1.79257e-05 1.79257e-05 2 2 2
-2.7899e-05 2.18518e-05 2.18518e-05 2 2 2
-4.02625e-05 2.2473e-05 2.2473e-05 2 2 2
-2.84295e-06 2.11139e-05 2.11139e-05 2 2 2
-1.73412e-06 2.10619e-05 2.10619e-05 2 2 2
-2.02342e-07 2.09891e-05 2.09891e-05 2 2 2
-1.90102e-05 2.18607e-05 2.18607e-05 2 2 2
-2.21032e-06 2.10105e-05 2.10105e-05 2 2 2
-3.12674e-06 2.10561e-05 2.10561e-05 2 2 2
-2.82315e-05 2.19343e-05 2.19343e-05 2 2 2
-3.88968e-05 2.24967e-05 2.24967e-05 2 2 2
-4.54469e-05 2.28295e-05 2.28295e-05 2 2 2
2.02252e-05 2.0173e-05 2.0173e-05 2 2 2
-1.4943e-05 2.18954e-05 2.18954e-05 2 2 2
2.96246e-05 2.06282e-05 2.06282e-05 2 2 2
-3.66352e-05 2.46015e-05 2.46015e-05 2 2 2
-2.12443e-05 2.27391e-05 2.27391e-05 2 2 2
5.23814e-05 1.43946e-05 1.43946e-05 2 2 2
4.1715e-06 2.05137e-05 2.05137e-05 2 2 2
-4.34046e-05 2.8249e-05 2.8249e-05 2 2 2
-2.07899e-05 2.3337e-05 2.3337e-05 2 2 2
-1.43958e-05 2.38423e-05 2.38423e-05 2 2 2
2.06498e-06 1.97529e-05 1.97529e-05 2 2 2
1.03513e-05 1.76523e-05 1.76523e-05 2 2 2
-1.18247e-05 2.34297e-05 2.34297e-05 2 2 2
1.0353e-07 2.00741e-05 2.00741e-05 2 2 2
