0.0286445 0 0 2 2 2
0.0286445 0 0 2 2 2
0.0286445 0 0 2 2 2
0.0286446 0 0 2 2 2
0.0286445 0 0 2 2 2
0.0286445 -0.01 -0.01 2 2 2
0.0286447 -0.01 -0.01 2 2 2
0.0286152 -0.010055 -0.010055 2 2 2
0.0285703 -0.0101395 -0.0101395 2 2 2
0.0285793 -0.0101284 -0.0101284 2 2 2
0.028715 -0.0098934 -0.0098934 2 2 2
0.0282116 -0.0108159 -0.0108159 2 2 2
0.0280747 -0.0110822 -0.0110822 2 2 2
0.0279074 -0.0114218 -0.0114218 2 2 2
0.0277893 -0.0116951 -0.0116951 2 2 2
0.0276375 -0.012048 -0.012048 2 2 2
0.0275299 -0.0123566 -0.0123566 2 2 2
0.0272055 -0.013117 -0.013117 2 2 2
0.0269516 -0.0137976 -0.0137976 2 2 2
0.0267335 -0.0144624 -0.0144624 2 2 2
0.0265323 -0.0151366 -0.0151366 2 2 2
0.0263668 -0.0157943 -0.0157943 2 2 2
0.0262281 -0.0164497 -0.0164497 2 2 2
0.026139 -0.0170749 -0.0170749 2 2 2
0.0260753 -0.017704 -0.017704 2 2 2
0.026041 -0.0183334 -0.0183334 2 2 2
0.0257991 -0.019238 -0.019238 2 2 2
0.0255696 -0.0201389 -0.0201389 2 2 2
0.0253407 -0.0210479 -0.0210479 2 2 2
0.0251579 -0.0219203 -0.0219203 2 2 2
0.0249959 -0.0227843 -0.0227843 2 2 2
0.0248306 -0.0236604 -0.0236604 2 2 2
0.0246932 -0.024523 -0.024523 2 2 2
0.0245649 -0.0253873 -0.0253873 2 2 2
0.0244448 -0.0262531 -0.0262531 2 2 2
0.0243339 -0.0271193 -0.0271193 2 2 2
0.024278 -0.0279644 -0.0279644 2 2 2
0.0242502 -0.0288071 -0.0288071 2 2 2
0.0243981 -0.0295978 -0.0295978 2 2 2
0.024624 -0.0303864 -0.0303864 2 2 2
0.0249719 -0.0311627 -0.0311627 2 2 2
0.025171 -0.0315531 -0.0315531 2 2 2
0.0255735 -0.0321178 -0.0321178 2 2 2
0.0261646 -0.0327046 -0.0327046 2 2 2
0.026854 -0.0333501 -0.0333501 2 2 2
0.0276516 -0.0340586 -0.0340586 2 2 2
0.0284661 -0.0347729 -0.0347729 2 2 2
0.0293331 -0.035468 -0.035468 2 2 2
0.0305192 -0.035974 -0.035974 2 2 2
0.03159 -0.0365175 -0.0365175 2 2 2
0.0326156 -0.0370668 -0.0370668 2 2 2
0.0335203 -0.037687 -0.037687 2 2 2
0.0344303 -0.038284 -0.038284 2 2 2
0.0353184 -0.0388756 -0.0388756 2 2 2
0.0361803 -0.0394624 -0.0394624 2 2 2
0.0369777 -0.0400793 -0.0400793 2 2 2
0.0377329 -0.0407048 -0.0407048 2 2 2
0.0384709 -0.0413106 -0.0413106 2 2 2
0.0388513 -0.0415839 -0.0415839 2 2 2
0.0394067 -0.0419873 -0.0419873 2 2 2
0.0401288 -0.0425028 -0.0425028 2 2 2
0.0407625 -0.0430689 -0.0430689 2 2 2
0.0413504 -0.0436357 -0.0436357 2 2 2
0.0418967 -0.0441969 -0.0441969 2 2 2
0.0424039 -0.0447486 -0.0447486 2 2 2
0.0428598 -0.0453056 -0.0453056 2 2 2
0.0433663 -0.0457293 -0.0457293 2 2 2
0.0438564 -0.0461029 -0.0461029 2 2 2
0.0441174 -0.0467291 -0.0467291 2 2 2
0.0443117 -0.0473828 -0.0473828 2 2 2
0.0444752 -0.0480126 -0.0480126 2 2 2
0.0445506 -0.0486992 -0.0486992 2 2 2
0.0440031 -0.0501914 -0.0501914 2 2 2
0.0434842 -0.0515294 -0.0515294 2 2 2
0.0434386 -0.0521643 -0.0521643 2 2 2
0.0434551 -0.0526382 -0.0526382 2 2 2
0.0428234 -0.0538559 -0.0538559 2 2 2
0.0417887 -0.0554 -0.0554 2 2 2
0.0394025 -0.0579401 -0.0579401 2 2 2
0.0367283 -0.0598566 -0.0598566 2 2 2
0.0343214 -0.0608064 -0.0608064 2 2 2
0.0312155 -0.060892 -0.060892 2 2 2
0.0282204 -0.0598415 -0.0598415 2 2 2
0.0250187 -0.0575048 -0.0575048 2 2 2
0.0212194 -0.0531507 -0.0531507 2 2 2
0.0176899 -0.0476252 -0.0476252 2 2 2
0.0114104 -0.0343715 -0.0343715 2 2 2
0.00809378 -0.0256907 -0.0256907 2 2 2
0.00513892 -0.0170227 -0.0170227 2 2 2
0.00243907 -0.00836389 -0.00836389 2 2 2
-5.57712e-05 0.000240388 0.000240388 2 2 2
-0.00240734 0.00885945 0.00885945 2 2 2
-0.0046369 0.0174695 0.0174695 2 2 2
-0.0067703 0.026092 0.026092 2 2 2
-0.00882044 0.0347178 0.0347178 2 2 2
-0.0107984 0.0433429 0.0433429 2 2 2
-0.0127004 0.0519034 0.0519034 2 2 2
-0.0145477 0.0604586 0.0604586 2 2 2
-0.0163473 0.0690127 0.0690127 2 2 2
-0.0181019 0.0775516 0.0775516 2 2 2
-0.0198275 0.0861379 0.0861379 2 2 2
0.0267335 -0.0144624 -0.0144624 2 2 2
0.0267518 -0.0143994 -0.0143994 2 2 2
0.026777 -0.0143094 -0.0143094 2 2 2
0.0268173 -0.0141722 -0.0141722 2 2 2
0.0268789 -0.0139684 -0.0139684 2 2 2
0.0269754 -0.0136648 -0.0136648 2 2 2
0.0271359 -0.0132038 -0.0132038 2 2 2
0.027378 -0.0125823 -0.0125823 2 2 2
0.0275612 -0.012099 -0.012099 2 2 2
0.0277321 -0.0116852 -0.0116852 2 2 2
0.0286016 -0.0100933 -0.0100933 2 2 2
0.0287598 -0.00979401 -0.00979401 2 2 2
0.0274073 -0.0121564 -0.0121564 2 2 2
0.0272834 -0.0123926 -0.0123926 2 2 2
0.0279592 -0.0113306 -0.0113306 2 2 2
0.0285593 -0.0103581 -0.0103581 2 2 2
0.0292087 -0.00927503 -0.00927503 2 2 2
0.0301838 -0.00759281 -0.00759281 2 2 2
0.0311694 -0.00586363 -0.00586363 2 2 2
0.0321334 -0.00414906 -0.00414906 2 2 2
0.0330897 -0.00243407 -0.00243407 2 2 2
0.0340406 -0.000726109 -0.000726109 2 2 2
0.0349893 0.000971662 0.000971662 2 2 2
0.035942 0.00266597 0.00266597 2 2 2
0.0369005 0.00435459 0.00435459 2 2 2
0.0378675 0.00603928 0.00603928 2 2 2
0.0388478 0.00773083 0.00773083 2 2 2
0.0398476 0.00944623 0.00944623 2 2 2
0.0408363 0.0110859 0.0110859 2 2 2
0.041837 0.0127202 0.0127202 2 2 2
0.0428464 0.0143392 0.0143392 2 2 2
0.0438674 0.015954 0.015954 2 2 2
0.0448961 0.0175545 0.0175545 2 2 2
0.0459348 0.0191527 0.0191527 2 2 2
0.0469793 0.0207382 0.0207382 2 2 2
0.0480316 0.0223255 0.0223255 2 2 2
0.0490874 0.0239054 0.0239054 2 2 2
0.0501442 0.0254756 0.0254756 2 2 2
0.0512011 0.0270406 0.0270406 2 2 2
0.0522595 0.0286163 0.0286163 2 2 2
0.0533138 0.0301882 0.0301882 2 2 2
0.0543547 0.0317226 0.0317226 2 2 2
0.0553842 0.0332363 0.0332363 2 2 2
0.0564039 0.0347453 0.0347453 2 2 2
0.0574094 0.0362377 0.0362377 2 2 2
0.0584031 0.0377322 0.0377322 2 2 2
0.0593815 0.0392197 0.0392197 2 2 2
0.0603476 0.0407217 0.0407217 2 2 2
0.0612966 0.0422192 0.0422192 2 2 2
0.0622259 0.0437033 0.0437033 2 2 2
0.0631363 0.045181 0.045181 2 2 2
0.0640272 0.0466523 0.0466523 2 2 2
0.0648978 0.0481151 0.0481151 2 2 2
0.0657485 0.0495723 0.0495723 2 2 2
0.0665789 0.0510223 0.0510223 2 2 2
0.0673895 0.0524696 0.0524696 2 2 2
0.0681798 0.0539106 0.0539106 2 2 2
0.0689485 0.0553388 0.0553388 2 2 2
0.0696969 0.0567615 0.0567615 2 2 2
0.0704233 0.0581701 0.0581701 2 2 2
0.0711272 0.0595619 0.0595619 2 2 2
0.0718101 0.0609484 0.0609484 2 2 2
0.0724718 0.0623307 0.0623307 2 2 2
0.0731124 0.0637125 0.0637125 2 2 2
0.0737332 0.0651046 0.0651046 2 2 2
0.0743293 0.0664803 0.0664803 2 2 2
0.0748995 0.0678341 0.0678341 2 2 2
0.075452 0.069223 0.069223 2 2 2
0.0759808 0.0706099 0.0706099 2 2 2
0.0764848 0.0719896 0.0719896 2 2 2
0.0769638 0.0733628 0.0733628 2 2 2
0.0773711 0.0744322 0.0744322 2 2 2
0.0777625 0.0755543 0.0755543 2 2 2
0.078125 0.076646 0.076646 2 2 2
0.0784538 0.0776745 0.0776745 2 2 2
0.0786484 0.078013 0.078013 2 2 2
0.0797037 0.0838637 0.0838637 2 2 2
0.0805463 0.0886221 0.0886221 2 2 2
0.0813918 0.0935374 0.0935374 2 2 2
0.0822846 0.0988978 0.0988978 2 2 2
0.0821156 0.0973902 0.0973902 2 2 2
0.0840538 0.109702 0.109702 2 2 2
0.0852025 0.117203 0.117203 2 2 2
0.0367283 -0.0598566 -0.0598566 2 2 2
0.0372253 -0.0595897 -0.0595897 2 2 2
0.03784 -0.0592121 -0.0592121 2 2 2
0.038666 -0.058624 -0.058624 2 2 2
0.0397491 -0.0577104 -0.0577104 2 2 2
0.0410689 -0.056367 -0.056367 2 2 2
0.0426518 -0.0544066 -0.0544066 2 2 2
0.0442656 -0.0520332 -0.0520332 2 2 2
0.0458667 -0.049245 -0.049245 2 2 2
0.0469761 -0.0469359 -0.0469359 2 2 2
0.0480104 -0.0445441 -0.0445441 2 2 2
0.0489117 -0.0422081 -0.0422081 2 2 2
0.0497049 -0.0399185 -0.0399185 2 2 2
0.0504139 -0.0376536 -0.0376536 2 2 2
0.0510437 -0.0354222 -0.0354222 2 2 2
0.0516227 -0.033177 -0.033177 2 2 2
0.0521537 -0.0309199 -0.0309199 2 2 2
0.0526256 -0.0286856 -0.0286856 2 2 2
0.0529499 -0.0266986 -0.0266986 2 2 2
0.0532373 -0.0247028 -0.0247028 2 2 2
0.053486 -0.0227039 -0.0227039 2 2 2
0.0536961 -0.0207044 -0.0207044 2 2 2
0.0538706 -0.0186975 -0.0186975 2 2 2
0.0539927 -0.0167291 -0.0167291 2 2 2
0.0540773 -0.0147619 -0.0147619 2 2 2
0.0541203 -0.0128085 -0.0128085 2 2 2
0.0541235 -0.0108667 -0.0108667 2 2 2
0.0540932 -0.00892169 -0.00892169 2 2 2
0.0540308 -0.00697298 -0.00697298 2 2 2
0.0539324 -0.00503574 -0.00503574 2 2 2
0.0499743 -0.0131569 -0.0131569 2 2 2
0.0474991 -0.0178759 -0.0178759 2 2 2
0.0448129 -0.0225193 -0.0225193 2 2 2
0.0417715 -0.0272034 -0.0272034 2 2 2
0.0382095 -0.0318204 -0.0318204 2 2 2
0.0336407 -0.0362355 -0.0362355 2 2 2
0.0376702 -0.026335 -0.026335 2 2 2
0.038064 -0.0248509 -0.0248509 2 2 2
0.0384533 -0.0232481 -0.0232481 2 2 2
0.0389849 -0.0208397 -0.0208397 2 2 2
0.03956 -0.017914 -0.017914 2 2 2
0.0400698 -0.0149928 -0.0149928 2 2 2
0.0405237 -0.0120854 -0.0120854 2 2 2
0.0409352 -0.009187 -0.009187 2 2 2
0.0413138 -0.00629564 -0.00629564 2 2 2
0.0416639 -0.00341764 -0.00341764 2 2 2
0.0419925 -0.000550982 -0.000550982 2 2 2
0.042301 0.00229435 0.00229435 2 2 2
0.0425993 0.0051319 0.0051319 2 2 2
0.0428916 0.00796409 0.00796409 2 2 2
0.0431803 0.0107888 0.0107888 2 2 2
0.0434718 0.0136174 0.0136174 2 2 2
0.0437626 0.0164324 0.0164324 2 2 2
0.0440555 0.0192348 0.0192348 2 2 2
0.0443527 0.0220265 0.0220265 2 2 2
0.0446582 0.0248153 0.0248153 2 2 2
0.0449716 0.0275947 0.0275947 2 2 2
0.0452919 0.0303571 0.0303571 2 2 2
0.0456224 0.0331099 0.0331099 2 2 2
0.0459631 0.0358491 0.0358491 2 2 2
0.0463125 0.0385645 0.0385645 2 2 2
0.0466776 0.0412815 0.0412815 2 2 2
0.0470568 0.0439902 0.0439902 2 2 2
0.047449 0.0466838 0.0466838 2 2 2
0.0478508 0.0493435 0.0493435 2 2 2
0.0482677 0.0519903 0.0519903 2 2 2
0.0486974 0.0546101 0.0546101 2 2 2
0.0491382 0.0571924 0.0571924 2 2 2
0.0496192 0.0598721 0.0598721 2 2 2
0.050197 0.0629295 0.0629295 2 2 2
0.0501381 0.062749 0.062749 2 2 2
0.036562 0.00884799 0.00884799 2 2 2
0.0334241 0.000176774 0.000176774 2 2 2
0.0297791 -0.00804698 -0.00804698 2 2 2
0.0251099 -0.0156415 -0.0156415 2 2 2
0.0190632 -0.0205352 -0.0205352 2 2 2
0.0157301 -0.0208446 -0.0208446 2 2 2
0.012896 -0.0197818 -0.0197818 2 2 2
0.00888161 -0.0162124 -0.0162124 2 2 2
0.00679663 -0.0134178 -0.0134178 2 2 2
0.00533933 -0.0110885 -0.0110885 2 2 2
0.00412711 -0.00891709 -0.00891709 2 2 2
0.00283515 -0.00637267 -0.00637267 2 2 2
0.00201936 -0.00464358 -0.00464358 2 2 2
0.00118501 -0.00277757 -0.00277757 2 2 2
0.000390306 -0.000908636 -0.000908636 2 2 2
-0.000444401 0.00115028 0.00115028 2 2 2
-0.00131808 0.00341029 0.00341029 2 2 2
-0.00223527 0.00589801 0.00589801 2 2 2
-0.00321824 0.00869446 0.00869446 2 2 2
-0.00415087 0.0114719 0.0114719 2 2 2
-0.00513235 0.0145249 0.0145249 2 2 2
-0.00616508 0.0178805 0.0178805 2 2 2
-0.00764008 0.022926 0.022926 2 2 2
-0.0091633 0.0284459 0.0284459 2 2 2
-0.0107317 0.0344541 0.0344541 2 2 2
-0.0122457 0.0405619 0.0405619 2 2 2
-0.0136779 0.0466114 0.0466114 2 2 2
-0.0150693 0.0527337 0.0527337 2 2 2
-0.0163751 0.0586957 0.0586957 2 2 2
-0.0176195 0.0645652 0.0645652 2 2 2
-0.0182151 0.0674914 0.0674914 2 2 2
-0.0188715 0.0707392 0.0707392 2 2 2
-0.019636 0.0745578 0.0745578 2 2 2
0.0251099 -0.0156415 -0.0156415 2 2 2
0.0256576 -0.0149225 -0.0149225 2 2 2
0.0264111 -0.0138585 -0.0138585 2 2 2
0.0274082 -0.0123171 -0.0123171 2 2 2
0.0284841 -0.0104844 -0.0104844 2 2 2
0.0300047 -0.00759467 -0.00759467 2 2 2
0.032078 -0.0030913 -0.0030913 2 2 2
0.0339722 0.00158782 0.00158782 2 2 2
0.0365607 0.00884613 0.00884613 2 2 2
0.0391261 0.0170142 0.0170142 2 2 2
0.0416672 0.0260486 0.0260486 2 2 2
0.0440099 0.0351977 0.0351977 2 2 2
0.0461957 0.0444325 0.0444325 2 2 2
0.0482533 0.0537323 0.0537323 2 2 2
0.0502024 0.0630765 0.0630765 2 2 2
0.0520593 0.0724548 0.0724548 2 2 2
0.0538378 0.081867 0.081867 2 2 2
0.0555477 0.0913062 0.0913062 2 2 2
0.0571964 0.100764 0.100764 2 2 2
0.0587898 0.110233 0.110233 2 2 2
0.060338 0.119738 0.119738 2 2 2
0.0618422 0.129258 0.129258 2 2 2
0.0633071 0.138794 0.138794 2 2 2
0.0647362 0.148347 0.148347 2 2 2
0.0661327 0.15792 0.15792 2 2 2
0.067498 0.167489 0.167489 2 2 2
0.0688326 0.177051 0.177051 2 2 2
0.0701412 0.18662 0.18662 2 2 2
0.0714332 0.196283 0.196283 2 2 2
0.0726956 0.205908 0.205908 2 2 2
0.0539324 -0.00503574 -0.00503574 2 2 2
0.0539436 -0.0052305 -0.0052305 2 2 2
0.0539603 -0.00551869 -0.00551869 2 2 2
0.0539838 -0.00595142 -0.00595142 2 2 2
0.0540164 -0.00660027 -0.00660027 2 2 2
0.0540595 -0.00757134 -0.00757134 2 2 2
0.0541087 -0.00902898 -0.00902898 2 2 2
0.0541416 -0.0109586 -0.0109586 2 2 2
0.0541397 -0.0128906 -0.0128906 2 2 2
0.0541188 -0.0147784 -0.0147784 2 2 2
0.0540676 -0.0166515 -0.0166515 2 2 2
0.0539843 -0.0185136 -0.0185136 2 2 2
0.0538651 -0.0203739 -0.0203739 2 2 2
0.0537331 -0.0221725 -0.0221725 2 2 2
0.0535625 -0.0239754 -0.0239754 2 2 2
0.0531944 -0.0261782 -0.0261782 2 2 2
0.0527836 -0.0283772 -0.0283772 2 2 2
0.0413138 -0.00629564 -0.00629564 2 2 2
0.0412778 -0.00658383 -0.00658383 2 2 2
0.0412235 -0.00701352 -0.00701352 2 2 2
0.0411412 -0.00765784 -0.00765784 2 2 2
0.0410154 -0.00862431 -0.00862431 2 2 2
0.0408211 -0.0100737 -0.0100737 2 2 2
0.0405151 -0.012248 -0.012248 2 2 2
0.0400843 -0.0151038 -0.0151038 2 2 2
0.03961 -0.0179571 -0.0179571 2 2 2
0.0391153 -0.0207457 -0.0207457 2 2 2
0.0384892 -0.0236403 -0.0236403 2 2 2
0.0377665 -0.0265329 -0.0265329 2 2 2
0.0369305 -0.0294033 -0.0294033 2 2 2
0.0359334 -0.0322543 -0.0322543 2 2 2
0.034542 -0.0352262 -0.0352262 2 2 2
0.0325915 -0.0381799 -0.0381799 2 2 2
0.0291231 -0.0409183 -0.0409183 2 2 2
0.0311388 -0.0409915 -0.0409915 2 2 2
0.0323066 -0.0409997 -0.0409997 2 2 2
0.0334232 -0.0410054 -0.0410054 2 2 2
0.0346601 -0.0412049 -0.0412049 2 2 2
0.0359063 -0.0414146 -0.0414146 2 2 2
0.0371645 -0.0416458 -0.0416458 2 2 2
0.0383044 -0.041898 -0.041898 2 2 2
0.0393532 -0.0421598 -0.0421598 2 2 2
0.0403925 -0.0423438 -0.0423438 2 2 2
0.0413576 -0.0425251 -0.0425251 2 2 2
0.0423133 -0.0426224 -0.0426224 2 2 2
0.0431879 -0.0427306 -0.0427306 2 2 2
0.043995 -0.0428368 -0.0428368 2 2 2
0.0447366 -0.042943 -0.042943 2 2 2
0.045432 -0.0430219 -0.0430219 2 2 2
0.0460555 -0.0431177 -0.0431177 2 2 2
0.0466031 -0.043242 -0.043242 2 2 2
0.0470756 -0.0433992 -0.0433992 2 2 2
0.0474638 -0.0436106 -0.0436106 2 2 2
0.0478396 -0.0437478 -0.0437478 2 2 2
0.0482949 -0.043632 -0.043632 2 2 2
0.0486556 -0.0435863 -0.0435863 2 2 2
0.0507024 -0.039846 -0.039846 2 2 2
0.0518322 -0.0376662 -0.0376662 2 2 2
0.0500704 -0.0420795 -0.0420795 2 2 2
0.0493535 -0.0438427 -0.0438427 2 2 2
0.0466025 -0.0492567 -0.0492567 2 2 2
0.043692 -0.053867 -0.053867 2 2 2
0.0405105 -0.0576328 -0.0576328 2 2 2
0.0371568 -0.060186 -0.060186 2 2 2
0.0319206 -0.0613033 -0.0613033 2 2 2
0.0527836 -0.0283772 -0.0283772 2 2 2
0.0528265 -0.0281574 -0.0281574 2 2 2
0.0528895 -0.0278301 -0.0278301 2 2 2
0.052982 -0.0273397 -0.0273397 2 2 2
0.053117 -0.0266027 -0.0266027 2 2 2
0.0533091 -0.0255001 -0.0255001 2 2 2
0.0535775 -0.0238433 -0.0238433 2 2 2
0.0538854 -0.0216826 -0.0216826 2 2 2
0.0541524 -0.0195217 -0.0195217 2 2 2
0.0543842 -0.0173493 -0.0173493 2 2 2
0.0545686 -0.0151993 -0.0151993 2 2 2
0.0547183 -0.0130393 -0.0130393 2 2 2
0.0548299 -0.0108801 -0.0108801 2 2 2
0.0549062 -0.00871564 -0.00871564 2 2 2
0.0549457 -0.00655246 -0.00655246 2 2 2
0.0549406 -0.00441616 -0.00441616 2 2 2
0.0548545 -0.00241678 -0.00241678 2 2 2
0.0547359 -0.000422412 -0.000422412 2 2 2
0.0545715 0.00152114 0.00152114 2 2 2
0.0543785 0.00345649 0.00345649 2 2 2
0.0541596 0.00538285 0.00538285 2 2 2
0.0539153 0.00729199 0.00729199 2 2 2
0.0536423 0.00916127 0.00916127 2 2 2
0.053354 0.0110215 0.0110215 2 2 2
0.0530555 0.0128764 0.0128764 2 2 2
0.0503895 0.00732566 0.00732566 2 2 2
0.0482402 0.00301774 0.00301774 2 2 2
0.0460175 -0.00126441 -0.00126441 2 2 2
0.043698 -0.00553343 -0.00553343 2 2 2
0.0412514 -0.0097873 -0.0097873 2 2 2
0.0386273 -0.0140257 -0.0140257 2 2 2
0.0357445 -0.0182273 -0.0182273 2 2 2
0.0324103 -0.0224 -0.0224 2 2 2
0.0280361 -0.0265503 -0.0265503 2 2 2
0.0412514 -0.0097873 -0.0097873 2 2 2
0.0415036 -0.00936153 -0.00936153 2 2 2
0.0418776 -0.00872396 -0.00872396 2 2 2
0.0422468 -0.00825577 -0.00825577 2 2 2
0.0424959 -0.00793864 -0.00793864 2 2 2
0.0428683 -0.00746281 -0.00746281 2 2 2
0.0434222 -0.00675365 -0.00675365 2 2 2
0.0442344 -0.00572522 -0.00572522 2 2 2
0.0452997 -0.00435747 -0.00435747 2 2 2
0.0463554 -0.00298981 -0.00298981 2 2 2
0.047405 -0.00161349 -0.00161349 2 2 2
0.0484447 -0.000241106 -0.000241106 2 2 2
0.0494919 0.00118199 0.00118199 2 2 2
0.0505196 0.00257086 0.00257086 2 2 2
0.0514488 0.00365592 0.00365592 2 2 2
0.0523751 0.00475129 0.00475129 2 2 2
0.0533 0.00586443 0.00586443 2 2 2
0.0542746 0.00717934 0.00717934 2 2 2
0.0552475 0.00852757 0.00852757 2 2 2
0.0562168 0.00990727 0.00990727 2 2 2
0.0571635 0.0112523 0.0112523 2 2 2
0.0580925 0.0125837 0.0125837 2 2 2
0.0590016 0.013897 0.013897 2 2 2
0.0598918 0.0152 0.0152 2 2 2
0.0607544 0.0164615 0.0164615 2 2 2
0.0616027 0.0177395 0.0177395 2 2 2
0.0624297 0.0190101 0.0190101 2 2 2
0.0631943 0.0201062 0.0201062 2 2 2
0.0639483 0.0212444 0.0212444 2 2 2
0.0647091 0.0225048 0.0225048 2 2 2
0.0654496 0.0237801 0.0237801 2 2 2
0.0661616 0.025037 0.025037 2 2 2
0.0669027 0.0265363 0.0265363 2 2 2
0.0675931 0.0279281 0.0279281 2 2 2
0.0681902 0.0290133 0.0290133 2 2 2
0.0687941 0.0302485 0.0302485 2 2 2
0.0693845 0.0315457 0.0315457 2 2 2
0.0698478 0.0323659 0.0323659 2 2 2
0.07031 0.0333007 0.0333007 2 2 2
0.0707188 0.0341007 0.0341007 2 2 2
0.0711469 0.0351149 0.0351149 2 2 2
0.0713333 0.0350664 0.0350664 2 2 2
0.0714363 0.034725 0.034725 2 2 2
0.0712539 0.033105 0.033105 2 2 2
0.0718288 0.0352127 0.0352127 2 2 2
0.07002 0.0257401 0.0257401 2 2 2
0.0687377 0.0194203 0.0194203 2 2 2
0.0672347 0.0124094 0.0124094 2 2 2
0.0656139 0.00523224 0.00523224 2 2 2
0.0638732 -0.0020521 -0.0020521 2 2 2
0.0620087 -0.00937988 -0.00937988 2 2 2
0.0600102 -0.016696 -0.016696 2 2 2
0.0578612 -0.0239464 -0.0239464 2 2 2
0.0555344 -0.0310796 -0.0310796 2 2 2
0.0529867 -0.0380397 -0.0380397 2 2 2
0.0501657 -0.0447169 -0.0447169 2 2 2
0.0469858 -0.050958 -0.050958 2 2 2
0.0432876 -0.056523 -0.056523 2 2 2
0.03887 -0.0608271 -0.0608271 2 2 2
0.0339774 -0.0626991 -0.0626991 2 2 2
0.0313538 -0.0624739 -0.0624739 2 2 2
0.0283115 -0.0611628 -0.0611628 2 2 2
0.0253184 -0.0587984 -0.0587984 2 2 2
0.0211856 -0.0538305 -0.0538305 2 2 2
0.0164899 -0.0458381 -0.0458381 2 2 2
0.0124821 -0.0371866 -0.0371866 2 2 2
0.00958012 -0.0298885 -0.0298885 2 2 2
0.00666438 -0.0217081 -0.0217081 2 2 2
0.00399982 -0.0135115 -0.0135115 2 2 2
0.00152277 -0.00529138 -0.00529138 2 2 2
-0.000815979 0.00298568 0.00298568 2 2 2
-0.0030667 0.0114102 0.0114102 2 2 2
-0.00513969 0.0195566 0.0195566 2 2 2
-0.00611625 0.0235195 0.0235195 2 2 2
-0.00708136 0.027513 0.027513 2 2 2
-0.00806052 0.0316418 0.0316418 2 2 2
-0.00899569 0.0356566 0.0356566 2 2 2
-0.00922654 0.0366568 0.0366568 2 2 2
0.0784538 0.0776745 0.0776745 2 2 2
0.0784209 0.0775654 0.0775654 2 2 2
0.0783722 0.077407 0.077407 2 2 2
0.0782982 0.0771694 0.0771694 2 2 2
0.0781854 0.0768157 0.0768157 2 2 2
0.0780113 0.0762871 0.0762871 2 2 2
0.0777394 0.0754989 0.0754989 2 2 2
0.0773629 0.0744812 0.0744812 2 2 2
0.076978 0.0735642 0.0735642 2 2 2
0.0765614 0.0726001 0.0726001 2 2 2
0.0761234 0.0716523 0.0716523 2 2 2
0.0756636 0.0707156 0.0707156 2 2 2
0.0751801 0.0697766 0.0697766 2 2 2
0.0746742 0.0688392 0.0688392 2 2 2
0.0741466 0.0679047 0.0679047 2 2 2
0.0735981 0.0669735 0.0669735 2 2 2
0.0718288 0.0352127 0.0352127 2 2 2
0.07177 0.0348695 0.0348695 2 2 2
0.0716832 0.0343654 0.0343654 2 2 2
0.0715492 0.0335953 0.0335953 2 2 2
0.0713408 0.0324153 0.0324153 2 2 2
0.0711244 0.0311904 0.0311904 2 2 2
0.0708755 0.0297352 0.0297352 2 2 2
0.0703033 0.0266714 0.0266714 2 2 2
0.0692525 0.0214311 0.0214311 2 2 2
0.0680572 0.0157294 0.0157294 2 2 2
0.0667569 0.00978414 0.00978414 2 2 2
0.065367 0.00370562 0.00370562 2 2 2
0.0638924 -0.0024415 -0.0024415 2 2 2
0.0623314 -0.00861496 -0.00861496 2 2 2
0.060677 -0.0147853 -0.0147853 2 2 2
0.058919 -0.0209242 -0.0209242 2 2 2
0.060677 -0.0147853 -0.0147853 2 2 2
0.0608462 -0.0141715 -0.0141715 2 2 2
0.0610337 -0.0134872 -0.0134872 2 2 2
0.0612192 -0.0128051 -0.0128051 2 2 2
0.0614189 -0.0120651 -0.0120651 2 2 2
0.061636 -0.0112545 -0.0112545 2 2 2
0.061958 -0.0100393 -0.0100393 2 2 2
0.0624339 -0.00821695 -0.00821695 2 2 2
0.0631315 -0.00548768 -0.00548768 2 2 2
0.0638766 -0.00249624 -0.00249624 2 2 2
0.0649511 0.00195793 0.00195793 2 2 2
0.0660697 0.0067752 0.0067752 2 2 2
0.0673381 0.0124723 0.0124723 2 2 2
0.0684296 0.0176183 0.0176183 2 2 2
0.069025 0.0207458 0.0207458 2 2 2
0.0696821 0.0239765 0.0239765 2 2 2
0.0703009 0.0271027 0.0271027 2 2 2
0.0711462 0.0315169 0.0315169 2 2 2
0.0709617 0.0315521 0.0315521 2 2 2
0.0711944 0.0335755 0.0335755 2 2 2
0.0720014 0.0384313 0.0384313 2 2 2
0.0727538 0.0431418 0.0431418 2 2 2
0.0734869 0.0479166 0.0479166 2 2 2
0.07415 0.0525209 0.0525209 2 2 2
0.0747899 0.0571654 0.0571654 2 2 2
0.0754832 0.0622035 0.0622035 2 2 2
0.0761527 0.0672756 0.0672756 2 2 2
0.0767946 0.0723658 0.0723658 2 2 2
0.0774144 0.0774988 0.0774988 2 2 2
0.078013 0.0826778 0.0826778 2 2 2
0.0785918 0.0879084 0.0879084 2 2 2
0.0791342 0.0931153 0.0931153 2 2 2
0.0796326 0.0982651 0.0982651 2 2 2
0.0801287 0.103544 0.103544 2 2 2
0.0805861 0.108788 0.108788 2 2 2
0.0810091 0.114017 0.114017 2 2 2
0.0814 0.119239 0.119239 2 2 2
0.0817594 0.124456 0.124456 2 2 2
0.0820909 0.12968 0.12968 2 2 2
0.082395 0.13491 0.13491 2 2 2
0.0826728 0.140149 0.140149 2 2 2
0.0829232 0.145385 0.145385 2 2 2
0.0831498 0.150627 0.150627 2 2 2
0.0833522 0.155867 0.155867 2 2 2
0.08353 0.161097 0.161097 2 2 2
0.0836844 0.166313 0.166313 2 2 2
0.0838195 0.171524 0.171524 2 2 2
0.0839383 0.17673 0.17673 2 2 2
0.0840421 0.181931 0.181931 2 2 2
0.0841356 0.187139 0.187139 2 2 2
0.0842164 0.192333 0.192333 2 2 2
0.0842838 0.197501 0.197501 2 2 2
0.0843463 0.202662 0.202662 2 2 2
0.0843932 0.207767 0.207767 2 2 2
0.0844342 0.212848 0.212848 2 2 2
0.0842024 0.216612 0.216612 2 2 2
